izn          menc_Msun       radius_cm         tau3keV         tau6keV         tau1keV         tau2keV         tau5keV        tau10keV        tau20keV        tau50keV       tau100keV       tau200keV       tau500keV       tau847keV      tau1000keV      tau1238keV      tau2000keV
0         4.720683e-08    2.160000e+12    2.372094e+01    3.899439e+01    6.225611e+00    1.601741e+01    3.447179e+01    5.309558e+01    6.967790e+01    7.720621e+01    7.208854e+01    6.089922e+01    4.374732e+01    3.464751e+01    3.202075e+01    2.876661e+01    2.220336e+01
1         5.209976e-07    4.453056e+12    2.348121e+01    3.860904e+01    6.162277e+00    1.585433e+01    3.412919e+01    5.257566e+01    6.900182e+01    7.646520e+01    7.140011e+01    6.031946e+01    4.333153e+01    3.431832e+01    3.171653e+01    2.849333e+01    2.199245e+01
2         7.531176e-05    2.381184e+13    2.315215e+01    3.808010e+01    6.075341e+00    1.563048e+01    3.365893e+01    5.186201e+01    6.807380e+01    7.544804e+01    7.045514e+01    5.952367e+01    4.276079e+01    3.386645e+01    3.129894e+01    2.811820e+01    2.170293e+01
3         2.241859e-04    4.515264e+13    2.059466e+01    3.396907e+01    5.399661e+00    1.389071e+01    3.000394e+01    4.631537e+01    6.086110e+01    6.754256e+01    6.311068e+01    5.333860e+01    3.832492e+01    3.035444e+01    2.805336e+01    2.520266e+01    1.945280e+01
4         6.187699e-04    6.645888e+13    1.963641e+01    3.242873e+01    5.146495e+00    1.323885e+01    2.863448e+01    4.423713e+01    5.815862e+01    6.458051e+01    6.035884e+01    5.102116e+01    3.666287e+01    2.903854e+01    2.683729e+01    2.411026e+01    1.860971e+01
5         1.078353e-03    8.513856e+13    1.864778e+01    3.083956e+01    4.885303e+00    1.256631e+01    2.722160e+01    4.209301e+01    5.537046e+01    6.152455e+01    5.751975e+01    4.863025e+01    3.494813e+01    2.768093e+01    2.558267e+01    2.298322e+01    1.773989e+01
6         2.659219e-03    1.097798e+14    1.801923e+01    2.982919e+01    4.719241e+00    1.213873e+01    2.632331e+01    4.072981e+01    5.359779e+01    5.958161e+01    5.571470e+01    4.711014e+01    3.385792e+01    2.681778e+01    2.478501e+01    2.226667e+01    1.718687e+01
7         4.488850e-03    1.371859e+14    1.671174e+01    2.772747e+01    4.373807e+00    1.124929e+01    2.445474e+01    3.789415e+01    4.991038e+01    5.554002e+01    5.195993e+01    4.394810e+01    3.159013e+01    2.502231e+01    2.312574e+01    2.077613e+01    1.603652e+01
8         8.964167e-03    1.745280e+14    1.576797e+01    2.621041e+01    4.124466e+00    1.060727e+01    2.310597e+01    3.584732e+01    4.724873e+01    5.262272e+01    4.924966e+01    4.166567e+01    2.995319e+01    2.372630e+01    2.192805e+01    1.970024e+01    1.520617e+01
9         1.784998e-02    2.125440e+14    1.431988e+01    2.388268e+01    3.741887e+00    9.622188e+00    2.103647e+01    3.270673e+01    4.316479e+01    4.814653e+01    4.509113e+01    3.816360e+01    2.744154e+01    2.173775e+01    2.009036e+01    1.804942e+01    1.393211e+01
10        2.799012e-02    2.740608e+14    1.245232e+01    2.088067e+01    3.248484e+00    8.351748e+00    1.836748e+01    2.865639e+01    3.789785e+01    4.237369e+01    3.972797e+01    3.364707e+01    2.420232e+01    1.917316e+01    1.772033e+01    1.592040e+01    1.228899e+01
11        3.573537e-02    2.977344e+14    1.110665e+01    1.871758e+01    2.892964e+00    7.436339e+00    1.644435e+01    2.573793e+01    3.410275e+01    3.821407e+01    3.586355e+01    3.039268e+01    2.186830e+01    1.732525e+01    1.601261e+01    1.438633e+01    1.110503e+01
12        4.388573e-02    3.326400e+14    1.035873e+01    1.751534e+01    2.695368e+00    6.927557e+00    1.537547e+01    2.411584e+01    3.199343e+01    3.590214e+01    3.371568e+01    2.858387e+01    2.057104e+01    1.629817e+01    1.506344e+01    1.353369e+01    1.044699e+01
13        4.961839e-02    3.478464e+14    9.711479e+00    1.647489e+01    2.524366e+00    6.487253e+00    1.445045e+01    2.271206e+01    3.016798e+01    3.390134e+01    3.185687e+01    2.701848e+01    1.944836e+01    1.540931e+01    1.424201e+01    1.279579e+01    9.877495e+00
14        5.603555e-02    3.706560e+14    9.320480e+00    1.584637e+01    2.421066e+00    6.221271e+00    1.389166e+01    2.186405e+01    2.906523e+01    3.269266e+01    3.073396e+01    2.607283e+01    1.877014e+01    1.487235e+01    1.374579e+01    1.235002e+01    9.533465e+00
15        6.230036e-02    3.815424e+14    8.927969e+00    1.521541e+01    2.317366e+00    5.954261e+00    1.333069e+01    2.101273e+01    2.795819e+01    3.147927e+01    2.960666e+01    2.512348e+01    1.808928e+01    1.433328e+01    1.324762e+01    1.190252e+01    9.188090e+00
16        6.878357e-02    4.041792e+14    8.578276e+00    1.465326e+01    2.224979e+00    5.716381e+00    1.283091e+01    2.025426e+01    2.697185e+01    3.039816e+01    2.860226e+01    2.427763e+01    1.748264e+01    1.385299e+01    1.280376e+01    1.150379e+01    8.880364e+00
17        7.543748e-02    4.136832e+14    8.246696e+00    1.412022e+01    2.137378e+00    5.490823e+00    1.235702e+01    1.953505e+01    2.603658e+01    2.937301e+01    2.764985e+01    2.347555e+01    1.690739e+01    1.339755e+01    1.238287e+01    1.112570e+01    8.588565e+00
18        8.230894e-02    4.358016e+14    7.932623e+00    1.361529e+01    2.054403e+00    5.277180e+00    1.190811e+01    1.885372e+01    2.515053e+01    2.840176e+01    2.674748e+01    2.271561e+01    1.636236e+01    1.296603e+01    1.198409e+01    1.076747e+01    8.312094e+00
19        8.879927e-02    4.461696e+14    7.632077e+00    1.313207e+01    1.975002e+00    5.072740e+00    1.147853e+01    1.820169e+01    2.430256e+01    2.747223e+01    2.588387e+01    2.198831e+01    1.584073e+01    1.255304e+01    1.160243e+01    1.042463e+01    8.047492e+00
20        9.550118e-02    4.653504e+14    7.368749e+00    1.270866e+01    1.905435e+00    4.893621e+00    1.110212e+01    1.763034e+01    2.355947e+01    2.665763e+01    2.512703e+01    2.135090e+01    1.538358e+01    1.219110e+01    1.126795e+01    1.012416e+01    7.815596e+00
21        1.046808e-01    4.771008e+14    7.115464e+00    1.230073e+01    1.838536e+00    4.721409e+00    1.073964e+01    1.707944e+01    2.284241e+01    2.587085e+01    2.439571e+01    2.073484e+01    1.494168e+01    1.184122e+01    1.094461e+01    9.833697e+00    7.591426e+00
22        1.138890e-01    5.007744e+14    6.791774e+00    1.177896e+01    1.753051e+00    4.501377e+00    1.027611e+01    1.637448e+01    2.192444e+01    2.486311e+01    2.345881e+01    1.994549e+01    1.437543e+01    1.139289e+01    1.053029e+01    9.461498e+00    7.304169e+00
23        1.231733e-01    5.151168e+14    6.491585e+00    1.129434e+01    1.673790e+00    4.297403e+00    9.845764e+00    1.571923e+01    2.107057e+01    2.392497e+01    2.258627e+01    1.921019e+01    1.384790e+01    1.097519e+01    1.014427e+01    9.114735e+00    7.036541e+00
24        1.326445e-01    5.360256e+14    6.217283e+00    1.084823e+01    1.601438e+00    4.111388e+00    9.450422e+00    1.511386e+01    2.027884e+01    2.305155e+01    2.177241e+01    1.852356e+01    1.335499e+01    1.058487e+01    9.783553e+00    8.790682e+00    6.786432e+00
25        1.448927e-01    5.533056e+14    5.957482e+00    1.042485e+01    1.532931e+00    3.935302e+00    9.075438e+00    1.453878e+01    1.952602e+01    2.222015e+01    2.099732e+01    1.786944e+01    1.288536e+01    1.021296e+01    9.439848e+00    8.481913e+00    6.548118e+00
26        1.572242e-01    5.755968e+14    5.646165e+00    9.916692e+00    1.450858e+00    3.724394e+00    8.625561e+00    1.384797e+01    1.862100e+01    2.121978e+01    2.006433e+01    1.708187e+01    1.231983e+01    9.765105e+00    9.025950e+00    8.110085e+00    6.261131e+00
27        1.697169e-01    6.004800e+14    5.361915e+00    9.448538e+00    1.376016e+00    3.532293e+00    8.212120e+00    1.320880e+01    1.778007e+01    2.028584e+01    1.919142e+01    1.634406e+01    1.178968e+01    9.345210e+00    8.637885e+00    7.761454e+00    5.992039e+00
28        1.823643e-01    6.139584e+14    5.103393e+00    9.018915e+00    1.308035e+00    3.358012e+00    7.833634e+00    1.261971e+01    1.700182e+01    1.941754e+01    1.837816e+01    1.565580e+01    1.129482e+01    8.953213e+00    8.275596e+00    7.435970e+00    5.740803e+00
29        1.907107e-01    6.379776e+14    4.863882e+00    8.617427e+00    1.245132e+00    3.196936e+00    7.480762e+00    1.206697e+01    1.626872e+01    1.859607e+01    1.760728e+01    1.500264e+01    1.082492e+01    8.580946e+00    7.931534e+00    7.126854e+00    5.502195e+00
30        1.993106e-01    6.448896e+14    4.718156e+00    8.371370e+00    1.206900e+00    3.099133e+00    7.264922e+00    1.172706e+01    1.581645e+01    1.808751e+01    1.712929e+01    1.459727e+01    1.053314e+01    8.349765e+00    7.717866e+00    6.934884e+00    5.354007e+00
31        2.077098e-01    6.637248e+14    4.577314e+00    8.132238e+00    1.169980e+00    3.004756e+00    7.055468e+00    1.139588e+01    1.537473e+01    1.758950e+01    1.666067e+01    1.419956e+01    1.024678e+01    8.122862e+00    7.508150e+00    6.746461e+00    5.208555e+00
32        2.161876e-01    6.725376e+14    4.446952e+00    7.909778e+00    1.135832e+00    2.917528e+00    6.860878e+00    1.108708e+01    1.496195e+01    1.712302e+01    1.622126e+01    1.382641e+01    9.978011e+00    7.909888e+00    7.311305e+00    6.569600e+00    5.072027e+00
33        2.247936e-01    6.884352e+14    4.322452e+00    7.696260e+00    1.103244e+00    2.834342e+00    6.674358e+00    1.079002e+01    1.456402e+01    1.667229e+01    1.579626e+01    1.346528e+01    9.717824e+00    7.703699e+00    7.120729e+00    6.398370e+00    4.939842e+00
34        2.333907e-01    6.977664e+14    4.202159e+00    7.488982e+00    1.071780e+00    2.754076e+00    6.493515e+00    1.050103e+01    1.417614e+01    1.623200e+01    1.538071e+01    1.311199e+01    9.463211e+00    7.501916e+00    6.934224e+00    6.230796e+00    4.810477e+00
35        2.420309e-01    7.145280e+14    4.087764e+00    7.290942e+00    1.041879e+00    2.677850e+00    6.320946e+00    1.022434e+01    1.380403e+01    1.580875e+01    1.498088e+01    1.277187e+01    9.218024e+00    7.307592e+00    6.754612e+00    6.069412e+00    4.685890e+00
36        2.507676e-01    7.248960e+14    3.978309e+00    7.100610e+00    1.013289e+00    2.605011e+00    6.155286e+00    9.957888e+00    1.344505e+01    1.539962e+01    1.459405e+01    1.244265e+01    8.980633e+00    7.119437e+00    6.580700e+00    5.913149e+00    4.565254e+00
37        2.646089e-01    7.432128e+14    3.872983e+00    6.916655e+00    9.857951e-01    2.535010e+00    5.995361e+00    9.699870e+00    1.309680e+01    1.500197e+01    1.421778e+01    1.212225e+01    8.749548e+00    6.936271e+00    6.411398e+00    5.761026e+00    4.447813e+00
38        2.787225e-01    7.636032e+14    3.714591e+00    6.638683e+00    9.444798e-01    2.429891e+00    5.754004e+00    9.309157e+00    1.256842e+01    1.439741e+01    1.364520e+01    1.163444e+01    8.397619e+00    6.657305e+00    6.153545e+00    5.529335e+00    4.268941e+00
39        2.927237e-01    7.810560e+14    3.563620e+00    6.372155e+00    9.051360e-01    2.329873e+00    5.522941e+00    8.933562e+00    1.205929e+01    1.381341e+01    1.309150e+01    1.116241e+01    8.056967e+00    6.387260e+00    5.903935e+00    5.305047e+00    4.095782e+00
40        3.067863e-01    8.057664e+14    3.423160e+00    6.122775e+00    8.685635e-01    2.236979e+00    5.307062e+00    8.581271e+00    1.158067e+01    1.326313e+01    1.256924e+01    1.071692e+01    7.735374e+00    6.132308e+00    5.668274e+00    5.093291e+00    3.932295e+00
41        3.153916e-01    8.161344e+14    3.291198e+00    5.887296e+00    8.342309e-01    2.149838e+00    5.103482e+00    8.247895e+00    1.112686e+01    1.274031e+01    1.207260e+01    1.029306e+01    7.429315e+00    5.889658e+00    5.443982e+00    4.891748e+00    3.776690e+00
42        3.239460e-01    8.337600e+14    3.214692e+00    5.750217e+00    8.143390e-01    2.099381e+00    4.985097e+00    8.053490e+00    1.086181e+01    1.243445e+01    1.178186e+01    1.004483e+01    7.250030e+00    5.747512e+00    5.312589e+00    4.773680e+00    3.685534e+00
43        3.324567e-01    8.404992e+14    3.141661e+00    5.619035e+00    7.953579e-01    2.051251e+00    4.871878e+00    7.867253e+00    1.060765e+01    1.214087e+01    1.150267e+01    9.806394e+00    7.077804e+00    5.610959e+00    5.186366e+00    4.660258e+00    3.597962e+00
44        3.410041e-01    8.582976e+14    3.071565e+00    5.492794e+00    7.771473e-01    2.005094e+00    4.762996e+00    7.687829e+00    1.036254e+01    1.185745e+01    1.123302e+01    9.576054e+00    6.911403e+00    5.479020e+00    5.064407e+00    4.550667e+00    3.513349e+00
45        3.496075e-01    8.660736e+14    3.003587e+00    5.370081e+00    7.594934e-01    1.960364e+00    4.657220e+00    7.513248e+00    1.012384e+01    1.158119e+01    1.097008e+01    9.351390e+00    6.749083e+00    5.350315e+00    4.945437e+00    4.443761e+00    3.430808e+00
46        3.581894e-01    8.817984e+14    2.937526e+00    5.250575e+00    7.423433e-01    1.916924e+00    4.554265e+00    7.343080e+00    9.890989e+00    1.131147e+01    1.071328e+01    9.131926e+00    6.590504e+00    5.224573e+00    4.829205e+00    4.339315e+00    3.350165e+00
47        3.667499e-01    8.895744e+14    2.873698e+00    5.134886e+00    7.257777e-01    1.874976e+00    4.454647e+00    7.178212e+00    9.665226e+00    1.104978e+01    1.046404e+01    8.918881e+00    6.436548e+00    5.102495e+00    4.716360e+00    4.237912e+00    3.271872e+00
48        3.750346e-01    9.054720e+14    2.812002e+00    5.022844e+00    7.097705e-01    1.834455e+00    4.358217e+00    7.018415e+00    9.446248e+00    1.079576e+01    1.022203e+01    8.711982e+00    6.287021e+00    4.983925e+00    4.606759e+00    4.139423e+00    3.195829e+00
49        3.902739e-01    9.180864e+14    2.754106e+00    4.917523e+00    6.947533e-01    1.796449e+00    4.267611e+00    6.868094e+00    9.240125e+00    1.055649e+01    9.994016e+00    8.517015e+00    6.146105e+00    4.872183e+00    4.503467e+00    4.046604e+00    3.124163e+00
50        4.048997e-01    9.443520e+14    2.651500e+00    4.730434e+00    6.681492e-01    1.729144e+00    4.106756e+00    6.600815e+00    8.873310e+00    1.013033e+01    9.587738e+00    8.169546e+00    5.894936e+00    4.673009e+00    4.319355e+00    3.881158e+00    2.996421e+00
51        4.201812e-01    9.585216e+14    2.557721e+00    4.558966e+00    6.438479e-01    1.667685e+00    3.959431e+00    6.355585e+00    8.536431e+00    9.738548e+00    9.214082e+00    7.849894e+00    5.663847e+00    4.489753e+00    4.149957e+00    3.728934e+00    2.878886e+00
52        4.346103e-01    9.851328e+14    2.464384e+00    4.387887e+00    6.196769e-01    1.606568e+00    3.812527e+00    6.110694e+00    8.199749e+00    9.346667e+00    8.840194e+00    7.529976e+00    5.432540e+00    4.306321e+00    3.980395e+00    3.576561e+00    2.761236e+00
53        4.435754e-01    9.972288e+14    2.380320e+00    4.233482e+00    5.979204e-01    1.551566e+00    3.680008e+00    5.889506e+00    7.895450e+00    8.992226e+00    8.501924e+00    7.240482e+00    5.223211e+00    4.140314e+00    3.826941e+00    3.438663e+00    2.654761e+00
54        4.524555e-01    1.014509e+15    2.330284e+00    4.141434e+00    5.849768e-01    1.518848e+00    3.601035e+00    5.757574e+00    7.713856e+00    8.780598e+00    8.299907e+00    7.067571e+00    5.098173e+00    4.041152e+00    3.735277e+00    3.356291e+00    2.591159e+00
55        4.607864e-01    1.021939e+15    2.282269e+00    4.053016e+00    5.725601e-01    1.487463e+00    3.525195e+00    5.630799e+00    7.539306e+00    8.577111e+00    8.105633e+00    6.901274e+00    4.977912e+00    3.945778e+00    3.647114e+00    3.277065e+00    2.529987e+00
56        4.691676e-01    1.038874e+15    2.238407e+00    3.972164e+00    5.612206e-01    1.458803e+00    3.455860e+00    5.514835e+00    7.379592e+00    8.390861e+00    7.927791e+00    6.749029e+00    4.867809e+00    3.858459e+00    3.566397e+00    3.204530e+00    2.473980e+00
57        4.782464e-01    1.047168e+15    2.195400e+00    3.892820e+00    5.501053e-01    1.430710e+00    3.387832e+00    5.401000e+00    7.222771e+00    8.207931e+00    7.753099e+00    6.599470e+00    4.759645e+00    3.772676e+00    3.487101e+00    3.133271e+00    2.418959e+00
58        4.866133e-01    1.062893e+15    2.150016e+00    3.809023e+00    5.383790e-01    1.401075e+00    3.316000e+00    5.280743e+00    7.057060e+00    8.014581e+00    7.568434e+00    6.441363e+00    4.645294e+00    3.681987e+00    3.403268e+00    3.057936e+00    2.360790e+00
59        4.953515e-01    1.073779e+15    2.109206e+00    3.733613e+00    5.278371e-01    1.374434e+00    3.251368e+00    5.172495e+00    6.907866e+00    7.840460e+00    7.402118e+00    6.298956e+00    4.542295e+00    3.600300e+00    3.327758e+00    2.990079e+00    2.308396e+00
60        5.038872e-01    1.087949e+15    2.067706e+00    3.656873e+00    5.171198e-01    1.347351e+00    3.185607e+00    5.062312e+00    6.755971e+00    7.663146e+00    7.232735e+00    6.153915e+00    4.437387e+00    3.517100e+00    3.250847e+00    2.920965e+00    2.255030e+00
61        5.167221e-01    1.104192e+15    2.028160e+00    3.583697e+00    5.069097e-01    1.321550e+00    3.122911e+00    4.957223e+00    6.611071e+00    7.493963e+00    7.071104e+00    6.015504e+00    4.337273e+00    3.437700e+00    3.177450e+00    2.855007e+00    2.204102e+00
62        5.293631e-01    1.119744e+15    1.970431e+00    3.476793e+00    4.920090e-01    1.283897e+00    3.031331e+00    4.803659e+00    6.399286e+00    7.246625e+00    6.834784e+00    5.813122e+00    4.190882e+00    3.321598e+00    3.070126e+00    2.758561e+00    2.129632e+00
63        5.423567e-01    1.141344e+15    1.915291e+00    3.374595e+00    4.777818e-01    1.247946e+00    2.943800e+00    4.656817e+00    6.196721e+00    7.009991e+00    6.608665e+00    5.619462e+00    4.050796e+00    3.210495e+00    2.967423e+00    2.666268e+00    2.058368e+00
64        5.551301e-01    1.158451e+15    1.860553e+00    3.273060e+00    4.636625e-01    1.212268e+00    2.856852e+00    4.510892e+00    5.995379e+00    6.774731e+00    6.383836e+00    5.426894e+00    3.911495e+00    3.100014e+00    2.865295e+00    2.574491e+00    1.987504e+00
65        5.678792e-01    1.179533e+15    1.808615e+00    3.176651e+00    4.502697e-01    1.178426e+00    2.774306e+00    4.372305e+00    5.804126e+00    6.551213e+00    6.170210e+00    5.243912e+00    3.779125e+00    2.995030e+00    2.768247e+00    2.487280e+00    1.920164e+00
66        5.808353e-01    1.199578e+15    1.758522e+00    3.083607e+00    4.373568e-01    1.145796e+00    2.694653e+00    4.238533e+00    5.619488e+00    6.335385e+00    5.963916e+00    5.067202e+00    3.651289e+00    2.893640e+00    2.674523e+00    2.403055e+00    1.855130e+00
67        5.935844e-01    1.217030e+15    1.709418e+00    2.992346e+00    4.247022e-01    1.113818e+00    2.616535e+00    4.107303e+00    5.438334e+00    6.123596e+00    5.761469e+00    4.893780e+00    3.525828e+00    2.794135e+00    2.582540e+00    2.320394e+00    1.791304e+00
68        6.060591e-01    1.239840e+15    1.662633e+00    2.905352e+00    4.126488e-01    1.083358e+00    2.542077e+00    3.982193e+00    5.265607e+00    5.921630e+00    5.568401e+00    4.728385e+00    3.406172e+00    2.699233e+00    2.494812e+00    2.241558e+00    1.730431e+00
69        6.222196e-01    1.257120e+15    1.618385e+00    2.823034e+00    4.012518e-01    1.054556e+00    2.471628e+00    3.863794e+00    5.102131e+00    5.730457e+00    5.385641e+00    4.571815e+00    3.292899e+00    2.609393e+00    2.411764e+00    2.166927e+00    1.672805e+00
70        6.377325e-01    1.285805e+15    1.562931e+00    2.719827e+00    3.869727e-01    1.018468e+00    2.383310e+00    3.715338e+00    4.897136e+00    5.490707e+00    5.156429e+00    4.375445e+00    3.150829e+00    2.496713e+00    2.307603e+00    2.073323e+00    1.600529e+00
71        6.531381e-01    1.306541e+15    1.511650e+00    2.624342e+00    3.737719e-01    9.851028e-01    2.301606e+00    3.577979e+00    4.707448e+00    5.268835e+00    4.944300e+00    4.193705e+00    3.019342e+00    2.392427e+00    2.211200e+00    1.986690e+00    1.533635e+00
72        6.684412e-01    1.333670e+15    1.462677e+00    2.533120e+00    3.611690e-01    9.532465e-01    2.223556e+00    3.446744e+00    4.526209e+00    5.056828e+00    4.741596e+00    4.020035e+00    2.893692e+00    2.292769e+00    2.119076e+00    1.903903e+00    1.469712e+00
73        6.841289e-01    1.355962e+15    1.415803e+00    2.445780e+00    3.491096e-01    9.227616e-01    2.148830e+00    3.321089e+00    4.352668e+00    4.853814e+00    4.547485e+00    3.853724e+00    2.773364e+00    2.197333e+00    2.030855e+00    1.824623e+00    1.408495e+00
74        6.991308e-01    1.382918e+15    1.369518e+00    2.359513e+00    3.372050e-01    8.926650e-01    2.075026e+00    3.196977e+00    4.181256e+00    4.653281e+00    4.355742e+00    3.689439e+00    2.654502e+00    2.103059e+00    1.943708e+00    1.746308e+00    1.348025e+00
75        7.148173e-01    1.406419e+15    1.326846e+00    2.279963e+00    3.262326e-01    8.649226e-01    2.006970e+00    3.082528e+00    4.023189e+00    4.468356e+00    4.178921e+00    3.537937e+00    2.544888e+00    2.016120e+00    1.863341e+00    1.674086e+00    1.292258e+00
76        7.296348e-01    1.431130e+15    1.283709e+00    2.199555e+00    3.151636e-01    8.369001e-01    1.938160e+00    2.966952e+00    3.863689e+00    4.281855e+00    4.000630e+00    3.385191e+00    2.434377e+00    1.928470e+00    1.782318e+00    1.601275e+00    1.236037e+00
77        7.384454e-01    1.451347e+15    1.244339e+00    2.126156e+00    3.050635e-01    8.113275e-01    1.875349e+00    2.861455e+00    3.718103e+00    4.111622e+00    3.837892e+00    3.245768e+00    2.333506e+00    1.848466e+00    1.708361e+00    1.534814e+00    1.184719e+00
78        7.471127e-01    1.466554e+15    1.221653e+00    2.083859e+00    2.992449e-01    7.965938e-01    1.839153e+00    2.800663e+00    3.634212e+00    4.013531e+00    3.744119e+00    3.165430e+00    2.275382e+00    1.802366e+00    1.665746e+00    1.496518e+00    1.155149e+00
79        7.557563e-01    1.479686e+15    1.199876e+00    2.043253e+00    2.936599e-01    7.824512e-01    1.804405e+00    2.742302e+00    3.553677e+00    3.919362e+00    3.654096e+00    3.088304e+00    2.219582e+00    1.758109e+00    1.624835e+00    1.459753e+00    1.126761e+00
80        7.645501e-01    1.496275e+15    1.178578e+00    2.003539e+00    2.881979e-01    7.686203e-01    1.770420e+00    2.685221e+00    3.474904e+00    3.827253e+00    3.566040e+00    3.012863e+00    2.165001e+00    1.714819e+00    1.584818e+00    1.423791e+00    1.098993e+00
81        7.732437e-01    1.507680e+15    1.157353e+00    1.963955e+00    2.827533e-01    7.548357e-01    1.736549e+00    2.628319e+00    3.396369e+00    3.735411e+00    3.478238e+00    2.937637e+00    2.110575e+00    1.671652e+00    1.544914e+00    1.387932e+00    1.071304e+00
82        7.818658e-01    1.525478e+15    1.136784e+00    1.925588e+00    2.774737e-01    7.414747e-01    1.703724e+00    2.573146e+00    3.320198e+00    3.646314e+00    3.393050e+00    2.864649e+00    2.057767e+00    1.629768e+00    1.506196e+00    1.353138e+00    1.044438e+00
83        7.899225e-01    1.537920e+15    1.116825e+00    1.888344e+00    2.723438e-01    7.285038e-01    1.671867e+00    2.519549e+00    3.246158e+00    3.559670e+00    3.310194e+00    2.793652e+00    2.006397e+00    1.589024e+00    1.468533e+00    1.319292e+00    1.018304e+00
84        7.985691e-01    1.553818e+15    1.098620e+00    1.854353e+00    2.676534e-01    7.166633e-01    1.642807e+00    2.470570e+00    3.178424e+00    3.480343e+00    3.234310e+00    2.728621e+00    1.959341e+00    1.551701e+00    1.434031e+00    1.288287e+00    9.943630e-01
85        8.079366e-01    1.568506e+15    1.079506e+00    1.818657e+00    2.627166e-01    7.042202e-01    1.612300e+00    2.419075e+00    3.107140e+00    3.396800e+00    3.154372e+00    2.660106e+00    1.909762e+00    1.512377e+00    1.397679e+00    1.255619e+00    9.691384e-01
86        8.179097e-01    1.584403e+15    1.058921e+00    1.780435e+00    2.573951e-01    6.907951e-01    1.579588e+00    2.364062e+00    3.031143e+00    3.307914e+00    3.069394e+00    2.587308e+00    1.857096e+00    1.470607e+00    1.359067e+00    1.220920e+00    9.423458e-01
87        8.273126e-01    1.601683e+15    1.037163e+00    1.740240e+00    2.517654e-01    6.765813e-01    1.545143e+00    2.306329e+00    2.951532e+00    3.214974e+00    2.980610e+00    2.511284e+00    1.802109e+00    1.426997e+00    1.318755e+00    1.184694e+00    9.143743e-01
88        8.367806e-01    1.614816e+15    1.016792e+00    1.702822e+00    2.464895e-01    6.632489e-01    1.513031e+00    2.252712e+00    2.877750e+00    3.129020e+00    2.898572e+00    2.441073e+00    1.751340e+00    1.386735e+00    1.281537e+00    1.151249e+00    8.885507e-01
89        8.461851e-01    1.632442e+15    9.963444e-01    1.665507e+00    2.411885e-01    6.498397e-01    1.480956e+00    2.199385e+00    2.804541e+00    3.043938e+00    2.817449e+00    2.371688e+00    1.701183e+00    1.346961e+00    1.244770e+00    1.118210e+00    8.630407e-01
90        8.550618e-01    1.647648e+15    9.760358e-01    1.628729e+00    2.359170e-01    6.364895e-01    1.449280e+00    2.146991e+00    2.732818e+00    2.960827e+00    2.738304e+00    2.304043e+00    1.652302e+00    1.308201e+00    1.208942e+00    1.086015e+00    8.381830e-01
91        8.648939e-01    1.663891e+15    9.568268e-01    1.594250e+00    2.309240e-01    6.238276e-01    1.419516e+00    2.098056e+00    2.666055e+00    2.883730e+00    2.664995e+00    2.241440e+00    1.607084e+00    1.272349e+00    1.175803e+00    1.056236e+00    8.151914e-01
92        8.737440e-01    1.679616e+15    9.354131e-01    1.556198e+00    2.253491e-01    6.096692e-01    1.386583e+00    2.044281e+00    2.592972e+00    2.799675e+00    2.585208e+00    2.173376e+00    1.557947e+00    1.233394e+00    1.139795e+00    1.023880e+00    7.902111e-01
93        8.896015e-01    1.697242e+15    9.160947e-01    1.522154e+00    2.203133e-01    5.968640e-01    1.357056e+00    1.996344e+00    2.528038e+00    2.725249e+00    2.514666e+00    2.113250e+00    1.514560e+00    1.199001e+00    1.108004e+00    9.953150e-01    7.681576e-01
94        9.046597e-01    1.725581e+15    8.806210e-01    1.460688e+00    2.110423e-01    5.732325e-01    1.303508e+00    1.910434e+00    2.412461e+00    2.593734e+00    2.390407e+00    2.007538e+00    1.438350e+00    1.138600e+00    1.052176e+00    9.451525e-01    7.294324e-01
95        9.206303e-01    1.750464e+15    8.462169e-01    1.402129e+00    2.020270e-01    5.501952e-01    1.252250e+00    1.829240e+00    2.304049e+00    2.471364e+00    2.275199e+00    1.909733e+00    1.367916e+00    1.082789e+00    1.000592e+00    8.988058e-01    6.936550e-01
96        9.361180e-01    1.776384e+15    8.089004e-01    1.339813e+00    1.922212e-01    5.250725e-01    1.197423e+00    1.743599e+00    2.190658e+00    2.344542e+00    2.156287e+00    1.809033e+00    1.295488e+00    1.025411e+00    9.475623e-01    8.511630e-01    6.568797e-01
97        9.513030e-01    1.802304e+15    7.723583e-01    1.279606e+00    1.826003e-01    5.003792e-01    1.144258e+00    1.661384e+00    2.082473e+00    2.224370e+00    2.043958e+00    1.714083e+00    1.227260e+00    9.713730e-01    8.976201e-01    8.062958e-01    6.222487e-01
98        9.658515e-01    1.831680e+15    7.366236e-01    1.221260e+00    1.731799e-01    4.761719e-01    1.092608e+00    1.582057e+00    1.978533e+00    2.109462e+00    1.936782e+00    1.623608e+00    1.162292e+00    9.199230e-01    8.500714e-01    7.635800e-01    5.892794e-01
99        9.738664e-01    1.850688e+15    7.028253e-01    1.166404e+00    1.642626e-01    4.532395e-01    1.043968e+00    1.507691e+00    1.881371e+00    2.002394e+00    1.837066e+00    1.539507e+00    1.101929e+00    8.721238e-01    8.058972e-01    7.238965e-01    5.586515e-01
100       9.813692e-01    1.867968e+15    6.845762e-01    1.136847e+00    1.594463e-01    4.408504e-01    1.017745e+00    1.467664e+00    1.829127e+00    1.944890e+00    1.783539e+00    1.494376e+00    1.069542e+00    8.464787e-01    7.821972e-01    7.026060e-01    5.422194e-01
101       9.888321e-01    1.880064e+15    6.677570e-01    1.109642e+00    1.550066e-01    4.294278e-01    9.935996e-01    1.430846e+00    1.781105e+00    1.892072e+00    1.734390e+00    1.452945e+00    1.039813e+00    8.229393e-01    7.604432e-01    6.830637e-01    5.271367e-01
102       9.965635e-01    1.897344e+15    6.512559e-01    1.082970e+00    1.506505e-01    4.182193e-01    9.699223e-01    1.394760e+00    1.734051e+00    1.840338e+00    1.686258e+00    1.412376e+00    1.010704e+00    7.998906e-01    7.391427e-01    6.639289e-01    5.123686e-01
103       1.004756e+00    1.911168e+15    6.343985e-01    1.055736e+00    1.462000e-01    4.067673e-01    9.457434e-01    1.357925e+00    1.686033e+00    1.787559e+00    1.637161e+00    1.370996e+00    9.810147e-01    7.763830e-01    7.174182e-01    6.444132e-01    4.973066e-01
104       1.013115e+00    1.930176e+15    6.167971e-01    1.027316e+00    1.415527e-01    3.948079e-01    9.205075e-01    1.319496e+00    1.635951e+00    1.732530e+00    1.585978e+00    1.327863e+00    9.500684e-01    7.518801e-01    6.947739e-01    6.240713e-01    4.816069e-01
105       1.021507e+00    1.945728e+15    5.991205e-01    9.987867e-01    1.368852e-01    3.827961e-01    8.951714e-01    1.280927e+00    1.585697e+00    1.677324e+00    1.534637e+00    1.284598e+00    9.190293e-01    7.273039e-01    6.720619e-01    6.036685e-01    4.658603e-01
106       1.030064e+00    1.964736e+15    5.816649e-01    9.706263e-01    1.322759e-01    3.709331e-01    8.701600e-01    1.242865e+00    1.536115e+00    1.622868e+00    1.483998e+00    1.241929e+00    8.884186e-01    7.030670e-01    6.496635e-01    5.835475e-01    4.503312e-01
107       1.038422e+00    1.982016e+15    5.641615e-01    9.423995e-01    1.276537e-01    3.590364e-01    8.450870e-01    1.204720e+00    1.486434e+00    1.568317e+00    1.433276e+00    1.199192e+00    8.577597e-01    6.787922e-01    6.272300e-01    5.633951e-01    4.347778e-01
108       1.046840e+00    2.002752e+15    5.473518e-01    9.153042e-01    1.232144e-01    3.476098e-01    8.210159e-01    1.168113e+00    1.438767e+00    1.515990e+00    1.384628e+00    1.158206e+00    8.283581e-01    6.555130e-01    6.057168e-01    5.440693e-01    4.198625e-01
109       1.055287e+00    2.021760e+15    5.307096e-01    8.884970e-01    1.188189e-01    3.362950e-01    7.971962e-01    1.131908e+00    1.391638e+00    1.464275e+00    1.336556e+00    1.117709e+00    7.993096e-01    6.325137e-01    5.844621e-01    5.249759e-01    4.051266e-01
110       1.063788e+00    2.040768e+15    5.142853e-01    8.620686e-01    1.144804e-01    3.251254e-01    7.737062e-01    1.096232e+00    1.345224e+00    1.413373e+00    1.289255e+00    1.077868e+00    7.707335e-01    6.098887e-01    5.635535e-01    5.061934e-01    3.906306e-01
111       1.072765e+00    2.063232e+15    4.980226e-01    8.359188e-01    1.101853e-01    3.140645e-01    7.504583e-01    1.060951e+00    1.299344e+00    1.363084e+00    1.242533e+00    1.038521e+00    7.425133e-01    5.875459e-01    5.429056e-01    4.876452e-01    3.763156e-01
112       1.081702e+00    2.083968e+15    4.811676e-01    8.088165e-01    1.057374e-01    3.026046e-01    7.263609e-01    1.024400e+00    1.251833e+00    1.311023e+00    1.194172e+00    9.977961e-01    7.133066e-01    5.644222e-01    5.215362e-01    4.684488e-01    3.615004e-01
113       1.090993e+00    2.106432e+15    4.646446e-01    7.822021e-01    1.014050e-01    2.914027e-01    7.026878e-01    9.885944e-01    1.205396e+00    1.260220e+00    1.147011e+00    9.580921e-01    6.848348e-01    5.418807e-01    5.007048e-01    4.497359e-01    3.470583e-01
114       1.099793e+00    2.130624e+15    4.477611e-01    7.549786e-01    9.699539e-02    2.799763e-01    6.784669e-01    9.520233e-01    1.158031e+00    1.208451e+00    1.098973e+00    9.176558e-01    6.558397e-01    5.189252e-01    4.794910e-01    4.306794e-01    3.323511e-01
115       1.108856e+00    2.153088e+15    4.320656e-01    7.296437e-01    9.291222e-02    2.693725e-01    6.559209e-01    9.180400e-01    1.114079e+00    1.160459e+00    1.054457e+00    8.801903e-01    6.289766e-01    4.976579e-01    4.598373e-01    4.130244e-01    3.187255e-01
116       1.117776e+00    2.177280e+15    4.161603e-01    7.039260e-01    8.880132e-02    2.586581e-01    6.330251e-01    8.836265e-01    1.069671e+00    1.112046e+00    1.009581e+00    8.424322e-01    6.019067e-01    4.762272e-01    4.400327e-01    3.952339e-01    3.049955e-01
117       1.127102e+00    2.201472e+15    4.007433e-01    6.789494e-01    8.484589e-02    2.483065e-01    6.107792e-01    8.502958e-01    1.026770e+00    1.065360e+00    9.663401e-01    8.060604e-01    5.758338e-01    4.555863e-01    4.209581e-01    3.780993e-01    2.917716e-01
118       1.135905e+00    2.223936e+15    3.847876e-01    6.530075e-01    8.080826e-02    2.376579e-01    5.876547e-01    8.158507e-01    9.826458e-01    1.017506e+00    9.220794e-01    7.688520e-01    5.491674e-01    4.344765e-01    4.014502e-01    3.605756e-01    2.782476e-01
119       1.142626e+00    2.244672e+15    3.698427e-01    6.286131e-01    7.708429e-02    2.277508e-01    5.658902e-01    7.836393e-01    9.416014e-01    9.731596e-01    8.811303e-01    7.344497e-01    5.245186e-01    4.149646e-01    3.834193e-01    3.443788e-01    2.657477e-01
120       1.149251e+00    2.260224e+15    3.584588e-01    6.099396e-01    7.430318e-02    2.202685e-01    5.492112e-01    7.591529e-01    9.106100e-01    9.398380e-01    8.504256e-01    7.086753e-01    5.060578e-01    4.003521e-01    3.699161e-01    3.322493e-01    2.563868e-01
121       1.155793e+00    2.275776e+15    3.471515e-01    5.912681e-01    7.161552e-02    2.129229e-01    5.325091e-01    7.348982e-01    8.801946e-01    9.073567e-01    8.205831e-01    6.836539e-01    4.881450e-01    3.861746e-01    3.568150e-01    3.204812e-01    2.473050e-01
122       1.162289e+00    2.291328e+15    3.356326e-01    5.720172e-01    6.901662e-02    2.056005e-01    5.152428e-01    7.103140e-01    8.498940e-01    8.754142e-01    7.914023e-01    6.592430e-01    4.706855e-01    3.723581e-01    3.440481e-01    3.090137e-01    2.384554e-01
123       1.168905e+00    2.306880e+15    3.239483e-01    5.523147e-01    6.648637e-02    1.982955e-01    4.975366e-01    6.854717e-01    8.196793e-01    8.438866e-01    7.627319e-01    6.353032e-01    4.535762e-01    3.588205e-01    3.315393e-01    2.977782e-01    2.297851e-01
124       1.175488e+00    2.318976e+15    3.121282e-01    5.323509e-01    6.394631e-02    1.909283e-01    4.795894e-01    6.603584e-01    7.892100e-01    8.121543e-01    7.339004e-01    6.112374e-01    4.363791e-01    3.452140e-01    3.189668e-01    2.864856e-01    2.210708e-01
125       1.182080e+00    2.332800e+15    3.004612e-01    5.126257e-01    6.145118e-02    1.836704e-01    4.618528e-01    6.355811e-01    7.591944e-01    7.809320e-01    7.055478e-01    5.875765e-01    4.194730e-01    3.318378e-01    3.066072e-01    2.753843e-01    2.125041e-01
126       1.188603e+00    2.348352e+15    2.888761e-01    4.930252e-01    5.898183e-02    1.764730e-01    4.442256e-01    6.109850e-01    7.294301e-01    7.499971e-01    6.774667e-01    5.641458e-01    4.027324e-01    3.185927e-01    2.943688e-01    2.643919e-01    2.040214e-01
127       1.195201e+00    2.360448e+15    2.775363e-01    4.738320e-01    5.656955e-02    1.694335e-01    4.269632e-01    5.869141e-01    7.003196e-01    7.197567e-01    6.500223e-01    5.412483e-01    3.863734e-01    3.056497e-01    2.824095e-01    2.536502e-01    1.957322e-01
128       1.201248e+00    2.374272e+15    2.661852e-01    4.546137e-01    5.415830e-02    1.623909e-01    4.096771e-01    5.628221e-01    6.711969e-01    6.895145e-01    6.225806e-01    5.183547e-01    3.700177e-01    2.927092e-01    2.704526e-01    2.429106e-01    1.874447e-01
129       1.207538e+00    2.388096e+15    2.558846e-01    4.371692e-01    5.197320e-02    1.560036e-01    3.939855e-01    5.409625e-01    6.447842e-01    6.620957e-01    5.977048e-01    4.976030e-01    3.551925e-01    2.809798e-01    2.596147e-01    2.331761e-01    1.799328e-01
130       1.215021e+00    2.401920e+15    2.452791e-01    4.192025e-01    4.972700e-02    1.494314e-01    3.778230e-01    5.184592e-01    6.176074e-01    6.338949e-01    5.721241e-01    4.762648e-01    3.399488e-01    2.689194e-01    2.484709e-01    2.231669e-01    1.722089e-01
131       1.221374e+00    2.417472e+15    2.327971e-01    3.980521e-01    4.708605e-02    1.416994e-01    3.587957e-01    4.919763e-01    5.856350e-01    6.007264e-01    5.420407e-01    4.511719e-01    3.220232e-01    2.547370e-01    2.353666e-01    2.113968e-01    1.631261e-01
132       1.227920e+00    2.431296e+15    2.223259e-01    3.803081e-01    4.487120e-02    1.352137e-01    3.428325e-01    4.697605e-01    5.588165e-01    5.729067e-01    5.168095e-01    4.301266e-01    3.069891e-01    2.428424e-01    2.243761e-01    2.015252e-01    1.555085e-01
133       1.234360e+00    2.446848e+15    2.116595e-01    3.622301e-01    4.261698e-02    1.286094e-01    3.265684e-01    4.471323e-01    5.315076e-01    5.445842e-01    4.911247e-01    4.087037e-01    2.916855e-01    2.307347e-01    2.131886e-01    1.914768e-01    1.477543e-01
134       1.240786e+00    2.462400e+15    2.012834e-01    3.446407e-01    4.042621e-02    1.221872e-01    3.107431e-01    4.251218e-01    5.049522e-01    5.170498e-01    4.661573e-01    3.878801e-01    2.768103e-01    2.189659e-01    2.023144e-01    1.817098e-01    1.402173e-01
135       1.248512e+00    2.479680e+15    1.910488e-01    3.272862e-01    3.826824e-02    1.158560e-01    2.951282e-01    4.034141e-01    4.787733e-01    4.899150e-01    4.415562e-01    3.673633e-01    2.621547e-01    2.073708e-01    1.916007e-01    1.720869e-01    1.327915e-01
136       1.256142e+00    2.500416e+15    1.788834e-01    3.066485e-01    3.570869e-02    1.083368e-01    2.765574e-01    3.776159e-01    4.476828e-01    4.577067e-01    4.123623e-01    3.430187e-01    2.447654e-01    1.936132e-01    1.788888e-01    1.606693e-01    1.239808e-01
137       1.263949e+00    2.521152e+15    1.670288e-01    2.865282e-01    3.322063e-02    1.010167e-01    2.584503e-01    3.524825e-01    4.174167e-01    4.263715e-01    3.839679e-01    3.193434e-01    2.278551e-01    1.802345e-01    1.665271e-01    1.495662e-01    1.154128e-01
138       1.271926e+00    2.540160e+15    1.550542e-01    2.661858e-01    3.071842e-02    9.363529e-02    2.401397e-01    3.271043e-01    3.868984e-01    3.948101e-01    3.553828e-01    2.955139e-01    2.108361e-01    1.667701e-01    1.540862e-01    1.383920e-01    1.067900e-01
139       1.279715e+00    2.553984e+15    1.429273e-01    2.455516e-01    2.820439e-02    8.618311e-02    2.215600e-01    3.014214e-01    3.560903e-01    3.630123e-01    3.266096e-01    2.715366e-01    1.937141e-01    1.532245e-01    1.415704e-01    1.271507e-01    9.811540e-02
140       1.287286e+00    2.567808e+15    1.310711e-01    2.253102e-01    2.578758e-02    7.894481e-02    2.033209e-01    2.763487e-01    3.261722e-01    3.322632e-01    2.988394e-01    2.484134e-01    1.772074e-01    1.401665e-01    1.295053e-01    1.163142e-01    8.975329e-02
141       1.295097e+00    2.585088e+15    1.193252e-01    2.051189e-01    2.347661e-02    7.187013e-02    1.851002e-01    2.515836e-01    2.969421e-01    3.024872e-01    2.720587e-01    2.261516e-01    1.613268e-01    1.276054e-01    1.178996e-01    1.058906e-01    8.170999e-02
142       1.303236e+00    2.602368e+15    1.073524e-01    1.845380e-01    2.112104e-02    6.465891e-02    1.665278e-01    2.263405e-01    2.671479e-01    2.721366e-01    2.447612e-01    2.034603e-01    1.451398e-01    1.148019e-01    1.060699e-01    9.526588e-02    7.351147e-02
143       1.311025e+00    2.623104e+15    9.504189e-02    1.633762e-01    1.869900e-02    5.724420e-02    1.474314e-01    2.003851e-01    2.365129e-01    2.409296e-01    2.166934e-01    1.801287e-01    1.284960e-01    1.016371e-01    9.390642e-02    8.434134e-02    6.508160e-02
144       1.319609e+00    2.638656e+15    8.343235e-02    1.434195e-01    1.641488e-02    5.025171e-02    1.294224e-01    1.759077e-01    2.076224e-01    2.114996e-01    1.902239e-01    1.581256e-01    1.128000e-01    8.922190e-02    8.243558e-02    7.403889e-02    5.713176e-02
145       1.327825e+00    2.662848e+15    7.081294e-02    1.217269e-01    1.393208e-02    4.265098e-02    1.098468e-01    1.493011e-01    1.762189e-01    1.795096e-01    1.614520e-01    1.342086e-01    9.573863e-02    7.572680e-02    6.996693e-02    6.284027e-02    4.849040e-02
146       1.336138e+00    2.690496e+15    5.891588e-02    1.012759e-01    1.159140e-02    3.548533e-02    9.139180e-02    1.242175e-01    1.466129e-01    1.493507e-01    1.343269e-01    1.116606e-01    7.965389e-02    6.300418e-02    5.821201e-02    5.228267e-02    4.034368e-02
147       1.344126e+00    2.726784e+15    4.711019e-02    8.098203e-02    9.268687e-03    2.837470e-02    7.307852e-02    9.932652e-02    1.172343e-01    1.194235e-01    1.074102e-01    8.928584e-02    6.369267e-02    5.037927e-02    4.654736e-02    4.180616e-02    3.225953e-02
148       1.352329e+00    2.837376e+15    3.603240e-02    6.193940e-02    7.089189e-03    2.170250e-02    5.589438e-02    7.597025e-02    8.966709e-02    9.134152e-02    8.215310e-02    6.829061e-02    4.871557e-02    3.853277e-02    3.560192e-02    3.197560e-02    2.467382e-02
149       1.356488e+00    2.937600e+15    2.525030e-02    4.340506e-02    4.967866e-03    1.520838e-02    3.916891e-02    5.323741e-02    6.283569e-02    6.400908e-02    5.757014e-02    4.785577e-02    3.413824e-02    2.700248e-02    2.494863e-02    2.240743e-02    1.729059e-02
150       1.360493e+00    3.049920e+15    2.017510e-02    3.468084e-02    3.969347e-03    1.215156e-02    3.129613e-02    4.253693e-02    5.020600e-02    5.114354e-02    4.599880e-02    3.823697e-02    2.727661e-02    2.157510e-02    1.993407e-02    1.790363e-02    1.381525e-02
151       1.364838e+00    3.138048e+15    1.562820e-02    2.686475e-02    3.074768e-03    9.412945e-03    2.424287e-02    3.295030e-02    3.889098e-02    3.961723e-02    3.563196e-02    2.961944e-02    2.112923e-02    1.671268e-02    1.544149e-02    1.386866e-02    1.070169e-02
152       1.366924e+00    3.264192e+15    1.101119e-02    1.892814e-02    2.166394e-03    6.632093e-03    1.708083e-02    2.321585e-02    2.740148e-02    2.791317e-02    2.510527e-02    2.086901e-02    1.488705e-02    1.177528e-02    1.087964e-02    9.771463e-03    7.540104e-03
153       1.368937e+00    3.314304e+15    8.939241e-03    1.536648e-02    1.758749e-03    5.384149e-03    1.386678e-02    1.884738e-02    2.224541e-02    2.266082e-02    2.038127e-02    1.694214e-02    1.208579e-02    9.559554e-03    8.832443e-03    7.932792e-03    6.121301e-03
154       1.370395e+00    3.392064e+15    7.046511e-03    1.211289e-02    1.386365e-03    4.244148e-03    1.093073e-02    1.485677e-02    1.753533e-02    1.786278e-02    1.606589e-02    1.335494e-02    9.526836e-03    7.535484e-03    6.962326e-03    6.253160e-03    4.825221e-03
155       1.372036e+00    3.440448e+15    5.726980e-03    9.844631e-03    1.126754e-03    3.449388e-03    8.883836e-03    1.207469e-02    1.425166e-02    1.451780e-02    1.305739e-02    1.085409e-02    7.742840e-03    6.124388e-03    5.658560e-03    5.082192e-03    3.921650e-03
156       1.373266e+00    3.518208e+15    4.296427e-03    7.385522e-03    8.452998e-04    2.587759e-03    6.664726e-03    9.058530e-03    1.069171e-02    1.089137e-02    9.795759e-03    8.142826e-03    5.808741e-03    4.594565e-03    4.245097e-03    3.812702e-03    2.942053e-03
157       1.374388e+00    3.568320e+15    3.263116e-03    5.609268e-03    6.420011e-04    1.965391e-03    5.061827e-03    6.879910e-03    8.120304e-03    8.271941e-03    7.439832e-03    6.184437e-03    4.411711e-03    3.489550e-03    3.224131e-03    2.895729e-03    2.234475e-03
158       1.375159e+00    3.625344e+15    2.353615e-03    4.045844e-03    4.630615e-04    1.417594e-03    3.650986e-03    4.962330e-03    5.856999e-03    5.966372e-03    5.366190e-03    4.460701e-03    3.182071e-03    2.516937e-03    2.325496e-03    2.088626e-03    1.611679e-03
159       1.375758e+00    3.665088e+15    1.747278e-03    3.003556e-03    3.437679e-04    1.052394e-03    2.710422e-03    3.683938e-03    4.348123e-03    4.429319e-03    3.983756e-03    3.311538e-03    2.362308e-03    1.868525e-03    1.726403e-03    1.550556e-03    1.196479e-03
160       1.376174e+00    3.703104e+15    1.288516e-03    2.214948e-03    2.535088e-04    7.760794e-04    1.998778e-03    2.716690e-03    3.206488e-03    3.266365e-03    2.937788e-03    2.442066e-03    1.742065e-03    1.377929e-03    1.273122e-03    1.143445e-03    8.823337e-04
161       1.376652e+00    3.739392e+15    9.766389e-04    1.678834e-03    1.921487e-04    5.882344e-04    1.514987e-03    2.059133e-03    2.430378e-03    2.475763e-03    2.226715e-03    1.850980e-03    1.320409e-03    1.044410e-03    9.649709e-04    8.666813e-04    6.687706e-04
162       1.376886e+00    3.770496e+15    6.255457e-04    1.075308e-03    1.230729e-04    3.767693e-04    9.703624e-04    1.318893e-03    1.556678e-03    1.585748e-03    1.426231e-03    1.185569e-03    8.457337e-04    6.689537e-04    6.180723e-04    5.551169e-04    4.283534e-04
163       1.377103e+00    3.799872e+15    4.563217e-04    7.844132e-04    8.977893e-05    2.748448e-04    7.078577e-04    9.621027e-04    1.135562e-03    1.156768e-03    1.040403e-03    8.648461e-04    6.169439e-04    4.879868e-04    4.508700e-04    4.049454e-04    3.124742e-04
164       1.377229e+00    3.824064e+15    3.024464e-04    5.199029e-04    5.950477e-05    1.821650e-04    4.691626e-04    6.376741e-04    7.526417e-04    7.666965e-04    6.895713e-04    5.732132e-04    4.089056e-04    3.234339e-04    2.988331e-04    2.683947e-04    2.071055e-04
165       1.377326e+00    3.844800e+15    2.140001e-04    3.678644e-04    4.210341e-05    1.288933e-04    3.319624e-04    4.511950e-04    5.325419e-04    5.424865e-04    4.879156e-04    4.055848e-04    2.893267e-04    2.288500e-04    2.114434e-04    1.899063e-04    1.465403e-04
166       1.377400e+00    3.868992e+15    1.472055e-04    2.530450e-04    2.896192e-05    8.866260e-05    2.283489e-04    3.103662e-04    3.663227e-04    3.731634e-04    3.356253e-04    2.789920e-04    1.990209e-04    1.574204e-04    1.454468e-04    1.306320e-04    1.008015e-04
167       1.377428e+00    3.884544e+15    9.646689e-05    1.658258e-04    1.897936e-05    5.810248e-05    1.496419e-04    2.033895e-04    2.400591e-04    2.445419e-04    2.199424e-04    1.828294e-04    1.304226e-04    1.031609e-04    9.531439e-05    8.560590e-05    6.605739e-05
168       1.377463e+00    3.896640e+15    7.731711e-05    1.329075e-04    1.521174e-05    4.656848e-05    1.199363e-04    1.630144e-04    1.924046e-04    1.959975e-04    1.762813e-04    1.465357e-04    1.045322e-04    8.268231e-05    7.639340e-05    6.861215e-05    5.294424e-05
169       1.377489e+00    3.913920e+15    5.377302e-05    9.243537e-05    1.057956e-05    3.238775e-05    8.341406e-05    1.133743e-04    1.338148e-04    1.363137e-04    1.226013e-04    1.019136e-04    7.270076e-05    5.750444e-05    5.313059e-05    4.771883e-05    3.682201e-05
170       1.377507e+00    3.927744e+15    3.674239e-05    6.315987e-05    7.228876e-06    2.213012e-05    5.699573e-05    7.746719e-05    9.143390e-05    9.314133e-05    8.377185e-05    6.963622e-05    4.967547e-05    3.929203e-05    3.630343e-05    3.260565e-05    2.516000e-05
171       1.377519e+00    3.943296e+15    2.468336e-05    4.243049e-05    4.856323e-06    1.486691e-05    3.828945e-05    5.204207e-05    6.142484e-05    6.257188e-05    5.627751e-05    4.678126e-05    3.337174e-05    2.639619e-05    2.438846e-05    2.190431e-05    1.690236e-05
172       1.377529e+00    3.967488e+15    1.693945e-05    2.911877e-05    3.332749e-06    1.020271e-05    2.627690e-05    3.571491e-05    4.215403e-05    4.294121e-05    3.862157e-05    3.210458e-05    2.290202e-05    1.811491e-05    1.673707e-05    1.503227e-05    1.159958e-05
173       1.377535e+00    3.981312e+15    1.023248e-05    1.758954e-05    2.013187e-06    6.163072e-06    1.587288e-05    2.157402e-05    2.546365e-05    2.593915e-05    2.332983e-05    1.939316e-05    1.383424e-05    1.094253e-05    1.011023e-05    9.080426e-06    7.006868e-06
174       1.377539e+00    4.008960e+15    6.707782e-06    1.153062e-05    1.319721e-06    4.040130e-06    1.040528e-05    1.414260e-05    1.669240e-05    1.700411e-05    1.529360e-05    1.271296e-05    9.068877e-06    7.173250e-06    6.627644e-06    5.952568e-06    4.593271e-06
175       1.377542e+00    4.036608e+15    4.057839e-06    6.975391e-06    7.983588e-07    2.444056e-06    6.294622e-06    8.555495e-06    1.009798e-05    1.028655e-05    9.251784e-06    7.690641e-06    5.486172e-06    4.339421e-06    4.009360e-06    3.600976e-06    2.778676e-06
176       1.377545e+00    4.178304e+15    1.928776e-06    3.315550e-06    3.794768e-07    1.161711e-06    2.991967e-06    4.066607e-06    4.799784e-06    4.889415e-06    4.397568e-06    3.655524e-06    2.607693e-06    2.062618e-06    1.905733e-06    1.711620e-06    1.320763e-06
