izn          menc_Msun       radius_cm         tau3keV         tau6keV         tau1keV         tau2keV         tau5keV        tau10keV        tau20keV        tau50keV       tau100keV       tau200keV       tau500keV       tau847keV      tau1000keV      tau1238keV      tau2000keV
0         4.720683e-08    5.400000e+12    3.795350e+00    6.239102e+00    9.960978e-01    2.562785e+00    5.515487e+00    8.495292e+00    1.114846e+01    1.235299e+01    1.153417e+01    9.743875e+00    6.999572e+00    5.543602e+00    5.123320e+00    4.602658e+00    3.552538e+00
1         5.209976e-07    1.113264e+13    3.756994e+00    6.177447e+00    9.859643e-01    2.536693e+00    5.460671e+00    8.412106e+00    1.104029e+01    1.223443e+01    1.142402e+01    9.651114e+00    6.933045e+00    5.490931e+00    5.074644e+00    4.558932e+00    3.518791e+00
2         7.531176e-05    5.952960e+13    3.704345e+00    6.092816e+00    9.720545e-01    2.500878e+00    5.385428e+00    8.297921e+00    1.089181e+01    1.207169e+01    1.127282e+01    9.523787e+00    6.841726e+00    5.418631e+00    5.007830e+00    4.498912e+00    3.472469e+00
3         2.241859e-04    1.128816e+14    3.295146e+00    5.435051e+00    8.639458e-01    2.222514e+00    4.800631e+00    7.410459e+00    9.737776e+00    1.080681e+01    1.009771e+01    8.534176e+00    6.131987e+00    4.856710e+00    4.488537e+00    4.032426e+00    3.112448e+00
4         6.187699e-04    1.661472e+14    3.141826e+00    5.188597e+00    8.234392e-01    2.118215e+00    4.581517e+00    7.077941e+00    9.305379e+00    1.033288e+01    9.657414e+00    8.163386e+00    5.866059e+00    4.646167e+00    4.293967e+00    3.857642e+00    2.977553e+00
5         1.078353e-03    2.128464e+14    2.983645e+00    4.934330e+00    7.816485e-01    2.010610e+00    4.355456e+00    6.734882e+00    8.859274e+00    9.843928e+00    9.203160e+00    7.780840e+00    5.591700e+00    4.428949e+00    4.093228e+00    3.677316e+00    2.838383e+00
6         2.659219e-03    2.744496e+14    2.883076e+00    4.772670e+00    7.550785e-01    1.942197e+00    4.211730e+00    6.516769e+00    8.575646e+00    9.533058e+00    8.914352e+00    7.537623e+00    5.417267e+00    4.290845e+00    3.965601e+00    3.562667e+00    2.749900e+00
7         4.488850e-03    3.429648e+14    2.673878e+00    4.436395e+00    6.998092e-01    1.799886e+00    3.912759e+00    6.063064e+00    7.985660e+00    8.886404e+00    8.313589e+00    7.031695e+00    5.054421e+00    4.003569e+00    3.700118e+00    3.324182e+00    2.565843e+00
8         8.964167e-03    4.363200e+14    2.522875e+00    4.193665e+00    6.599146e-01    1.697164e+00    3.696955e+00    5.735571e+00    7.559796e+00    8.419636e+00    7.879946e+00    6.666507e+00    4.792511e+00    3.796207e+00    3.508488e+00    3.152038e+00    2.432987e+00
9         1.784998e-02    5.313600e+14    2.291181e+00    3.821229e+00    5.987019e-01    1.539550e+00    3.365835e+00    5.233077e+00    6.906367e+00    7.703445e+00    7.214581e+00    6.106176e+00    4.390646e+00    3.478039e+00    3.214457e+00    2.887907e+00    2.229137e+00
10        2.799012e-02    6.851520e+14    1.992370e+00    3.340907e+00    5.197574e-01    1.336280e+00    2.938796e+00    4.585023e+00    6.063655e+00    6.779791e+00    6.356476e+00    5.383530e+00    3.872372e+00    3.067706e+00    2.835253e+00    2.547264e+00    1.966238e+00
11        3.573537e-02    7.443360e+14    1.777064e+00    2.994813e+00    4.628743e-01    1.189814e+00    2.631095e+00    4.118069e+00    5.456440e+00    6.114252e+00    5.738168e+00    4.862828e+00    3.498928e+00    2.772040e+00    2.562017e+00    2.301813e+00    1.776805e+00
12        4.388573e-02    8.316000e+14    1.657397e+00    2.802454e+00    4.312588e-01    1.108409e+00    2.460075e+00    3.858535e+00    5.118948e+00    5.744342e+00    5.394509e+00    4.573419e+00    3.291366e+00    2.607707e+00    2.410151e+00    2.165390e+00    1.671518e+00
13        4.961839e-02    8.696160e+14    1.553837e+00    2.635983e+00    4.038985e-01    1.037960e+00    2.312072e+00    3.633930e+00    4.826876e+00    5.424215e+00    5.097099e+00    4.322957e+00    3.111737e+00    2.465489e+00    2.278722e+00    2.047326e+00    1.580399e+00
14        5.603555e-02    9.266400e+14    1.491277e+00    2.535420e+00    3.873705e-01    9.954034e-01    2.222665e+00    3.498248e+00    4.650437e+00    5.230826e+00    4.917434e+00    4.171653e+00    3.003223e+00    2.379575e+00    2.199326e+00    1.976004e+00    1.525354e+00
15        6.230036e-02    9.538560e+14    1.428475e+00    2.434466e+00    3.707786e-01    9.526818e-01    2.132911e+00    3.362037e+00    4.473310e+00    5.036682e+00    4.737066e+00    4.019757e+00    2.894285e+00    2.293325e+00    2.119620e+00    1.904403e+00    1.470094e+00
16        6.878357e-02    1.010448e+15    1.372524e+00    2.344522e+00    3.559967e-01    9.146210e-01    2.052946e+00    3.240681e+00    4.315496e+00    4.863705e+00    4.576362e+00    3.884420e+00    2.797222e+00    2.216478e+00    2.048602e+00    1.840607e+00    1.420858e+00
17        7.543748e-02    1.034208e+15    1.319471e+00    2.259236e+00    3.419805e-01    8.785317e-01    1.977123e+00    3.125608e+00    4.165853e+00    4.699681e+00    4.423975e+00    3.756088e+00    2.705182e+00    2.143607e+00    1.981260e+00    1.780112e+00    1.374170e+00
18        8.230894e-02    1.089504e+15    1.269220e+00    2.178446e+00    3.287045e-01    8.443488e-01    1.905298e+00    3.016596e+00    4.024085e+00    4.544282e+00    4.279598e+00    3.634498e+00    2.617978e+00    2.074565e+00    1.917455e+00    1.722796e+00    1.329935e+00
19        8.879927e-02    1.115424e+15    1.221132e+00    2.101131e+00    3.160004e-01    8.116384e-01    1.836564e+00    2.912271e+00    3.888409e+00    4.395557e+00    4.141420e+00    3.518129e+00    2.534518e+00    2.008487e+00    1.856389e+00    1.667940e+00    1.287599e+00
20        9.550118e-02    1.163376e+15    1.179000e+00    2.033385e+00    3.048696e-01    7.829794e-01    1.776339e+00    2.820854e+00    3.769516e+00    4.265221e+00    4.020324e+00    3.416145e+00    2.461373e+00    1.950576e+00    1.802872e+00    1.619865e+00    1.250495e+00
21        1.046808e-01    1.192752e+15    1.138474e+00    1.968117e+00    2.941658e-01    7.554254e-01    1.718342e+00    2.732710e+00    3.654786e+00    4.139336e+00    3.903314e+00    3.317575e+00    2.390669e+00    1.894596e+00    1.751138e+00    1.573391e+00    1.214628e+00
22        1.138890e-01    1.251936e+15    1.086684e+00    1.884633e+00    2.804882e-01    7.202203e-01    1.644177e+00    2.619916e+00    3.507910e+00    3.978098e+00    3.753409e+00    3.191278e+00    2.300069e+00    1.822862e+00    1.684846e+00    1.513840e+00    1.168667e+00
23        1.231733e-01    1.287792e+15    1.038654e+00    1.807095e+00    2.678064e-01    6.875844e-01    1.575322e+00    2.515077e+00    3.371291e+00    3.827995e+00    3.613803e+00    3.073630e+00    2.215664e+00    1.756031e+00    1.623084e+00    1.458358e+00    1.125847e+00
24        1.326445e-01    1.340064e+15    9.947653e-01    1.735716e+00    2.562301e-01    6.578221e-01    1.512068e+00    2.418217e+00    3.244615e+00    3.688248e+00    3.483586e+00    2.963770e+00    2.136799e+00    1.693579e+00    1.565369e+00    1.406509e+00    1.085829e+00
25        1.448927e-01    1.383264e+15    9.531971e-01    1.667977e+00    2.452689e-01    6.296483e-01    1.452070e+00    2.326204e+00    3.124164e+00    3.555225e+00    3.359572e+00    2.859111e+00    2.061657e+00    1.634074e+00    1.510376e+00    1.357106e+00    1.047699e+00
26        1.572242e-01    1.438992e+15    9.033863e-01    1.586671e+00    2.321373e-01    5.959030e-01    1.380090e+00    2.215675e+00    2.979359e+00    3.395164e+00    3.210292e+00    2.733099e+00    1.971172e+00    1.562417e+00    1.444152e+00    1.297614e+00    1.001781e+00
27        1.697169e-01    1.501200e+15    8.579063e-01    1.511766e+00    2.201625e-01    5.651669e-01    1.313939e+00    2.113407e+00    2.844811e+00    3.245735e+00    3.070627e+00    2.615049e+00    1.886349e+00    1.495234e+00    1.382062e+00    1.241833e+00    9.587262e-01
28        1.823643e-01    1.534896e+15    8.165429e-01    1.443026e+00    2.092856e-01    5.372819e-01    1.253382e+00    2.019154e+00    2.720291e+00    3.106806e+00    2.940506e+00    2.504927e+00    1.807171e+00    1.432514e+00    1.324095e+00    1.189755e+00    9.185286e-01
29        1.907107e-01    1.594944e+15    7.782211e-01    1.378788e+00    1.992211e-01    5.115098e-01    1.196922e+00    1.930715e+00    2.602995e+00    2.975371e+00    2.817165e+00    2.400423e+00    1.731987e+00    1.372951e+00    1.269045e+00    1.140297e+00    8.803511e-01
30        1.993106e-01    1.612224e+15    7.549050e-01    1.339419e+00    1.931041e-01    4.958613e-01    1.162387e+00    1.876330e+00    2.530632e+00    2.894001e+00    2.740686e+00    2.335563e+00    1.685302e+00    1.335962e+00    1.234859e+00    1.109581e+00    8.566412e-01
31        2.077098e-01    1.659312e+15    7.323702e-01    1.301158e+00    1.871968e-01    4.807609e-01    1.128875e+00    1.823341e+00    2.459957e+00    2.814319e+00    2.665707e+00    2.271930e+00    1.639484e+00    1.299658e+00    1.201304e+00    1.079434e+00    8.333689e-01
32        2.161876e-01    1.681344e+15    7.115123e-01    1.265564e+00    1.817332e-01    4.668045e-01    1.097741e+00    1.773933e+00    2.393912e+00    2.739683e+00    2.595401e+00    2.212226e+00    1.596482e+00    1.265582e+00    1.169809e+00    1.051136e+00    8.115243e-01
33        2.247936e-01    1.721088e+15    6.915923e-01    1.231402e+00    1.765191e-01    4.534947e-01    1.067897e+00    1.726403e+00    2.330244e+00    2.667566e+00    2.527401e+00    2.154445e+00    1.554852e+00    1.232592e+00    1.139317e+00    1.023739e+00    7.903748e-01
34        2.333907e-01    1.744416e+15    6.723454e-01    1.198237e+00    1.714848e-01    4.406522e-01    1.038962e+00    1.680164e+00    2.268182e+00    2.597120e+00    2.460914e+00    2.097918e+00    1.514114e+00    1.200307e+00    1.109476e+00    9.969273e-01    7.696764e-01
35        2.420309e-01    1.786320e+15    6.540423e-01    1.166551e+00    1.667006e-01    4.284560e-01    1.011351e+00    1.635894e+00    2.208646e+00    2.529400e+00    2.396941e+00    2.043499e+00    1.474884e+00    1.169215e+00    1.080738e+00    9.711059e-01    7.497424e-01
36        2.507676e-01    1.812240e+15    6.365295e-01    1.136098e+00    1.621262e-01    4.168018e-01    9.848458e-01    1.593262e+00    2.151208e+00    2.463939e+00    2.335049e+00    1.990824e+00    1.436901e+00    1.139110e+00    1.052912e+00    9.461038e-01    7.304407e-01
37        2.646089e-01    1.858032e+15    6.196773e-01    1.106665e+00    1.577272e-01    4.056016e-01    9.592578e-01    1.551979e+00    2.095488e+00    2.400316e+00    2.274845e+00    1.939560e+00    1.399928e+00    1.109803e+00    1.025824e+00    9.217642e-01    7.116501e-01
38        2.787225e-01    1.909008e+15    5.943346e-01    1.062189e+00    1.511168e-01    3.887825e-01    9.206406e-01    1.489465e+00    2.010948e+00    2.303585e+00    2.183232e+00    1.861510e+00    1.343619e+00    1.065169e+00    9.845672e-01    8.846936e-01    6.830306e-01
39        2.927237e-01    1.952640e+15    5.701791e-01    1.019545e+00    1.448218e-01    3.727798e-01    8.836706e-01    1.429370e+00    1.929486e+00    2.210145e+00    2.094639e+00    1.785985e+00    1.289115e+00    1.021962e+00    9.446296e-01    8.488075e-01    6.553251e-01
40        3.067863e-01    2.014416e+15    5.477055e-01    9.796440e-01    1.389702e-01    3.579166e-01    8.491299e-01    1.373003e+00    1.852907e+00    2.122101e+00    2.011078e+00    1.714707e+00    1.237660e+00    9.811693e-01    9.069239e-01    8.149265e-01    6.291671e-01
41        3.153916e-01    2.040336e+15    5.265916e-01    9.419673e-01    1.334769e-01    3.439741e-01    8.165571e-01    1.319663e+00    1.780298e+00    2.038449e+00    1.931616e+00    1.646890e+00    1.188690e+00    9.423453e-01    8.710371e-01    7.826796e-01    6.042704e-01
42        3.239460e-01    2.084400e+15    5.143507e-01    9.200347e-01    1.302942e-01    3.359009e-01    7.976155e-01    1.288558e+00    1.737890e+00    1.989512e+00    1.885097e+00    1.607172e+00    1.160005e+00    9.196019e-01    8.500143e-01    7.637889e-01    5.896854e-01
43        3.324567e-01    2.101248e+15    5.026657e-01    8.990457e-01    1.272573e-01    3.282002e-01    7.795004e-01    1.258760e+00    1.697224e+00    1.942539e+00    1.840426e+00    1.569023e+00    1.132449e+00    8.977534e-01    8.298185e-01    7.456412e-01    5.756740e-01
44        3.410041e-01    2.145744e+15    4.914504e-01    8.788471e-01    1.243436e-01    3.208151e-01    7.620794e-01    1.230053e+00    1.658007e+00    1.897192e+00    1.797283e+00    1.532169e+00    1.105824e+00    8.766432e-01    8.103052e-01    7.281067e-01    5.621358e-01
45        3.496075e-01    2.165184e+15    4.805739e-01    8.592130e-01    1.215189e-01    3.136582e-01    7.451552e-01    1.202120e+00    1.619815e+00    1.852990e+00    1.755213e+00    1.496222e+00    1.079853e+00    8.560504e-01    7.912699e-01    7.110017e-01    5.489292e-01
46        3.581894e-01    2.204496e+15    4.700042e-01    8.400921e-01    1.187749e-01    3.067078e-01    7.286825e-01    1.174893e+00    1.582558e+00    1.809836e+00    1.714125e+00    1.461108e+00    1.054481e+00    8.359316e-01    7.726728e-01    6.942903e-01    5.360265e-01
47        3.667499e-01    2.223936e+15    4.597916e-01    8.215817e-01    1.161244e-01    2.999962e-01    7.127434e-01    1.148514e+00    1.546436e+00    1.767964e+00    1.674246e+00    1.427021e+00    1.029848e+00    8.163991e-01    7.546176e-01    6.780659e-01    5.234996e-01
48        3.750346e-01    2.263680e+15    4.499203e-01    8.036551e-01    1.135633e-01    2.935128e-01    6.973147e-01    1.122946e+00    1.511400e+00    1.727321e+00    1.635525e+00    1.393917e+00    1.005923e+00    7.974281e-01    7.370814e-01    6.623076e-01    5.113326e-01
49        3.902739e-01    2.295216e+15    4.406570e-01    7.868037e-01    1.111605e-01    2.874319e-01    6.828177e-01    1.098895e+00    1.478420e+00    1.689039e+00    1.599043e+00    1.362722e+00    9.833767e-01    7.795493e-01    7.205547e-01    6.474566e-01    4.998660e-01
50        4.048997e-01    2.360880e+15    4.242400e-01    7.568695e-01    1.069039e-01    2.766630e-01    6.570809e-01    1.056130e+00    1.419730e+00    1.620852e+00    1.534038e+00    1.307127e+00    9.431898e-01    7.476815e-01    6.910969e-01    6.209853e-01    4.794273e-01
51        4.201812e-01    2.396304e+15    4.092354e-01    7.294346e-01    1.030157e-01    2.668295e-01    6.335090e-01    1.016894e+00    1.365829e+00    1.558168e+00    1.474253e+00    1.255983e+00    9.062156e-01    7.183605e-01    6.639932e-01    5.966294e-01    4.606217e-01
52        4.346103e-01    2.462832e+15    3.943014e-01    7.020619e-01    9.914830e-02    2.570509e-01    6.100044e-01    9.777111e-01    1.311960e+00    1.495467e+00    1.414431e+00    1.204796e+00    8.692065e-01    6.890113e-01    6.368632e-01    5.722498e-01    4.417977e-01
53        4.435754e-01    2.493072e+15    3.808512e-01    6.773572e-01    9.566727e-02    2.482506e-01    5.888012e-01    9.423210e-01    1.263272e+00    1.438756e+00    1.360308e+00    1.158477e+00    8.357138e-01    6.624502e-01    6.123105e-01    5.501860e-01    4.247618e-01
54        4.524555e-01    2.536272e+15    3.728454e-01    6.626295e-01    9.359628e-02    2.430156e-01    5.761657e-01    9.212118e-01    1.234217e+00    1.404896e+00    1.327985e+00    1.130811e+00    8.157077e-01    6.465843e-01    5.976443e-01    5.370065e-01    4.145855e-01
55        4.607864e-01    2.554848e+15    3.651631e-01    6.484825e-01    9.160961e-02    2.379941e-01    5.640311e-01    9.009279e-01    1.206289e+00    1.372338e+00    1.296901e+00    1.104204e+00    7.964660e-01    6.313244e-01    5.835383e-01    5.243303e-01    4.047979e-01
56        4.691676e-01    2.597184e+15    3.581451e-01    6.355463e-01    8.979529e-02    2.334084e-01    5.529376e-01    8.823736e-01    1.180735e+00    1.342538e+00    1.268447e+00    1.079845e+00    7.788494e-01    6.173534e-01    5.706235e-01    5.127247e-01    3.958368e-01
57        4.782464e-01    2.617920e+15    3.512640e-01    6.228513e-01    8.801684e-02    2.289137e-01    5.420532e-01    8.641600e-01    1.155643e+00    1.313269e+00    1.240496e+00    1.055915e+00    7.615431e-01    6.036282e-01    5.579361e-01    5.013234e-01    3.870335e-01
58        4.866133e-01    2.657232e+15    3.440026e-01    6.094438e-01    8.614064e-02    2.241721e-01    5.305600e-01    8.449189e-01    1.129130e+00    1.282333e+00    1.210950e+00    1.030618e+00    7.432470e-01    5.891179e-01    5.445229e-01    4.892698e-01    3.777265e-01
59        4.953515e-01    2.684448e+15    3.374729e-01    5.973781e-01    8.445393e-02    2.199095e-01    5.202189e-01    8.275992e-01    1.105258e+00    1.254474e+00    1.184339e+00    1.007833e+00    7.267671e-01    5.760481e-01    5.324412e-01    4.784127e-01    3.693433e-01
60        5.038872e-01    2.719872e+15    3.308329e-01    5.850997e-01    8.273917e-02    2.155762e-01    5.096972e-01    8.099699e-01    1.080955e+00    1.226103e+00    1.157238e+00    9.846263e-01    7.099819e-01    5.627359e-01    5.201355e-01    4.673544e-01    3.608048e-01
61        5.167221e-01    2.760480e+15    3.245056e-01    5.733916e-01    8.110555e-02    2.114480e-01    4.996657e-01    7.931557e-01    1.057771e+00    1.199034e+00    1.131377e+00    9.624806e-01    6.939637e-01    5.500319e-01    5.083920e-01    4.568012e-01    3.526563e-01
62        5.293631e-01    2.799360e+15    3.152689e-01    5.562868e-01    7.872145e-02    2.054235e-01    4.850129e-01    7.685855e-01    1.023886e+00    1.159460e+00    1.093565e+00    9.300994e-01    6.705411e-01    5.314556e-01    4.912201e-01    4.413698e-01    3.407411e-01
63        5.423567e-01    2.853360e+15    3.064466e-01    5.399352e-01    7.644508e-02    1.996714e-01    4.710080e-01    7.450907e-01    9.914753e-01    1.121599e+00    1.057386e+00    8.991139e-01    6.481273e-01    5.136791e-01    4.747876e-01    4.266028e-01    3.293389e-01
64        5.551301e-01    2.896128e+15    2.976885e-01    5.236896e-01    7.418599e-02    1.939629e-01    4.570963e-01    7.217427e-01    9.592606e-01    1.083957e+00    1.021414e+00    8.683031e-01    6.258393e-01    4.960023e-01    4.584472e-01    4.119186e-01    3.180006e-01
65        5.678792e-01    2.948832e+15    2.893784e-01    5.082641e-01    7.204315e-02    1.885482e-01    4.438890e-01    6.995688e-01    9.286602e-01    1.048194e+00    9.872336e-01    8.390260e-01    6.046600e-01    4.792047e-01    4.429195e-01    3.979647e-01    3.072262e-01
66        5.808353e-01    2.998944e+15    2.813636e-01    4.933771e-01    6.997709e-02    1.833274e-01    4.311444e-01    6.781652e-01    8.991181e-01    1.013662e+00    9.542266e-01    8.107524e-01    5.842062e-01    4.629824e-01    4.279237e-01    3.844888e-01    2.968208e-01
67        5.935844e-01    3.042576e+15    2.735069e-01    4.787754e-01    6.795235e-02    1.782109e-01    4.186456e-01    6.571685e-01    8.701335e-01    9.797753e-01    9.218351e-01    7.830048e-01    5.641324e-01    4.470615e-01    4.132064e-01    3.712631e-01    2.866087e-01
68        6.060591e-01    3.099600e+15    2.660213e-01    4.648563e-01    6.602381e-02    1.733373e-01    4.067323e-01    6.371508e-01    8.424972e-01    9.474608e-01    8.909442e-01    7.565416e-01    5.449875e-01    4.318773e-01    3.991700e-01    3.586493e-01    2.768690e-01
69        6.222196e-01    3.142800e+15    2.589416e-01    4.516854e-01    6.420029e-02    1.687289e-01    3.954605e-01    6.182071e-01    8.163409e-01    9.168732e-01    8.617025e-01    7.314904e-01    5.268638e-01    4.175028e-01    3.858823e-01    3.467083e-01    2.676488e-01
70        6.377325e-01    3.214512e+15    2.500690e-01    4.351723e-01    6.191563e-02    1.629548e-01    3.813295e-01    5.944541e-01    7.835417e-01    8.785130e-01    8.250286e-01    7.000712e-01    5.041327e-01    3.994741e-01    3.692165e-01    3.317316e-01    2.560846e-01
71        6.531381e-01    3.266352e+15    2.418640e-01    4.198947e-01    5.980350e-02    1.576164e-01    3.682570e-01    5.724766e-01    7.531917e-01    8.430136e-01    7.910881e-01    6.709928e-01    4.830947e-01    3.827882e-01    3.537920e-01    3.178705e-01    2.453817e-01
72        6.684412e-01    3.334176e+15    2.340283e-01    4.052993e-01    5.778703e-02    1.525194e-01    3.557689e-01    5.514791e-01    7.241934e-01    8.090925e-01    7.586554e-01    6.432056e-01    4.629907e-01    3.668430e-01    3.390522e-01    3.046245e-01    2.351538e-01
73        6.841289e-01    3.389904e+15    2.265285e-01    3.913248e-01    5.585754e-02    1.476419e-01    3.438128e-01    5.313742e-01    6.964269e-01    7.766102e-01    7.275976e-01    6.165958e-01    4.437383e-01    3.515733e-01    3.249368e-01    2.919397e-01    2.253593e-01
74        6.991308e-01    3.457296e+15    2.191229e-01    3.775221e-01    5.395279e-02    1.428264e-01    3.320041e-01    5.115162e-01    6.690009e-01    7.445250e-01    6.969188e-01    5.903103e-01    4.247204e-01    3.364895e-01    3.109933e-01    2.794093e-01    2.156839e-01
75        7.148173e-01    3.516048e+15    2.122954e-01    3.647941e-01    5.219722e-02    1.383876e-01    3.211152e-01    4.932044e-01    6.437103e-01    7.149369e-01    6.686273e-01    5.660700e-01    4.071821e-01    3.225792e-01    2.981346e-01    2.678538e-01    2.067613e-01
76        7.296348e-01    3.577824e+15    2.053935e-01    3.519288e-01    5.042618e-02    1.339040e-01    3.101056e-01    4.747123e-01    6.181903e-01    6.850967e-01    6.401008e-01    5.416305e-01    3.895004e-01    3.085553e-01    2.851708e-01    2.562040e-01    1.977659e-01
77        7.384454e-01    3.628368e+15    1.990942e-01    3.401850e-01    4.881016e-02    1.298124e-01    3.000558e-01    4.578328e-01    5.948964e-01    6.578596e-01    6.140627e-01    5.193229e-01    3.733610e-01    2.957546e-01    2.733378e-01    2.455703e-01    1.895551e-01
78        7.471127e-01    3.666384e+15    1.954644e-01    3.334174e-01    4.787918e-02    1.274550e-01    2.942644e-01    4.481060e-01    5.814739e-01    6.421649e-01    5.990590e-01    5.064687e-01    3.640611e-01    2.883786e-01    2.665194e-01    2.394429e-01    1.848238e-01
79        7.557563e-01    3.699216e+15    1.919801e-01    3.269205e-01    4.698558e-02    1.251922e-01    2.887048e-01    4.387684e-01    5.685883e-01    6.270980e-01    5.846554e-01    4.941287e-01    3.551332e-01    2.812975e-01    2.599737e-01    2.335605e-01    1.802818e-01
80        7.645501e-01    3.740688e+15    1.885725e-01    3.205663e-01    4.611166e-02    1.229792e-01    2.832672e-01    4.296353e-01    5.559847e-01    6.123604e-01    5.705664e-01    4.820581e-01    3.464001e-01    2.743710e-01    2.535708e-01    2.278066e-01    1.758389e-01
81        7.732437e-01    3.769200e+15    1.851765e-01    3.142329e-01    4.524052e-02    1.207737e-01    2.778479e-01    4.205310e-01    5.434191e-01    5.976658e-01    5.565180e-01    4.700220e-01    3.376920e-01    2.674643e-01    2.471862e-01    2.220691e-01    1.714087e-01
82        7.818658e-01    3.813696e+15    1.818855e-01    3.080941e-01    4.439579e-02    1.186360e-01    2.725958e-01    4.117033e-01    5.312316e-01    5.834102e-01    5.428880e-01    4.583438e-01    3.292427e-01    2.607628e-01    2.409913e-01    2.165021e-01    1.671101e-01
83        7.899225e-01    3.844800e+15    1.786920e-01    3.021351e-01    4.357500e-02    1.165606e-01    2.674988e-01    4.031278e-01    5.193852e-01    5.695472e-01    5.296310e-01    4.469844e-01    3.210236e-01    2.542439e-01    2.349652e-01    2.110867e-01    1.629286e-01
84        7.985691e-01    3.884544e+15    1.757791e-01    2.966965e-01    4.282454e-02    1.146661e-01    2.628491e-01    3.952913e-01    5.085479e-01    5.568548e-01    5.174896e-01    4.365793e-01    3.134946e-01    2.482722e-01    2.294450e-01    2.061259e-01    1.590981e-01
85        8.079366e-01    3.921264e+15    1.727209e-01    2.909851e-01    4.203466e-02    1.126752e-01    2.579680e-01    3.870519e-01    4.971425e-01    5.434880e-01    5.046995e-01    4.256170e-01    3.055619e-01    2.419803e-01    2.236287e-01    2.008990e-01    1.550621e-01
86        8.179097e-01    3.961008e+15    1.694274e-01    2.848696e-01    4.118321e-02    1.105272e-01    2.527341e-01    3.782499e-01    4.849828e-01    5.292662e-01    4.911030e-01    4.139693e-01    2.971354e-01    2.352971e-01    2.174507e-01    1.953472e-01    1.507753e-01
87        8.273126e-01    4.004208e+15    1.659461e-01    2.784383e-01    4.028246e-02    1.082530e-01    2.472228e-01    3.690127e-01    4.722452e-01    5.143958e-01    4.768975e-01    4.018055e-01    2.883375e-01    2.283196e-01    2.110007e-01    1.895510e-01    1.462999e-01
88        8.367806e-01    4.037040e+15    1.626867e-01    2.724515e-01    3.943832e-02    1.061198e-01    2.420850e-01    3.604339e-01    4.604400e-01    5.006432e-01    4.637715e-01    3.905718e-01    2.802145e-01    2.218777e-01    2.050459e-01    1.841999e-01    1.421681e-01
89        8.461851e-01    4.081104e+15    1.594151e-01    2.664811e-01    3.859016e-02    1.039743e-01    2.369529e-01    3.519015e-01    4.487265e-01    4.870300e-01    4.507918e-01    3.794700e-01    2.721893e-01    2.155137e-01    1.991632e-01    1.789136e-01    1.380865e-01
90        8.550618e-01    4.119120e+15    1.561657e-01    2.605966e-01    3.774672e-02    1.018383e-01    2.318847e-01    3.435186e-01    4.372509e-01    4.737323e-01    4.381287e-01    3.686469e-01    2.643683e-01    2.093122e-01    1.934308e-01    1.737624e-01    1.341093e-01
91        8.648939e-01    4.159728e+15    1.530923e-01    2.550799e-01    3.694784e-02    9.981242e-02    2.271226e-01    3.356890e-01    4.265687e-01    4.613968e-01    4.263992e-01    3.586304e-01    2.571334e-01    2.035759e-01    1.881284e-01    1.689977e-01    1.304306e-01
92        8.737440e-01    4.199040e+15    1.496661e-01    2.489916e-01    3.605586e-02    9.754707e-02    2.218533e-01    3.270850e-01    4.148755e-01    4.479480e-01    4.136333e-01    3.477401e-01    2.492715e-01    1.973431e-01    1.823671e-01    1.638209e-01    1.264338e-01
93        8.896015e-01    4.243104e+15    1.465751e-01    2.435447e-01    3.525012e-02    9.549824e-02    2.171289e-01    3.194150e-01    4.044860e-01    4.360398e-01    4.023465e-01    3.381200e-01    2.423296e-01    1.918401e-01    1.772806e-01    1.592504e-01    1.229052e-01
94        9.046597e-01    4.313952e+15    1.408994e-01    2.337101e-01    3.376677e-02    9.171720e-02    2.085612e-01    3.056694e-01    3.859938e-01    4.149974e-01    3.824651e-01    3.212061e-01    2.301360e-01    1.821760e-01    1.683481e-01    1.512244e-01    1.167092e-01
95        9.206303e-01    4.376160e+15    1.353947e-01    2.243406e-01    3.232432e-02    8.803122e-02    2.003599e-01    2.926785e-01    3.686479e-01    3.954182e-01    3.640318e-01    3.055573e-01    2.188666e-01    1.732462e-01    1.600947e-01    1.438089e-01    1.109848e-01
96        9.361180e-01    4.440960e+15    1.294241e-01    2.143700e-01    3.075538e-02    8.401160e-02    1.915877e-01    2.789758e-01    3.505052e-01    3.751267e-01    3.450060e-01    2.894452e-01    2.072780e-01    1.640658e-01    1.516100e-01    1.361861e-01    1.051008e-01
97        9.513030e-01    4.505760e+15    1.235773e-01    2.047370e-01    2.921604e-02    8.006067e-02    1.830813e-01    2.658215e-01    3.331957e-01    3.558992e-01    3.270333e-01    2.742533e-01    1.963616e-01    1.554197e-01    1.436192e-01    1.290073e-01    9.955978e-02
98        9.658515e-01    4.579200e+15    1.178598e-01    1.954016e-01    2.770878e-02    7.618750e-02    1.748173e-01    2.531291e-01    3.165653e-01    3.375139e-01    3.098851e-01    2.597773e-01    1.859668e-01    1.471877e-01    1.360114e-01    1.221728e-01    9.428471e-02
99        9.738664e-01    4.626720e+15    1.124521e-01    1.866246e-01    2.628201e-02    7.251832e-02    1.670348e-01    2.412306e-01    3.010194e-01    3.203831e-01    2.939305e-01    2.463210e-01    1.763086e-01    1.395398e-01    1.289436e-01    1.158234e-01    8.938423e-02
100       9.813692e-01    4.669920e+15    1.095322e-01    1.818955e-01    2.551141e-02    7.053606e-02    1.628391e-01    2.348262e-01    2.926604e-01    3.111824e-01    2.853662e-01    2.391001e-01    1.711266e-01    1.354366e-01    1.251516e-01    1.124170e-01    8.675511e-02
101       9.888321e-01    4.700160e+15    1.068411e-01    1.775428e-01    2.480106e-02    6.870845e-02    1.589759e-01    2.289354e-01    2.849768e-01    3.027315e-01    2.775024e-01    2.324712e-01    1.663701e-01    1.316703e-01    1.216709e-01    1.092902e-01    8.434188e-02
102       9.965635e-01    4.743360e+15    1.042009e-01    1.732751e-01    2.410408e-02    6.691509e-02    1.551876e-01    2.231616e-01    2.774481e-01    2.944540e-01    2.698013e-01    2.259801e-01    1.617126e-01    1.279825e-01    1.182628e-01    1.062286e-01    8.197898e-02
103       1.004756e+00    4.777920e+15    1.015038e-01    1.689177e-01    2.339200e-02    6.508277e-02    1.513189e-01    2.172679e-01    2.697652e-01    2.860094e-01    2.619458e-01    2.193594e-01    1.569623e-01    1.242213e-01    1.147869e-01    1.031061e-01    7.956905e-02
104       1.013115e+00    4.825440e+15    9.868754e-02    1.643706e-01    2.264843e-02    6.316927e-02    1.472812e-01    2.111193e-01    2.617522e-01    2.772047e-01    2.537565e-01    2.124580e-01    1.520109e-01    1.203008e-01    1.111638e-01    9.985140e-02    7.705710e-02
105       1.021507e+00    4.864320e+15    9.585928e-02    1.598059e-01    2.190164e-02    6.124737e-02    1.432274e-01    2.049483e-01    2.537116e-01    2.683718e-01    2.455419e-01    2.055357e-01    1.470447e-01    1.163686e-01    1.075299e-01    9.658696e-02    7.453765e-02
106       1.030064e+00    4.911840e+15    9.306639e-02    1.553002e-01    2.116415e-02    5.934930e-02    1.392256e-01    1.988583e-01    2.457783e-01    2.596590e-01    2.374397e-01    1.987087e-01    1.421470e-01    1.124907e-01    1.039462e-01    9.336760e-02    7.205299e-02
107       1.038422e+00    4.955040e+15    9.026584e-02    1.507839e-01    2.042459e-02    5.744583e-02    1.352139e-01    1.927552e-01    2.378294e-01    2.509307e-01    2.293241e-01    1.918707e-01    1.372415e-01    1.086067e-01    1.003568e-01    9.014321e-02    6.956445e-02
108       1.046840e+00    5.006880e+15    8.757629e-02    1.464487e-01    1.971430e-02    5.561757e-02    1.313625e-01    1.868981e-01    2.302027e-01    2.425585e-01    2.215405e-01    1.853129e-01    1.325373e-01    1.048821e-01    9.691468e-02    8.705109e-02    6.717800e-02
109       1.055287e+00    5.054400e+15    8.491353e-02    1.421595e-01    1.901102e-02    5.380720e-02    1.275514e-01    1.811052e-01    2.226621e-01    2.342840e-01    2.138490e-01    1.788335e-01    1.278895e-01    1.012022e-01    9.351393e-02    8.399614e-02    6.482025e-02
110       1.063788e+00    5.101920e+15    8.228565e-02    1.379310e-01    1.831687e-02    5.202006e-02    1.237930e-01    1.753972e-01    2.152358e-01    2.261397e-01    2.062808e-01    1.724589e-01    1.233174e-01    9.758220e-02    9.016856e-02    8.099094e-02    6.250090e-02
111       1.072765e+00    5.158080e+15    7.968361e-02    1.337470e-01    1.762964e-02    5.025032e-02    1.200733e-01    1.697521e-01    2.078950e-01    2.180934e-01    1.988052e-01    1.661633e-01    1.188021e-01    9.400734e-02    8.686490e-02    7.802323e-02    6.021050e-02
112       1.081702e+00    5.209920e+15    7.698682e-02    1.294106e-01    1.691798e-02    4.841674e-02    1.162177e-01    1.639040e-01    2.002932e-01    2.097637e-01    1.910676e-01    1.596474e-01    1.141291e-01    9.030755e-02    8.344579e-02    7.495180e-02    5.784006e-02
113       1.090993e+00    5.266080e+15    7.434314e-02    1.251523e-01    1.622480e-02    4.662443e-02    1.124300e-01    1.581751e-01    1.928634e-01    2.016353e-01    1.835218e-01    1.532947e-01    1.095736e-01    8.670091e-02    8.011278e-02    7.195774e-02    5.552932e-02
114       1.099793e+00    5.326560e+15    7.164178e-02    1.207966e-01    1.551926e-02    4.479620e-02    1.085547e-01    1.523237e-01    1.852850e-01    1.933522e-01    1.758357e-01    1.468249e-01    1.049344e-01    8.302804e-02    7.671856e-02    6.890870e-02    5.317617e-02
115       1.108856e+00    5.382720e+15    6.913049e-02    1.167430e-01    1.486595e-02    4.309961e-02    1.049473e-01    1.468864e-01    1.782526e-01    1.856734e-01    1.687131e-01    1.408304e-01    1.006363e-01    7.962526e-02    7.357396e-02    6.608390e-02    5.099608e-02
116       1.117776e+00    5.443200e+15    6.658564e-02    1.126282e-01    1.420821e-02    4.138530e-02    1.012840e-01    1.413802e-01    1.711473e-01    1.779273e-01    1.615330e-01    1.347892e-01    9.630507e-02    7.619635e-02    7.040523e-02    6.323743e-02    4.879927e-02
117       1.127102e+00    5.503680e+15    6.411893e-02    1.086319e-01    1.357534e-02    3.972904e-02    9.772467e-02    1.360473e-01    1.642832e-01    1.704577e-01    1.546144e-01    1.289697e-01    9.213341e-02    7.289381e-02    6.735329e-02    6.049589e-02    4.668345e-02
118       1.135905e+00    5.559840e+15    6.156602e-02    1.044812e-01    1.292932e-02    3.802527e-02    9.402475e-02    1.305361e-01    1.572233e-01    1.628009e-01    1.475327e-01    1.230163e-01    8.786679e-02    6.951623e-02    6.423204e-02    5.769210e-02    4.451961e-02
119       1.142626e+00    5.611680e+15    5.917483e-02    1.005781e-01    1.233349e-02    3.644013e-02    9.054243e-02    1.253823e-01    1.506562e-01    1.557055e-01    1.409809e-01    1.175119e-01    8.392297e-02    6.639434e-02    6.134709e-02    5.510061e-02    4.251963e-02
120       1.149251e+00    5.650560e+15    5.735341e-02    9.759034e-02    1.188851e-02    3.524295e-02    8.787379e-02    1.214645e-01    1.456976e-01    1.503741e-01    1.360681e-01    1.133880e-01    8.096925e-02    6.405634e-02    5.918657e-02    5.315988e-02    4.102189e-02
121       1.155793e+00    5.689440e+15    5.554424e-02    9.460290e-02    1.145848e-02    3.406766e-02    8.520146e-02    1.175837e-01    1.408311e-01    1.451771e-01    1.312933e-01    1.093846e-01    7.810320e-02    6.178793e-02    5.709040e-02    5.127699e-02    3.956880e-02
122       1.162289e+00    5.728320e+15    5.370121e-02    9.152276e-02    1.104266e-02    3.289609e-02    8.243884e-02    1.136502e-01    1.359830e-01    1.400663e-01    1.266244e-01    1.054789e-01    7.530969e-02    5.957730e-02    5.504770e-02    4.944218e-02    3.815287e-02
123       1.168905e+00    5.767200e+15    5.183172e-02    8.837035e-02    1.063782e-02    3.172728e-02    7.960586e-02    1.096755e-01    1.311487e-01    1.350219e-01    1.220371e-01    1.016485e-01    7.257219e-02    5.741129e-02    5.304629e-02    4.764451e-02    3.676562e-02
124       1.175488e+00    5.797440e+15    4.994051e-02    8.517614e-02    1.023141e-02    3.054853e-02    7.673430e-02    1.056573e-01    1.262736e-01    1.299447e-01    1.174241e-01    9.779798e-02    6.982066e-02    5.523424e-02    5.103469e-02    4.583770e-02    3.537133e-02
125       1.182080e+00    5.832000e+15    4.807380e-02    8.202012e-02    9.832188e-03    2.938726e-02    7.389645e-02    1.016930e-01    1.214711e-01    1.249491e-01    1.128876e-01    9.401223e-02    6.711568e-02    5.309404e-02    4.905715e-02    4.406149e-02    3.400066e-02
126       1.188603e+00    5.870880e+15    4.622018e-02    7.888404e-02    9.437092e-03    2.823567e-02    7.107610e-02    9.775760e-02    1.167088e-01    1.199995e-01    1.083947e-01    9.026332e-02    6.443718e-02    5.097483e-02    4.709901e-02    4.230270e-02    3.264343e-02
127       1.195201e+00    5.901120e+15    4.440582e-02    7.581312e-02    9.051128e-03    2.710936e-02    6.831411e-02    9.390626e-02    1.120511e-01    1.151611e-01    1.040036e-01    8.659973e-02    6.181975e-02    4.890395e-02    4.518552e-02    4.058403e-02    3.131716e-02
128       1.201248e+00    5.935680e+15    4.258963e-02    7.273819e-02    8.665329e-03    2.598255e-02    6.554833e-02    9.005153e-02    1.073915e-01    1.103223e-01    9.961290e-02    8.293675e-02    5.920282e-02    4.683347e-02    4.327241e-02    3.886570e-02    2.999115e-02
129       1.207538e+00    5.970240e+15    4.094153e-02    6.994708e-02    8.315712e-03    2.496058e-02    6.303768e-02    8.655401e-02    1.031655e-01    1.059353e-01    9.563277e-02    7.961648e-02    5.683080e-02    4.495677e-02    4.153835e-02    3.730818e-02    2.878925e-02
130       1.215021e+00    6.004800e+15    3.924466e-02    6.707240e-02    7.956320e-03    2.390903e-02    6.045168e-02    8.295347e-02    9.881718e-02    1.014232e-01    9.153986e-02    7.620237e-02    5.439181e-02    4.302710e-02    3.975535e-02    3.570671e-02    2.755343e-02
131       1.221374e+00    6.043680e+15    3.724753e-02    6.368834e-02    7.533767e-03    2.267190e-02    5.740731e-02    7.871622e-02    9.370159e-02    9.611622e-02    8.672651e-02    7.218751e-02    5.152371e-02    4.075792e-02    3.765866e-02    3.382349e-02    2.610018e-02
132       1.227920e+00    6.078240e+15    3.557214e-02    6.084929e-02    7.179392e-03    2.163420e-02    5.485321e-02    7.516169e-02    8.941065e-02    9.166508e-02    8.268952e-02    6.882025e-02    4.911825e-02    3.885479e-02    3.590017e-02    3.224404e-02    2.488135e-02
133       1.234360e+00    6.117120e+15    3.386552e-02    5.795682e-02    6.818717e-03    2.057750e-02    5.225094e-02    7.154117e-02    8.504121e-02    8.713347e-02    7.857995e-02    6.539259e-02    4.666968e-02    3.691755e-02    3.411018e-02    3.063629e-02    2.364069e-02
134       1.240786e+00    6.156000e+15    3.220535e-02    5.514251e-02    6.468193e-03    1.954996e-02    4.971889e-02    6.801950e-02    8.079236e-02    8.272797e-02    7.458517e-02    6.206082e-02    4.428966e-02    3.503454e-02    3.237031e-02    2.907356e-02    2.243477e-02
135       1.248512e+00    6.199200e+15    3.056781e-02    5.236580e-02    6.122918e-03    1.853697e-02    4.722052e-02    6.454625e-02    7.660374e-02    7.838640e-02    7.064899e-02    5.877813e-02    4.194475e-02    3.317933e-02    3.065611e-02    2.753390e-02    2.124664e-02
136       1.256142e+00    6.251040e+15    2.862134e-02    4.906376e-02    5.713391e-03    1.733389e-02    4.424919e-02    6.041854e-02    7.162925e-02    7.323307e-02    6.597797e-02    5.488299e-02    3.916247e-02    3.097811e-02    2.862221e-02    2.570708e-02    1.983693e-02
137       1.263949e+00    6.302880e+15    2.672461e-02    4.584451e-02    5.315301e-03    1.616268e-02    4.135204e-02    5.639720e-02    6.678667e-02    6.821945e-02    6.143486e-02    5.109494e-02    3.645681e-02    2.883752e-02    2.664433e-02    2.393059e-02    1.846605e-02
138       1.271926e+00    6.350400e+15    2.480867e-02    4.258972e-02    4.914947e-03    1.498165e-02    3.842235e-02    5.233669e-02    6.190374e-02    6.316962e-02    5.686124e-02    4.728223e-02    3.373377e-02    2.668321e-02    2.465379e-02    2.214272e-02    1.708640e-02
139       1.279715e+00    6.384960e+15    2.286837e-02    3.928826e-02    4.512702e-03    1.378930e-02    3.544960e-02    4.822743e-02    5.697445e-02    5.808196e-02    5.225754e-02    4.344586e-02    3.099426e-02    2.451592e-02    2.265127e-02    2.034411e-02    1.569846e-02
140       1.287286e+00    6.419520e+15    2.097138e-02    3.604963e-02    4.126013e-03    1.263117e-02    3.253134e-02    4.421579e-02    5.218756e-02    5.316211e-02    4.781431e-02    3.974614e-02    2.835318e-02    2.242664e-02    2.072084e-02    1.861027e-02    1.436053e-02
141       1.295097e+00    6.462720e+15    1.909202e-02    3.281903e-02    3.756257e-03    1.149922e-02    2.961603e-02    4.025338e-02    4.751074e-02    4.839795e-02    4.352940e-02    3.618426e-02    2.581229e-02    2.041686e-02    1.886393e-02    1.694250e-02    1.307360e-02
142       1.303236e+00    6.505920e+15    1.717639e-02    2.952608e-02    3.379366e-03    1.034543e-02    2.664445e-02    3.621448e-02    4.274367e-02    4.354186e-02    3.916180e-02    3.255365e-02    2.322237e-02    1.836830e-02    1.697118e-02    1.524254e-02    1.176183e-02
143       1.311025e+00    6.557760e+15    1.520670e-02    2.614020e-02    2.991840e-03    9.159072e-03    2.358902e-02    3.206161e-02    3.784207e-02    3.854873e-02    3.467095e-02    2.882058e-02    2.055936e-02    1.626193e-02    1.502503e-02    1.349461e-02    1.041306e-02
144       1.319609e+00    6.596640e+15    1.334918e-02    2.294712e-02    2.626381e-03    8.040274e-03    2.070758e-02    2.814523e-02    3.321959e-02    3.383993e-02    3.043583e-02    2.530010e-02    1.804800e-02    1.427550e-02    1.318969e-02    1.184622e-02    9.141081e-03
145       1.327825e+00    6.657120e+15    1.133007e-02    1.947630e-02    2.229133e-03    6.824157e-03    1.757549e-02    2.388817e-02    2.819502e-02    2.872153e-02    2.583231e-02    2.147338e-02    1.531818e-02    1.211629e-02    1.119471e-02    1.005444e-02    7.758464e-03
146       1.336138e+00    6.726240e+15    9.426541e-03    1.620415e-02    1.854623e-03    5.677652e-03    1.462269e-02    1.987480e-02    2.345807e-02    2.389612e-02    2.149231e-02    1.786570e-02    1.274462e-02    1.008067e-02    9.313922e-03    8.365228e-03    6.454989e-03
147       1.344126e+00    6.816960e+15    7.537631e-03    1.295712e-02    1.482990e-03    4.539952e-03    1.169256e-02    1.589224e-02    1.875749e-02    1.910776e-02    1.718563e-02    1.428573e-02    1.019083e-02    8.060683e-03    7.447578e-03    6.688986e-03    5.161524e-03
148       1.352329e+00    7.093440e+15    5.765185e-03    9.910305e-03    1.134270e-03    3.472399e-03    8.943100e-03    1.215524e-02    1.434673e-02    1.461464e-02    1.314450e-02    1.092650e-02    7.794492e-03    6.165243e-03    5.696308e-03    5.116095e-03    3.947811e-03
149       1.356488e+00    7.344000e+15    4.040048e-03    6.944809e-03    7.948586e-04    2.433341e-03    6.267025e-03    8.517985e-03    1.005371e-02    1.024145e-02    9.211222e-03    7.656923e-03    5.462119e-03    4.320396e-03    3.991782e-03    3.585188e-03    2.766494e-03
150       1.360493e+00    7.624800e+15    3.228017e-03    5.548934e-03    6.350956e-04    1.944250e-03    5.007381e-03    6.805908e-03    8.032960e-03    8.182966e-03    7.359807e-03    6.117916e-03    4.364257e-03    3.452016e-03    3.189451e-03    2.864581e-03    2.210441e-03
151       1.364838e+00    7.845120e+15    2.500513e-03    4.298361e-03    4.919629e-04    1.506071e-03    3.878858e-03    5.272049e-03    6.222557e-03    6.338756e-03    5.701114e-03    4.739110e-03    3.380677e-03    2.674029e-03    2.470639e-03    2.218986e-03    1.712270e-03
152       1.366924e+00    8.160480e+15    1.761790e-03    3.028503e-03    3.466231e-04    1.061135e-03    2.732933e-03    3.714536e-03    4.384237e-03    4.466108e-03    4.016843e-03    3.339042e-03    2.381929e-03    1.884045e-03    1.740742e-03    1.563434e-03    1.206417e-03
153       1.368937e+00    8.285760e+15    1.430278e-03    2.458637e-03    2.813999e-04    8.614638e-04    2.218684e-03    3.015581e-03    3.559266e-03    3.625731e-03    3.261004e-03    2.710743e-03    1.933727e-03    1.529529e-03    1.413191e-03    1.269247e-03    9.794082e-04
154       1.370395e+00    8.480160e+15    1.127442e-03    1.938063e-03    2.218183e-04    6.790637e-04    1.748916e-03    2.377084e-03    2.805653e-03    2.858045e-03    2.570543e-03    2.136790e-03    1.524294e-03    1.205677e-03    1.113972e-03    1.000506e-03    7.720354e-04
155       1.372036e+00    8.601120e+15    9.163168e-04    1.575141e-03    1.802806e-04    5.519022e-04    1.421414e-03    1.931951e-03    2.280266e-03    2.322847e-03    2.089182e-03    1.736654e-03    1.238854e-03    9.799021e-04    9.053695e-04    8.131508e-04    6.274640e-04
156       1.373266e+00    8.795520e+15    6.874283e-04    1.181684e-03    1.352480e-04    4.140414e-04    1.066356e-03    1.449365e-03    1.710674e-03    1.742619e-03    1.567321e-03    1.302852e-03    9.293985e-04    7.351304e-04    6.792155e-04    6.100323e-04    4.707285e-04
157       1.374388e+00    8.920800e+15    5.220985e-04    8.974830e-04    1.027202e-04    3.144625e-04    8.098924e-04    1.100786e-03    1.299249e-03    1.323511e-03    1.190373e-03    9.895099e-04    7.058737e-04    5.583280e-04    5.158609e-04    4.633166e-04    3.575161e-04
158       1.375159e+00    9.063360e+15    3.765783e-04    6.473350e-04    7.408984e-05    2.268150e-04    5.841578e-04    7.939729e-04    9.371199e-04    9.546195e-04    8.585904e-04    7.137121e-04    5.091314e-04    4.027099e-04    3.720793e-04    3.341802e-04    2.578686e-04
159       1.375758e+00    9.162720e+15    2.795645e-04    4.805690e-04    5.500286e-05    1.683831e-04    4.336675e-04    5.894301e-04    6.956997e-04    7.086911e-04    6.374009e-04    5.298461e-04    3.779693e-04    2.989641e-04    2.762245e-04    2.480889e-04    1.914367e-04
160       1.376174e+00    9.257760e+15    2.061625e-04    3.543917e-04    4.056141e-05    1.241727e-04    3.198045e-04    4.346704e-04    5.130380e-04    5.226184e-04    4.700461e-04    3.907306e-04    2.787304e-04    2.204686e-04    2.036995e-04    1.829511e-04    1.411734e-04
161       1.376652e+00    9.348480e+15    1.562622e-04    2.686135e-04    3.074378e-05    9.411751e-05    2.423979e-04    3.294612e-04    3.888605e-04    3.961220e-04    3.562745e-04    2.961568e-04    2.112655e-04    1.671056e-04    1.543953e-04    1.386690e-04    1.070033e-04
162       1.376886e+00    9.426240e+15    1.000873e-04    1.720493e-04    1.969166e-05    6.028309e-05    1.552580e-04    2.110228e-04    2.490685e-04    2.537196e-04    2.281969e-04    1.896910e-04    1.353174e-04    1.070326e-04    9.889157e-05    8.881871e-05    6.853654e-05
163       1.377103e+00    9.499680e+15    7.301147e-05    1.255061e-04    1.436463e-05    4.397517e-05    1.132572e-04    1.539364e-04    1.816900e-04    1.850828e-04    1.664646e-04    1.383754e-04    9.871103e-05    7.807789e-05    7.213920e-05    6.479127e-05    4.999588e-05
164       1.377229e+00    9.560160e+15    4.839143e-05    8.318447e-05    9.520764e-06    2.914640e-05    7.506601e-05    1.020279e-04    1.204227e-04    1.226714e-04    1.103314e-04    9.171412e-05    6.542490e-05    5.174942e-05    4.781329e-05    4.294315e-05    3.313688e-05
165       1.377326e+00    9.612000e+15    3.424002e-05    5.885830e-05    6.736546e-06    2.062293e-05    5.311398e-05    7.219121e-05    8.520671e-05    8.679785e-05    7.806649e-05    6.489357e-05    4.629228e-05    3.661601e-05    3.383095e-05    3.038501e-05    2.344645e-05
166       1.377400e+00    9.672480e+15    2.355288e-05    4.048721e-05    4.633907e-06    1.418602e-05    3.653582e-05    4.965859e-05    5.861164e-05    5.970614e-05    5.370005e-05    4.463872e-05    3.184334e-05    2.518727e-05    2.327149e-05    2.090111e-05    1.612825e-05
167       1.377428e+00    9.711360e+15    1.543470e-05    2.653212e-05    3.036698e-06    9.296397e-06    2.394270e-05    3.254233e-05    3.840945e-05    3.912670e-05    3.519078e-05    2.925270e-05    2.086762e-05    1.650575e-05    1.525030e-05    1.369694e-05    1.056918e-05
168       1.377463e+00    9.741600e+15    1.237074e-05    2.126519e-05    2.433879e-06    7.450956e-06    1.918980e-05    2.608230e-05    3.078473e-05    3.135961e-05    2.820501e-05    2.344571e-05    1.672516e-05    1.322917e-05    1.222294e-05    1.097794e-05    8.471079e-06
169       1.377489e+00    9.784800e+15    8.603682e-06    1.478966e-05    1.692730e-06    5.182040e-06    1.334625e-05    1.813989e-05    2.141037e-05    2.181019e-05    1.961621e-05    1.630618e-05    1.163212e-05    9.200711e-06    8.500894e-06    7.635013e-06    5.891522e-06
170       1.377507e+00    9.819360e+15    5.878783e-06    1.010558e-05    1.156620e-06    3.540820e-06    9.119317e-06    1.239475e-05    1.462942e-05    1.490261e-05    1.340350e-05    1.114179e-05    7.948076e-06    6.286724e-06    5.808549e-06    5.216904e-06    4.025599e-06
171       1.377519e+00    9.858240e+15    3.949337e-06    6.788878e-06    7.770117e-07    2.378705e-06    6.126311e-06    8.326731e-06    9.827975e-06    1.001150e-05    9.004402e-06    7.485002e-06    5.339478e-06    4.223390e-06    3.902154e-06    3.504690e-06    2.704378e-06
172       1.377529e+00    9.918720e+15    2.710312e-06    4.659003e-06    5.332398e-07    1.632434e-06    4.204304e-06    5.714386e-06    6.744644e-06    6.870593e-06    6.179451e-06    5.136732e-06    3.664323e-06    2.898386e-06    2.677931e-06    2.405164e-06    1.855933e-06
173       1.377535e+00    9.953280e+15    1.637196e-06    2.814327e-06    3.221099e-07    9.860915e-07    2.539660e-06    3.451844e-06    4.074184e-06    4.150265e-06    3.732772e-06    3.102905e-06    2.213479e-06    1.750805e-06    1.617637e-06    1.452868e-06    1.121099e-06
174       1.377539e+00    1.002240e+16    1.073245e-06    1.844899e-06    2.111554e-07    6.464208e-07    1.664845e-06    2.262816e-06    2.670784e-06    2.720658e-06    2.446975e-06    2.034074e-06    1.451020e-06    1.147720e-06    1.060423e-06    9.524108e-07    7.349234e-07
175       1.377542e+00    1.009152e+16    6.492542e-07    1.116063e-06    1.277374e-07    3.910490e-07    1.007140e-06    1.368879e-06    1.615677e-06    1.645848e-06    1.480285e-06    1.230503e-06    8.777875e-07    6.943074e-07    6.414975e-07    5.761561e-07    4.445882e-07
176       1.377545e+00    1.044576e+16    3.086042e-07    5.304881e-07    6.071628e-08    1.858738e-07    4.787146e-07    6.506571e-07    7.679654e-07    7.823063e-07    7.036109e-07    5.848838e-07    4.172309e-07    3.300189e-07    3.049173e-07    2.738592e-07    2.113221e-07
