izn          menc_Msun       radius_cm         tau3keV         tau6keV         tau1keV         tau2keV         tau5keV        tau10keV        tau20keV        tau50keV       tau100keV       tau200keV       tau500keV       tau847keV      tau1000keV      tau1238keV      tau2000keV
0         4.720683e-08    7.560000e+12    1.936403e+00    3.183215e+00    5.082132e-01    1.307544e+00    2.814024e+00    4.334333e+00    5.687992e+00    6.302548e+00    5.884778e+00    4.971365e+00    3.571210e+00    2.828369e+00    2.613939e+00    2.348295e+00    1.812519e+00
1         5.209976e-07    1.558570e+13    1.916834e+00    3.151759e+00    5.030430e-01    1.294231e+00    2.786057e+00    4.291891e+00    5.632802e+00    6.242057e+00    5.828580e+00    4.924038e+00    3.537268e+00    2.801495e+00    2.589104e+00    2.325986e+00    1.795302e+00
2         7.531176e-05    8.334144e+13    1.889972e+00    3.108579e+00    4.959462e-01    1.275958e+00    2.747668e+00    4.233633e+00    5.557045e+00    6.159024e+00    5.751440e+00    4.859075e+00    3.490677e+00    2.764608e+00    2.555015e+00    2.295363e+00    1.771668e+00
3         2.241859e-04    1.580342e+14    1.681197e+00    2.772985e+00    4.407887e-01    1.133936e+00    2.449301e+00    3.780846e+00    4.968253e+00    5.513678e+00    5.151893e+00    4.354172e+00    3.128565e+00    2.477913e+00    2.290070e+00    2.057360e+00    1.587983e+00
4         6.187699e-04    2.326061e+14    1.602972e+00    2.647243e+00    4.201221e-01    1.080722e+00    2.337509e+00    3.611195e+00    4.747642e+00    5.271878e+00    4.927252e+00    4.164993e+00    2.992887e+00    2.370493e+00    2.190799e+00    1.968185e+00    1.519160e+00
5         1.078353e-03    2.979850e+14    1.522268e+00    2.517515e+00    3.988002e-01    1.025822e+00    2.222171e+00    3.436164e+00    4.520038e+00    5.022412e+00    4.695490e+00    3.969816e+00    2.852908e+00    2.259668e+00    2.088382e+00    1.876182e+00    1.448154e+00
6         2.659219e-03    3.842294e+14    1.470957e+00    2.435036e+00    3.852441e-01    9.909166e-01    2.148842e+00    3.324882e+00    4.375330e+00    4.863805e+00    4.548139e+00    3.845726e+00    2.763912e+00    2.189207e+00    2.023266e+00    1.817687e+00    1.403010e+00
7         4.488850e-03    4.801507e+14    1.364224e+00    2.263467e+00    3.570455e-01    9.183093e-01    1.996305e+00    3.093400e+00    4.074316e+00    4.533879e+00    4.241627e+00    3.587600e+00    2.578786e+00    2.042637e+00    1.887816e+00    1.696011e+00    1.309103e+00
8         8.964167e-03    6.108480e+14    1.287181e+00    2.139625e+00    3.366911e-01    8.658998e-01    1.886202e+00    2.926312e+00    3.857039e+00    4.295733e+00    4.020381e+00    3.401279e+00    2.445159e+00    1.936840e+00    1.790045e+00    1.608183e+00    1.241320e+00
9         1.784998e-02    7.439040e+14    1.168970e+00    1.949607e+00    3.054602e-01    7.854847e-01    1.717263e+00    2.669937e+00    3.523657e+00    3.930329e+00    3.680909e+00    3.115396e+00    2.240126e+00    1.774510e+00    1.640029e+00    1.473422e+00    1.137315e+00
10        2.799012e-02    9.592128e+14    1.016516e+00    1.704545e+00    2.651824e-01    6.817754e-01    1.499386e+00    2.339297e+00    3.093702e+00    3.459077e+00    3.243100e+00    2.746699e+00    1.975700e+00    1.565156e+00    1.446558e+00    1.299624e+00    1.003183e+00
11        3.573537e-02    1.042070e+15    9.066653e-01    1.527966e+00    2.361604e-01    6.070480e-01    1.342396e+00    2.101055e+00    2.783898e+00    3.119516e+00    2.927637e+00    2.481035e+00    1.785167e+00    1.414306e+00    1.307152e+00    1.174394e+00    9.065333e-01
12        4.388573e-02    1.164240e+15    8.456109e-01    1.429823e+00    2.200300e-01    5.655148e-01    1.255140e+00    1.968640e+00    2.611708e+00    2.930787e+00    2.752301e+00    2.333377e+00    1.679269e+00    1.330463e+00    1.229669e+00    1.104791e+00    8.528152e-01
13        4.961839e-02    1.217462e+15    7.927738e-01    1.344889e+00    2.060707e-01    5.295717e-01    1.179629e+00    1.854046e+00    2.462692e+00    2.767457e+00    2.600561e+00    2.205590e+00    1.587621e+00    1.257903e+00    1.162613e+00    1.044554e+00    8.063262e-01
14        5.603555e-02    1.297296e+15    7.608555e-01    1.293581e+00    1.976380e-01    5.078589e-01    1.134013e+00    1.784820e+00    2.372672e+00    2.668789e+00    2.508895e+00    2.128394e+00    1.532257e+00    1.214069e+00    1.122105e+00    1.008165e+00    7.782421e-01
15        6.230036e-02    1.335398e+15    7.288138e-01    1.242074e+00    1.891728e-01    4.860622e-01    1.088220e+00    1.715325e+00    2.282301e+00    2.569736e+00    2.416870e+00    2.050897e+00    1.476676e+00    1.170064e+00    1.081439e+00    9.716340e-01    7.500482e-01
16        6.878357e-02    1.414627e+15    7.002674e-01    1.196185e+00    1.816310e-01    4.666434e-01    1.047422e+00    1.653409e+00    2.201784e+00    2.481482e+00    2.334879e+00    1.981847e+00    1.427154e+00    1.130856e+00    1.045205e+00    9.390850e-01    7.249277e-01
17        7.543748e-02    1.447891e+15    6.731996e-01    1.152671e+00    1.744798e-01    4.482304e-01    1.008736e+00    1.594698e+00    2.125435e+00    2.397797e+00    2.257130e+00    1.916371e+00    1.380195e+00    1.093677e+00    1.010847e+00    9.082206e-01    7.011073e-01
18        8.230894e-02    1.525306e+15    6.475611e-01    1.111452e+00    1.677064e-01    4.307902e-01    9.720910e-01    1.539080e+00    2.053104e+00    2.318511e+00    2.183468e+00    1.854336e+00    1.335703e+00    1.058452e+00    9.782933e-01    8.789775e-01    6.785383e-01
19        8.879927e-02    1.561594e+15    6.230267e-01    1.072006e+00    1.612247e-01    4.141012e-01    9.370227e-01    1.485853e+00    1.983882e+00    2.242631e+00    2.112969e+00    1.794964e+00    1.293121e+00    1.024738e+00    9.471374e-01    8.509899e-01    6.569381e-01
20        9.550118e-02    1.628726e+15    6.015305e-01    1.037441e+00    1.555457e-01    3.994793e-01    9.062953e-01    1.439211e+00    1.923222e+00    2.176133e+00    2.051186e+00    1.742931e+00    1.255803e+00    9.951918e-01    9.198326e-01    8.264617e-01    6.380079e-01
21        1.046808e-01    1.669853e+15    5.808542e-01    1.004141e+00    1.500846e-01    3.854211e-01    8.767052e-01    1.394240e+00    1.864687e+00    2.111906e+00    1.991487e+00    1.692640e+00    1.219729e+00    9.666304e-01    8.934378e-01    8.027508e-01    6.197082e-01
22        1.138890e-01    1.752710e+15    5.544305e-01    9.615475e-01    1.431062e-01    3.674593e-01    8.388658e-01    1.336692e+00    1.789750e+00    2.029642e+00    1.915005e+00    1.628203e+00    1.173505e+00    9.300315e-01    8.596152e-01    7.723672e-01    5.962587e-01
23        1.231733e-01    1.802909e+15    5.299253e-01    9.219870e-01    1.366359e-01    3.508084e-01    8.037358e-01    1.283203e+00    1.720046e+00    1.953058e+00    1.843777e+00    1.568179e+00    1.130441e+00    8.959340e-01    8.281040e-01    7.440600e-01    5.744115e-01
24        1.326445e-01    1.876090e+15    5.075333e-01    8.855696e-01    1.307297e-01    3.356235e-01    7.714630e-01    1.233784e+00    1.655416e+00    1.881759e+00    1.777340e+00    1.512127e+00    1.090204e+00    8.640710e-01    7.986574e-01    7.176067e-01    5.539945e-01
25        1.448927e-01    1.936570e+15    4.863250e-01    8.510085e-01    1.251372e-01    3.212491e-01    7.408521e-01    1.186839e+00    1.593961e+00    1.813890e+00    1.714067e+00    1.458730e+00    1.051866e+00    8.337112e-01    7.705998e-01    6.924011e-01    5.345403e-01
26        1.572242e-01    2.014589e+15    4.609114e-01    8.095259e-01    1.184374e-01    3.040322e-01    7.041274e-01    1.130447e+00    1.520081e+00    1.732227e+00    1.637904e+00    1.394438e+00    1.005700e+00    7.971515e-01    7.368122e-01    6.620477e-01    5.111128e-01
27        1.697169e-01    2.101680e+15    4.377073e-01    7.713092e-01    1.123278e-01    2.883504e-01    6.703771e-01    1.078269e+00    1.451434e+00    1.655987e+00    1.566646e+00    1.334209e+00    9.624227e-01    7.628743e-01    7.051335e-01    6.335880e-01    4.891460e-01
28        1.823643e-01    2.148854e+15    4.166035e-01    7.362380e-01    1.067784e-01    2.741234e-01    6.394804e-01    1.030181e+00    1.387904e+00    1.585105e+00    1.500258e+00    1.278024e+00    9.220259e-01    7.308746e-01    6.755588e-01    6.070179e-01    4.686370e-01
29        1.907107e-01    2.232922e+15    3.970516e-01    7.034634e-01    1.016434e-01    2.609744e-01    6.106744e-01    9.850585e-01    1.328058e+00    1.518047e+00    1.437329e+00    1.224706e+00    8.836669e-01    7.004854e-01    6.474722e-01    5.817840e-01    4.491587e-01
30        1.993106e-01    2.257114e+15    3.851556e-01    6.833771e-01    9.852248e-02    2.529905e-01    5.930548e-01    9.573112e-01    1.291139e+00    1.476531e+00    1.398309e+00    1.191614e+00    8.598480e-01    6.816135e-01    6.300299e-01    5.661130e-01    4.370618e-01
31        2.077098e-01    2.323037e+15    3.736583e-01    6.638562e-01    9.550856e-02    2.452862e-01    5.759565e-01    9.302763e-01    1.255080e+00    1.435877e+00    1.360055e+00    1.159148e+00    8.364715e-01    6.630908e-01    6.129102e-01    5.507315e-01    4.251882e-01
32        2.161876e-01    2.353882e+15    3.630165e-01    6.456962e-01    9.272101e-02    2.381655e-01    5.600717e-01    9.050678e-01    1.221384e+00    1.397797e+00    1.324184e+00    1.128687e+00    8.145315e-01    6.457052e-01    5.968412e-01    5.362939e-01    4.140430e-01
33        2.247936e-01    2.409523e+15    3.528532e-01    6.282661e-01    9.006077e-02    2.313748e-01    5.448456e-01    8.808178e-01    1.188900e+00    1.361003e+00    1.289490e+00    1.099207e+00    7.932917e-01    6.288734e-01    5.812840e-01    5.223160e-01    4.032524e-01
34        2.333907e-01    2.442182e+15    3.430334e-01    6.113455e-01    8.749223e-02    2.248225e-01    5.300829e-01    8.572267e-01    1.157236e+00    1.325061e+00    1.255568e+00    1.070366e+00    7.725070e-01    6.124013e-01    5.660591e-01    5.086364e-01    3.926920e-01
35        2.420309e-01    2.500848e+15    3.336950e-01    5.951790e-01    8.505135e-02    2.186000e-01    5.159956e-01    8.346397e-01    1.126860e+00    1.290510e+00    1.222929e+00    1.042601e+00    7.524917e-01    5.965381e-01    5.513969e-01    4.954622e-01    3.825217e-01
36        2.507676e-01    2.537136e+15    3.247599e-01    5.796416e-01    8.271744e-02    2.126540e-01    5.024724e-01    8.128888e-01    1.097555e+00    1.257112e+00    1.191351e+00    1.015726e+00    7.331129e-01    5.811786e-01    5.372000e-01    4.827060e-01    3.726738e-01
37        2.646089e-01    2.601245e+15    3.161619e-01    5.646249e-01    8.047307e-02    2.069396e-01    4.894173e-01    7.918262e-01    1.069127e+00    1.224651e+00    1.160635e+00    9.895716e-01    7.142488e-01    5.662262e-01    5.233794e-01    4.702878e-01    3.630868e-01
38        2.787225e-01    2.672611e+15    3.032319e-01    5.419333e-01    7.710039e-02    1.983584e-01    4.697146e-01    7.599312e-01    1.025994e+00    1.175299e+00    1.113894e+00    9.497501e-01    6.855200e-01    5.434535e-01    5.023302e-01    4.513743e-01    3.484850e-01
39        2.927237e-01    2.733696e+15    2.909077e-01    5.201759e-01    7.388865e-02    1.901938e-01    4.508524e-01    7.292704e-01    9.844315e-01    1.127625e+00    1.068694e+00    9.112169e-01    6.577116e-01    5.214090e-01    4.819539e-01    4.330651e-01    3.343495e-01
40        3.067863e-01    2.820182e+15    2.794416e-01    4.998184e-01    7.090315e-02    1.826105e-01    4.332296e-01    7.005119e-01    9.453608e-01    1.082705e+00    1.026060e+00    8.748507e-01    6.314591e-01    5.005966e-01    4.627163e-01    4.157788e-01    3.210036e-01
41        3.153916e-01    2.856470e+15    2.686692e-01    4.805956e-01    6.810048e-02    1.754970e-01    4.166108e-01    6.732975e-01    9.083151e-01    1.040025e+00    9.855183e-01    8.402501e-01    6.064747e-01    4.807884e-01    4.444067e-01    3.993263e-01    3.083012e-01
42        3.239460e-01    2.918160e+15    2.624238e-01    4.694055e-01    6.647665e-02    1.713780e-01    4.069467e-01    6.574278e-01    8.866783e-01    1.015057e+00    9.617842e-01    8.199859e-01    5.918392e-01    4.691847e-01    4.336807e-01    3.896882e-01    3.008599e-01
43        3.324567e-01    2.941747e+15    2.564621e-01    4.586968e-01    6.492717e-02    1.674491e-01    3.977043e-01    6.422247e-01    8.659306e-01    9.910912e-01    9.389931e-01    8.005219e-01    5.777800e-01    4.580375e-01    4.233768e-01    3.804292e-01    2.937112e-01
44        3.410041e-01    3.004042e+15    2.507400e-01    4.483914e-01    6.344060e-02    1.636812e-01    3.888160e-01    6.275779e-01    8.459220e-01    9.679552e-01    9.169813e-01    7.817187e-01    5.641962e-01    4.472670e-01    4.134210e-01    3.714830e-01    2.868040e-01
45        3.496075e-01    3.031258e+15    2.451907e-01    4.383740e-01    6.199946e-02    1.600297e-01    3.801812e-01    6.133264e-01    8.264362e-01    9.454032e-01    8.955169e-01    7.633788e-01    5.509456e-01    4.367604e-01    4.037091e-01    3.627560e-01    2.800659e-01
46        3.581894e-01    3.086294e+15    2.397981e-01    4.286184e-01    6.059945e-02    1.564836e-01    3.717768e-01    5.994351e-01    8.074277e-01    9.233855e-01    8.745535e-01    7.454633e-01    5.380003e-01    4.264957e-01    3.942208e-01    3.542298e-01    2.734829e-01
47        3.667499e-01    3.113510e+15    2.345876e-01    4.191743e-01    5.924716e-02    1.530593e-01    3.636446e-01    5.859765e-01    7.889980e-01    9.020225e-01    8.542071e-01    7.280719e-01    5.254325e-01    4.165302e-01    3.850090e-01    3.459520e-01    2.670916e-01
48        3.750346e-01    3.169152e+15    2.295512e-01    4.100281e-01    5.794045e-02    1.497514e-01    3.557728e-01    5.729318e-01    7.711223e-01    8.812863e-01    8.344514e-01    7.111822e-01    5.132262e-01    4.068511e-01    3.760619e-01    3.379120e-01    2.608840e-01
49        3.902739e-01    3.213302e+15    2.248250e-01    4.014304e-01    5.671456e-02    1.466489e-01    3.483764e-01    5.606607e-01    7.542959e-01    8.617545e-01    8.158380e-01    6.952666e-01    5.017228e-01    3.977292e-01    3.676299e-01    3.303350e-01    2.550337e-01
50        4.048997e-01    3.305232e+15    2.164490e-01    3.861579e-01    5.454279e-02    1.411546e-01    3.352454e-01    5.388420e-01    7.243519e-01    8.269655e-01    7.826725e-01    6.669017e-01    4.812193e-01    3.814701e-01    3.526004e-01    3.168292e-01    2.446058e-01
51        4.201812e-01    3.354826e+15    2.087936e-01    3.721605e-01    5.255901e-02    1.361375e-01    3.232189e-01    5.188233e-01    6.968515e-01    7.949835e-01    7.521699e-01    6.408077e-01    4.623549e-01    3.665105e-01    3.387720e-01    3.044028e-01    2.350111e-01
52        4.346103e-01    3.447965e+15    2.011742e-01    3.581948e-01    5.058587e-02    1.311484e-01    3.112267e-01    4.988322e-01    6.693673e-01    7.629932e-01    7.216485e-01    6.146920e-01    4.434727e-01    3.515364e-01    3.249302e-01    2.919642e-01    2.254070e-01
53        4.435754e-01    3.490301e+15    1.943118e-01    3.455904e-01    4.880983e-02    1.266585e-01    3.004088e-01    4.807760e-01    6.445265e-01    7.340593e-01    6.940346e-01    5.910598e-01    4.263846e-01    3.379848e-01    3.124033e-01    2.807072e-01    2.167152e-01
54        4.524555e-01    3.550781e+15    1.902272e-01    3.380763e-01    4.775321e-02    1.239876e-01    2.939621e-01    4.700060e-01    6.297025e-01    7.167835e-01    6.775434e-01    5.769446e-01    4.161774e-01    3.298899e-01    3.049206e-01    2.739829e-01    2.115232e-01
55        4.607864e-01    3.576787e+15    1.863077e-01    3.308584e-01    4.673960e-02    1.214255e-01    2.877710e-01    4.596571e-01    6.154535e-01    7.001724e-01    6.616843e-01    5.633693e-01    4.063602e-01    3.221043e-01    2.977236e-01    2.675155e-01    2.065295e-01
56        4.691676e-01    3.636058e+15    1.827271e-01    3.242583e-01    4.581392e-02    1.190859e-01    2.821110e-01    4.501906e-01    6.024157e-01    6.849682e-01    6.471666e-01    5.509411e-01    3.973722e-01    3.149762e-01    2.911345e-01    2.615943e-01    2.019576e-01
57        4.782464e-01    3.665088e+15    1.792163e-01    3.177813e-01    4.490655e-02    1.167927e-01    2.765577e-01    4.408980e-01    5.896139e-01    6.700352e-01    6.329060e-01    5.387322e-01    3.885424e-01    3.079736e-01    2.846613e-01    2.557772e-01    1.974661e-01
58        4.866133e-01    3.720125e+15    1.755115e-01    3.109407e-01    4.394931e-02    1.143735e-01    2.706939e-01    4.310811e-01    5.760866e-01    6.542515e-01    6.178314e-01    5.258255e-01    3.792076e-01    3.005704e-01    2.778178e-01    2.496274e-01    1.927176e-01
59        4.953515e-01    3.758227e+15    1.721801e-01    3.047848e-01    4.308874e-02    1.121987e-01    2.654178e-01    4.222445e-01    5.639074e-01    6.400375e-01    6.042545e-01    5.142005e-01    3.707996e-01    2.939021e-01    2.716537e-01    2.440881e-01    1.884405e-01
60        5.038872e-01    3.807821e+15    1.687923e-01    2.985203e-01    4.221386e-02    1.099878e-01    2.600496e-01    4.132499e-01    5.515078e-01    6.255629e-01    5.904273e-01    5.023604e-01    3.622357e-01    2.871102e-01    2.653753e-01    2.384461e-01    1.840841e-01
61        5.167221e-01    3.864672e+15    1.655641e-01    2.925467e-01    4.138038e-02    1.078816e-01    2.549315e-01    4.046713e-01    5.396793e-01    6.117521e-01    5.772330e-01    4.910616e-01    3.540631e-01    2.806285e-01    2.593837e-01    2.330618e-01    1.799267e-01
62        5.293631e-01    3.919104e+15    1.608515e-01    2.838198e-01    4.016400e-02    1.048079e-01    2.474556e-01    3.921354e-01    5.223907e-01    5.915612e-01    5.579416e-01    4.745405e-01    3.421128e-01    2.711508e-01    2.506225e-01    2.251887e-01    1.738475e-01
63        5.423567e-01    3.994704e+15    1.563503e-01    2.754771e-01    3.900259e-02    1.018732e-01    2.403102e-01    3.801483e-01    5.058547e-01    5.722442e-01    5.394829e-01    4.587316e-01    3.306772e-01    2.620812e-01    2.422386e-01    2.176545e-01    1.680301e-01
64        5.551301e-01    4.054579e+15    1.518819e-01    2.671886e-01    3.785000e-02    9.896069e-02    2.332124e-01    3.682361e-01    4.894187e-01    5.530392e-01    5.211295e-01    4.430118e-01    3.193057e-01    2.530624e-01    2.339016e-01    2.101625e-01    1.622452e-01
65        5.678792e-01    4.128365e+15    1.476420e-01    2.593184e-01    3.675671e-02    9.619806e-02    2.264740e-01    3.569229e-01    4.738062e-01    5.347929e-01    5.036906e-01    4.280745e-01    3.085000e-01    2.444922e-01    2.259794e-01    2.030432e-01    1.567481e-01
66        5.808353e-01    4.198522e+15    1.435528e-01    2.517230e-01    3.570259e-02    9.353438e-02    2.199717e-01    3.460027e-01    4.587337e-01    5.171743e-01    4.868503e-01    4.136492e-01    2.980644e-01    2.362155e-01    2.183284e-01    1.961677e-01    1.514392e-01
67        5.935844e-01    4.259606e+15    1.395443e-01    2.442732e-01    3.466957e-02    9.092391e-02    2.135947e-01    3.352900e-01    4.439457e-01    4.998854e-01    4.703240e-01    3.994922e-01    2.878227e-01    2.280926e-01    2.108196e-01    1.894199e-01    1.462289e-01
68        6.060591e-01    4.339440e+15    1.357252e-01    2.371716e-01    3.368562e-02    8.843739e-02    2.075165e-01    3.250769e-01    4.298455e-01    4.833984e-01    4.545634e-01    3.859906e-01    2.780549e-01    2.203455e-01    2.036582e-01    1.829844e-01    1.412597e-01
69        6.222196e-01    4.399920e+15    1.321130e-01    2.304517e-01    3.275525e-02    8.608617e-02    2.017656e-01    3.154118e-01    4.165005e-01    4.677924e-01    4.396441e-01    3.732094e-01    2.688081e-01    2.130117e-01    1.968787e-01    1.768920e-01    1.365555e-01
70        6.377325e-01    4.500317e+15    1.275862e-01    2.220267e-01    3.158961e-02    8.314022e-02    1.945559e-01    3.032929e-01    3.997662e-01    4.482209e-01    4.209330e-01    3.571792e-01    2.572105e-01    2.038133e-01    1.883757e-01    1.692508e-01    1.306554e-01
71        6.531381e-01    4.572893e+15    1.234000e-01    2.142320e-01    3.051199e-02    8.041655e-02    1.878862e-01    2.920799e-01    3.842815e-01    4.301090e-01    4.036164e-01    3.423433e-01    2.464769e-01    1.953001e-01    1.805061e-01    1.621788e-01    1.251947e-01
72        6.684412e-01    4.667846e+15    1.194022e-01    2.067853e-01    2.948318e-02    7.781604e-02    1.815147e-01    2.813669e-01    3.694864e-01    4.128023e-01    3.870691e-01    3.281661e-01    2.362197e-01    1.871648e-01    1.729858e-01    1.554207e-01    1.199765e-01
73        6.841289e-01    4.745866e+15    1.155758e-01    1.996555e-01    2.849874e-02    7.532748e-02    1.754147e-01    2.711093e-01    3.553198e-01    3.962297e-01    3.712233e-01    3.145897e-01    2.263971e-01    1.793741e-01    1.657841e-01    1.489488e-01    1.149792e-01
74        6.991308e-01    4.840214e+15    1.117974e-01    1.926133e-01    2.752694e-02    7.287061e-02    1.693899e-01    2.609777e-01    3.413270e-01    3.798597e-01    3.555708e-01    3.011787e-01    2.166941e-01    1.716783e-01    1.586700e-01    1.425558e-01    1.100428e-01
75        7.148173e-01    4.922467e+15    1.083140e-01    1.861194e-01    2.663124e-02    7.060593e-02    1.638343e-01    2.516349e-01    3.284236e-01    3.647637e-01    3.411364e-01    2.888112e-01    2.077460e-01    1.645812e-01    1.521095e-01    1.366601e-01    1.054905e-01
76        7.296348e-01    5.008954e+15    1.047926e-01    1.795555e-01    2.572764e-02    6.831837e-02    1.582172e-01    2.422002e-01    3.154032e-01    3.495391e-01    3.265820e-01    2.763421e-01    1.987247e-01    1.574262e-01    1.454953e-01    1.307163e-01    1.009010e-01
77        7.384454e-01    5.079715e+15    1.015787e-01    1.735638e-01    2.490314e-02    6.623081e-02    1.530897e-01    2.335882e-01    3.035186e-01    3.356426e-01    3.132973e-01    2.649606e-01    1.904903e-01    1.508952e-01    1.394581e-01    1.252910e-01    9.671178e-02
78        7.471127e-01    5.132938e+15    9.972674e-02    1.701109e-01    2.442815e-02    6.502807e-02    1.501349e-01    2.286255e-01    2.966703e-01    3.276352e-01    3.056424e-01    2.584024e-01    1.857455e-01    1.471319e-01    1.359793e-01    1.221647e-01    9.429788e-02
79        7.557563e-01    5.178902e+15    9.794902e-02    1.667962e-01    2.397224e-02    6.387357e-02    1.472983e-01    2.238614e-01    2.900960e-01    3.199480e-01    2.982936e-01    2.521065e-01    1.811904e-01    1.435191e-01    1.326396e-01    1.191635e-01    9.198051e-02
80        7.645501e-01    5.236963e+15    9.621046e-02    1.635542e-01    2.352636e-02    6.274451e-02    1.445241e-01    2.192017e-01    2.836656e-01    3.124288e-01    2.911053e-01    2.459480e-01    1.767348e-01    1.399852e-01    1.293729e-01    1.162279e-01    8.971373e-02
81        7.732437e-01    5.276880e+15    9.447781e-02    1.603229e-01    2.308190e-02    6.161924e-02    1.417591e-01    2.145566e-01    2.772546e-01    3.049315e-01    2.839378e-01    2.398071e-01    1.722918e-01    1.364614e-01    1.261154e-01    1.133006e-01    8.745340e-02
82        7.818658e-01    5.339174e+15    9.279873e-02    1.571909e-01    2.265091e-02    6.052855e-02    1.390795e-01    2.100527e-01    2.710365e-01    2.976583e-01    2.769837e-01    2.338489e-01    1.679810e-01    1.330422e-01    1.229548e-01    1.104602e-01    8.526025e-02
83        7.899225e-01    5.382720e+15    9.116939e-02    1.541505e-01    2.223214e-02    5.946970e-02    1.364790e-01    2.056775e-01    2.649925e-01    2.905853e-01    2.702199e-01    2.280533e-01    1.637876e-01    1.297163e-01    1.198802e-01    1.076973e-01    8.312683e-02
84        7.985691e-01    5.438362e+15    8.968323e-02    1.513758e-01    2.184926e-02    5.850312e-02    1.341067e-01    2.016792e-01    2.594632e-01    2.841096e-01    2.640253e-01    2.227445e-01    1.599462e-01    1.266695e-01    1.170638e-01    1.051663e-01    8.117249e-02
85        8.079366e-01    5.489770e+15    8.812291e-02    1.484618e-01    2.144625e-02    5.748736e-02    1.316163e-01    1.974755e-01    2.536441e-01    2.772898e-01    2.574998e-01    2.171515e-01    1.558989e-01    1.234593e-01    1.140963e-01    1.024995e-01    7.911334e-02
86        8.179097e-01    5.545411e+15    8.644256e-02    1.453416e-01    2.101184e-02    5.639144e-02    1.289459e-01    1.929847e-01    2.474402e-01    2.700338e-01    2.505628e-01    2.112088e-01    1.515997e-01    1.200495e-01    1.109442e-01    9.966695e-02    7.692619e-02
87        8.273126e-01    5.605891e+15    8.466640e-02    1.420604e-01    2.055228e-02    5.523113e-02    1.261341e-01    1.882718e-01    2.409414e-01    2.624469e-01    2.433151e-01    2.050028e-01    1.471110e-01    1.164896e-01    1.076534e-01    9.670971e-02    7.464280e-02
88        8.367806e-01    5.651856e+15    8.300340e-02    1.390059e-01    2.012159e-02    5.414276e-02    1.235127e-01    1.838949e-01    2.349184e-01    2.554302e-01    2.366181e-01    1.992713e-01    1.429666e-01    1.132029e-01    1.046153e-01    9.397952e-02    7.253475e-02
89        8.461851e-01    5.713546e+15    8.133424e-02    1.359598e-01    1.968886e-02    5.304814e-02    1.208943e-01    1.795416e-01    2.289421e-01    2.484847e-01    2.299958e-01    1.936072e-01    1.388721e-01    1.099560e-01    1.016139e-01    9.128243e-02    7.045230e-02
90        8.550618e-01    5.766768e+15    7.967639e-02    1.329575e-01    1.925853e-02    5.195833e-02    1.183085e-01    1.752646e-01    2.230872e-01    2.417002e-01    2.235351e-01    1.880851e-01    1.348818e-01    1.067919e-01    9.868916e-02    8.865426e-02    6.842310e-02
91        8.648939e-01    5.823619e+15    7.810831e-02    1.301428e-01    1.885094e-02    5.092470e-02    1.158789e-01    1.712699e-01    2.176371e-01    2.354065e-01    2.175506e-01    1.829747e-01    1.311905e-01    1.038653e-01    9.598388e-02    8.622333e-02    6.654623e-02
92        8.737440e-01    5.878656e+15    7.636025e-02    1.270365e-01    1.839585e-02    4.976891e-02    1.131905e-01    1.668801e-01    2.116712e-01    2.285449e-01    2.110374e-01    1.774184e-01    1.271793e-01    1.006852e-01    9.304446e-02    8.358207e-02    6.450703e-02
93        8.896015e-01    5.940346e+15    7.478324e-02    1.242575e-01    1.798476e-02    4.872359e-02    1.107801e-01    1.629668e-01    2.063704e-01    2.224693e-01    2.052788e-01    1.725102e-01    1.236375e-01    9.787761e-02    9.044931e-02    8.125020e-02    6.270674e-02
94        9.046597e-01    6.039533e+15    7.188742e-02    1.192399e-01    1.722794e-02    4.679449e-02    1.064088e-01    1.559538e-01    1.969356e-01    2.117334e-01    1.951353e-01    1.638807e-01    1.174163e-01    9.294691e-02    8.589189e-02    7.715531e-02    5.954550e-02
95        9.206303e-01    6.126624e+15    6.907893e-02    1.144595e-01    1.649200e-02    4.491389e-02    1.022245e-01    1.493257e-01    1.880857e-01    2.017440e-01    1.857305e-01    1.558966e-01    1.116666e-01    8.839091e-02    8.168095e-02    7.337190e-02    5.662490e-02
96        9.361180e-01    6.217344e+15    6.603269e-02    1.093725e-01    1.569152e-02    4.286306e-02    9.774882e-02    1.423346e-01    1.788292e-01    1.913912e-01    1.760234e-01    1.476761e-01    1.057541e-01    8.370706e-02    7.735202e-02    6.948270e-02    5.362283e-02
97        9.513030e-01    6.308064e+15    6.304965e-02    1.044576e-01    1.490614e-02    4.084728e-02    9.340883e-02    1.356232e-01    1.699978e-01    1.815812e-01    1.668537e-01    1.399251e-01    1.001845e-01    7.929575e-02    7.327511e-02    6.582007e-02    5.079581e-02
98        9.658515e-01    6.410880e+15    6.013253e-02    9.969470e-02    1.413713e-02    3.887118e-02    8.919251e-02    1.291475e-01    1.615129e-01    1.722010e-01    1.581046e-01    1.325394e-01    9.488101e-02    7.509576e-02    6.939359e-02    6.233306e-02    4.810444e-02
99        9.738664e-01    6.477408e+15    5.737350e-02    9.521663e-02    1.340919e-02    3.699914e-02    8.522186e-02    1.230768e-01    1.535813e-01    1.634608e-01    1.499646e-01    1.256740e-01    8.995336e-02    7.119378e-02    6.578753e-02    5.909359e-02    4.560420e-02
100       9.813692e-01    6.537888e+15    5.588378e-02    9.280382e-02    1.301603e-02    3.598779e-02    8.308119e-02    1.198093e-01    1.493165e-01    1.587666e-01    1.455950e-01    1.219899e-01    8.730951e-02    6.910031e-02    6.385284e-02    5.735559e-02    4.426281e-02
101       9.888321e-01    6.580224e+15    5.451078e-02    9.058304e-02    1.265360e-02    3.505533e-02    8.111017e-02    1.168038e-01    1.453963e-01    1.544548e-01    1.415829e-01    1.186078e-01    8.488268e-02    6.717872e-02    6.207700e-02    5.576030e-02    4.303157e-02
102       9.965635e-01    6.640704e+15    5.316374e-02    8.840568e-02    1.229800e-02    3.414035e-02    7.917733e-02    1.138580e-01    1.415552e-01    1.502316e-01    1.376537e-01    1.152960e-01    8.250642e-02    6.529719e-02    6.033818e-02    5.419828e-02    4.182601e-02
103       1.004756e+00    6.689088e+15    5.178764e-02    8.618251e-02    1.193469e-02    3.320549e-02    7.720354e-02    1.108510e-01    1.376353e-01    1.459232e-01    1.336458e-01    1.119181e-01    8.008283e-02    6.337820e-02    5.856475e-02    5.260516e-02    4.059645e-02
104       1.013115e+00    6.755616e+15    5.035079e-02    8.386253e-02    1.155532e-02    3.222922e-02    7.514347e-02    1.077139e-01    1.335470e-01    1.414310e-01    1.294676e-01    1.083970e-01    7.755661e-02    6.137797e-02    5.671624e-02    5.094459e-02    3.931485e-02
105       1.021507e+00    6.810048e+15    4.890779e-02    8.153361e-02    1.117431e-02    3.124866e-02    7.307522e-02    1.045654e-01    1.294447e-01    1.369244e-01    1.252765e-01    1.048652e-01    7.502280e-02    5.937175e-02    5.486220e-02    4.927906e-02    3.802941e-02
106       1.030064e+00    6.876576e+15    4.748285e-02    7.923480e-02    1.079803e-02    3.028026e-02    7.103347e-02    1.014583e-01    1.253971e-01    1.324791e-01    1.211427e-01    1.013820e-01    7.252396e-02    5.739323e-02    5.303375e-02    4.763653e-02    3.676173e-02
107       1.038422e+00    6.937056e+15    4.605400e-02    7.693057e-02    1.042071e-02    2.930910e-02    6.898669e-02    9.834450e-02    1.213415e-01    1.280259e-01    1.170021e-01    9.789322e-02    7.002120e-02    5.541161e-02    5.120245e-02    4.599143e-02    3.549207e-02
108       1.046840e+00    7.009632e+15    4.468178e-02    7.471871e-02    1.005832e-02    2.837631e-02    6.702170e-02    9.535618e-02    1.174503e-01    1.237543e-01    1.130309e-01    9.454740e-02    6.762107e-02    5.351127e-02    4.944627e-02    4.441382e-02    3.427449e-02
109       1.055287e+00    7.076160e+15    4.332323e-02    7.253037e-02    9.699502e-03    2.745265e-02    6.507724e-02    9.240062e-02    1.136031e-01    1.195326e-01    1.091067e-01    9.124158e-02    6.524977e-02    5.163377e-02    4.771119e-02    4.285517e-02    3.307156e-02
110       1.063788e+00    7.142688e+15    4.198248e-02    7.037295e-02    9.345341e-03    2.654085e-02    6.315969e-02    8.948835e-02    1.098142e-01    1.153774e-01    1.052453e-01    8.798924e-02    6.291702e-02    4.978684e-02    4.600437e-02    4.132191e-02    3.188822e-02
111       1.072765e+00    7.221312e+15    4.065490e-02    6.823827e-02    8.994717e-03    2.563792e-02    6.126190e-02    8.660822e-02    1.060689e-01    1.112721e-01    1.014312e-01    8.477719e-02    6.061333e-02    4.796293e-02    4.431883e-02    3.980777e-02    3.071964e-02
112       1.081702e+00    7.293888e+15    3.927899e-02    6.602584e-02    8.631624e-03    2.470242e-02    5.929477e-02    8.362447e-02    1.021904e-01    1.070223e-01    9.748345e-02    8.145274e-02    5.822911e-02    4.607528e-02    4.257438e-02    3.824072e-02    2.951023e-02
113       1.090993e+00    7.372512e+15    3.793017e-02    6.385324e-02    8.277961e-03    2.378797e-02    5.736227e-02    8.070158e-02    9.839967e-02    1.028751e-01    9.363358e-02    7.821160e-02    5.590488e-02    4.423516e-02    4.087386e-02    3.671313e-02    2.833129e-02
114       1.099793e+00    7.457184e+15    3.655193e-02    6.163090e-02    7.917991e-03    2.285521e-02    5.538505e-02    7.771619e-02    9.453315e-02    9.864910e-02    8.971209e-02    7.491068e-02    5.353794e-02    4.236124e-02    3.914212e-02    3.515750e-02    2.713070e-02
115       1.108856e+00    7.535808e+15    3.527066e-02    5.956275e-02    7.584671e-03    2.198960e-02    5.354456e-02    7.494204e-02    9.094519e-02    9.473131e-02    8.607811e-02    7.185227e-02    5.134503e-02    4.062513e-02    3.753774e-02    3.371627e-02    2.601841e-02
116       1.117776e+00    7.620480e+15    3.397227e-02    5.746334e-02    7.249087e-03    2.111495e-02    5.167552e-02    7.213278e-02    8.732005e-02    9.077924e-02    8.241479e-02    6.876998e-02    4.913524e-02    3.887569e-02    3.592104e-02    3.226399e-02    2.489759e-02
117       1.127102e+00    7.705152e+15    3.271374e-02    5.542444e-02    6.926195e-03    2.026992e-02    4.985953e-02    6.941191e-02    8.381796e-02    8.696820e-02    7.888491e-02    6.580085e-02    4.700684e-02    3.719072e-02    3.436392e-02    3.086525e-02    2.381809e-02
118       1.135905e+00    7.783776e+15    3.141124e-02    5.330673e-02    6.596592e-03    1.940065e-02    4.797181e-02    6.660005e-02    8.021598e-02    8.306168e-02    7.527178e-02    6.276343e-02    4.482999e-02    3.546747e-02    3.277145e-02    2.943474e-02    2.271409e-02
119       1.142626e+00    7.856352e+15    3.019124e-02    5.131536e-02    6.292595e-03    1.859190e-02    4.619512e-02    6.397056e-02    7.686542e-02    7.944160e-02    7.192901e-02    5.995508e-02    4.281784e-02    3.387466e-02    3.129954e-02    2.811256e-02    2.169369e-02
120       1.149251e+00    7.910784e+15    2.926194e-02    4.979099e-02    6.065565e-03    1.798110e-02    4.483357e-02    6.197167e-02    7.433551e-02    7.672147e-02    6.942250e-02    5.785104e-02    4.131084e-02    3.268180e-02    3.019723e-02    2.712239e-02    2.092953e-02
121       1.155793e+00    7.965216e+15    2.833890e-02    4.826679e-02    5.846165e-03    1.738146e-02    4.347013e-02    5.999169e-02    7.185262e-02    7.406994e-02    6.698638e-02    5.580849e-02    3.984857e-02    3.152445e-02    2.912776e-02    2.616173e-02    2.018816e-02
122       1.162289e+00    8.019648e+15    2.739858e-02    4.669528e-02    5.634010e-03    1.678372e-02    4.206063e-02    5.798482e-02    6.937910e-02    7.146238e-02    6.460427e-02    5.381575e-02    3.842331e-02    3.039658e-02    2.808556e-02    2.522560e-02    1.946575e-02
123       1.168905e+00    8.074080e+15    2.644476e-02    4.508691e-02    5.427459e-03    1.618739e-02    4.061523e-02    5.595687e-02    6.691259e-02    6.888870e-02    6.226383e-02    5.186149e-02    3.702663e-02    2.929147e-02    2.706443e-02    2.430843e-02    1.875797e-02
124       1.175488e+00    8.116416e+15    2.547985e-02    4.345721e-02    5.220107e-03    1.558598e-02    3.915016e-02    5.390681e-02    6.442530e-02    6.629831e-02    5.991024e-02    4.989693e-02    3.562279e-02    2.818073e-02    2.603811e-02    2.338658e-02    1.804660e-02
125       1.182080e+00    8.164800e+15    2.452745e-02    4.184700e-02    5.016423e-03    1.499350e-02    3.770227e-02    5.188417e-02    6.197505e-02    6.374956e-02    5.759574e-02    4.796543e-02    3.424269e-02    2.708880e-02    2.502916e-02    2.248035e-02    1.734727e-02
126       1.188603e+00    8.219232e+15    2.358172e-02    4.024696e-02    4.814843e-03    1.440596e-02    3.626332e-02    4.987632e-02    5.954531e-02    6.122425e-02    5.530341e-02    4.605271e-02    3.287611e-02    2.600757e-02    2.403011e-02    2.158301e-02    1.665481e-02
127       1.195201e+00    8.261568e+15    2.265603e-02    3.868016e-02    4.617922e-03    1.383131e-02    3.485414e-02    4.791136e-02    5.716895e-02    5.875565e-02    5.306304e-02    4.418354e-02    3.154069e-02    2.495099e-02    2.305384e-02    2.070614e-02    1.597814e-02
128       1.201248e+00    8.309952e+15    2.172940e-02    3.711132e-02    4.421086e-03    1.325640e-02    3.344303e-02    4.594466e-02    5.479159e-02    5.628690e-02    5.082291e-02    4.231467e-02    3.020552e-02    2.389463e-02    2.207776e-02    1.982944e-02    1.530161e-02
129       1.207538e+00    8.358336e+15    2.088854e-02    3.568728e-02    4.242710e-03    1.273499e-02    3.216208e-02    4.416021e-02    5.263545e-02    5.404863e-02    4.879223e-02    4.062065e-02    2.899531e-02    2.293713e-02    2.119304e-02    1.903479e-02    1.468839e-02
130       1.215021e+00    8.406720e+15    2.002279e-02    3.422061e-02    4.059347e-03    1.219848e-02    3.084269e-02    4.232320e-02    5.041693e-02    5.174653e-02    4.670401e-02    3.887876e-02    2.775093e-02    2.195260e-02    2.028334e-02    1.821771e-02    1.405787e-02
131       1.221374e+00    8.461152e+15    1.900384e-02    3.249405e-02    3.843759e-03    1.156730e-02    2.928944e-02    4.016133e-02    4.780693e-02    4.903889e-02    4.424822e-02    3.683036e-02    2.628761e-02    2.079486e-02    1.921360e-02    1.725688e-02    1.331642e-02
132       1.227920e+00    8.509536e+15    1.814905e-02    3.104556e-02    3.662955e-03    1.103786e-02    2.798633e-02    3.834780e-02    4.561768e-02    4.676790e-02    4.218853e-02    3.511237e-02    2.506033e-02    1.982387e-02    1.831641e-02    1.645104e-02    1.269457e-02
133       1.234360e+00    8.563968e+15    1.727833e-02    2.956981e-02    3.478937e-03    1.049873e-02    2.665864e-02    3.650060e-02    4.338837e-02    4.445585e-02    4.009181e-02    3.336357e-02    2.381106e-02    1.883548e-02    1.740315e-02    1.563076e-02    1.206158e-02
134       1.240786e+00    8.618400e+15    1.643130e-02    2.813394e-02    3.300098e-03    9.974469e-03    2.536678e-02    3.470382e-02    4.122059e-02    4.220815e-02    3.805366e-02    3.166368e-02    2.259676e-02    1.787477e-02    1.651546e-02    1.483345e-02    1.144631e-02
135       1.248512e+00    8.678880e+15    1.559582e-02    2.671724e-02    3.123938e-03    9.457636e-03    2.409210e-02    3.293176e-02    3.908354e-02    3.999306e-02    3.604540e-02    2.998884e-02    2.140038e-02    1.692823e-02    1.564087e-02    1.404791e-02    1.084012e-02
136       1.256142e+00    8.751456e+15    1.460272e-02    2.503253e-02    2.914995e-03    8.843819e-03    2.257612e-02    3.082579e-02    3.654553e-02    3.736381e-02    3.366223e-02    2.800153e-02    1.998085e-02    1.580516e-02    1.460317e-02    1.311586e-02    1.012088e-02
137       1.263949e+00    8.824032e+15    1.363501e-02    2.339006e-02    2.711888e-03    8.246263e-03    2.109798e-02    2.877408e-02    3.407483e-02    3.480584e-02    3.134432e-02    2.606885e-02    1.860042e-02    1.471302e-02    1.359405e-02    1.220948e-02    9.421454e-03
138       1.271926e+00    8.890560e+15    1.265749e-02    2.172945e-02    2.507626e-03    7.643697e-03    1.960324e-02    2.670240e-02    3.158354e-02    3.222940e-02    2.901084e-02    2.412359e-02    1.721111e-02    1.361388e-02    1.257846e-02    1.129731e-02    8.717552e-03
139       1.279715e+00    8.938944e+15    1.166753e-02    2.004503e-02    2.302399e-03    7.035356e-03    1.808653e-02    2.460583e-02    2.906860e-02    2.963366e-02    2.666201e-02    2.216626e-02    1.581340e-02    1.250812e-02    1.155677e-02    1.037965e-02    8.009420e-03
140       1.287286e+00    8.987328e+15    1.069969e-02    1.839267e-02    2.105109e-03    6.444474e-03    1.659762e-02    2.255908e-02    2.662630e-02    2.712352e-02    2.439506e-02    2.027864e-02    1.446591e-02    1.144216e-02    1.057186e-02    9.495035e-03    7.326799e-03
141       1.295097e+00    9.047808e+15    9.740829e-03    1.674440e-02    1.916458e-03    5.866949e-03    1.511022e-02    2.053744e-02    2.424017e-02    2.469283e-02    2.220888e-02    1.846136e-02    1.316954e-02    1.041677e-02    9.624455e-03    8.644131e-03    6.670203e-03
142       1.303236e+00    9.108288e+15    8.763465e-03    1.506432e-02    1.724166e-03    5.278278e-03    1.359411e-02    1.847678e-02    2.180799e-02    2.221523e-02    1.998051e-02    1.660900e-02    1.184815e-02    9.371581e-03    8.658768e-03    7.776806e-03    6.000936e-03
143       1.311025e+00    9.180864e+15    7.758522e-03    1.333683e-02    1.526449e-03    4.672996e-03    1.203521e-02    1.635797e-02    1.930718e-02    1.966772e-02    1.768926e-02    1.470438e-02    1.048947e-02    8.296902e-03    7.665830e-03    6.885007e-03    5.312783e-03
144       1.319609e+00    9.235296e+15    6.810804e-03    1.170772e-02    1.339990e-03    4.102181e-03    1.056509e-02    1.435981e-02    1.694877e-02    1.726527e-02    1.552848e-02    1.290821e-02    9.208162e-03    7.283420e-03    6.729435e-03    6.043991e-03    4.663817e-03
145       1.327825e+00    9.319968e+15    5.780648e-03    9.936886e-03    1.137313e-03    3.481713e-03    8.967087e-03    1.218784e-02    1.438521e-02    1.465384e-02    1.317975e-02    1.095580e-02    7.815398e-03    6.181780e-03    5.711586e-03    5.129818e-03    3.958400e-03
146       1.336138e+00    9.416736e+15    4.809460e-03    8.267421e-03    9.462363e-04    2.896761e-03    7.460555e-03    1.014020e-02    1.196840e-02    1.219190e-02    1.096546e-02    9.115154e-03    6.502358e-03    5.143199e-03    4.752001e-03    4.267973e-03    3.293362e-03
147       1.344126e+00    9.543744e+15    3.845730e-03    6.610778e-03    7.566275e-04    2.316302e-03    5.965593e-03    8.108287e-03    9.570147e-03    9.748859e-03    8.768180e-03    7.288640e-03    5.199402e-03    4.112594e-03    3.799785e-03    3.412748e-03    2.633431e-03
148       1.352329e+00    9.930816e+15    2.941421e-03    5.056278e-03    5.787093e-04    1.771632e-03    4.562806e-03    6.201653e-03    7.319762e-03    7.456451e-03    6.706375e-03    5.574743e-03    3.976782e-03    3.145532e-03    2.906279e-03    2.610253e-03    2.014189e-03
149       1.356488e+00    1.028160e+16    2.061249e-03    3.543270e-03    4.055401e-04    1.241501e-03    3.197462e-03    4.345911e-03    5.129444e-03    5.225231e-03    4.699603e-03    3.906593e-03    2.786795e-03    2.204284e-03    2.036623e-03    1.829178e-03    1.411476e-03
150       1.360493e+00    1.067472e+16    1.646947e-03    2.831089e-03    3.240284e-04    9.919644e-04    2.554786e-03    3.472402e-03    4.098449e-03    4.174983e-03    3.755004e-03    3.121385e-03    2.226662e-03    1.761232e-03    1.627271e-03    1.461521e-03    1.127776e-03
151       1.364838e+00    1.098317e+16    1.275772e-03    2.193041e-03    2.510015e-04    7.684036e-04    1.979009e-03    2.689821e-03    3.174774e-03    3.234059e-03    2.908732e-03    2.417913e-03    1.724835e-03    1.364300e-03    1.260530e-03    1.132135e-03    8.736070e-04
152       1.366924e+00    1.142467e+16    8.988725e-04    1.545154e-03    1.768485e-04    5.413954e-04    1.394354e-03    1.895171e-03    2.236856e-03    2.278626e-03    2.049410e-03    1.703593e-03    1.215270e-03    9.612473e-04    8.881336e-04    7.976705e-04    6.155187e-04
153       1.368937e+00    1.160006e+16    7.297339e-04    1.254407e-03    1.435714e-04    4.395223e-04    1.131982e-03    1.538562e-03    1.815952e-03    1.849863e-03    1.663777e-03    1.383032e-03    9.865955e-04    7.803718e-04    7.210157e-04    6.475748e-04    4.996981e-04
154       1.370395e+00    1.187222e+16    5.752254e-04    9.888076e-04    1.131726e-04    3.464611e-04    8.923041e-04    1.212798e-03    1.431456e-03    1.458186e-03    1.311501e-03    1.090199e-03    7.777009e-04    6.151415e-04    5.683531e-04    5.104620e-04    3.938956e-04
155       1.372036e+00    1.204157e+16    4.675086e-04    8.036434e-04    9.197990e-05    2.815827e-04    7.252111e-04    9.856890e-04    1.163401e-03    1.185126e-03    1.065909e-03    8.860481e-04    6.320685e-04    4.999500e-04    4.619232e-04    4.148728e-04    3.201347e-04
156       1.373266e+00    1.231373e+16    3.507287e-04    6.028997e-04    6.900406e-05    2.112456e-04    5.440592e-04    7.394719e-04    8.727928e-04    8.890912e-04    7.996538e-04    6.647205e-04    4.741829e-04    3.750665e-04    3.465385e-04    3.112410e-04    2.401676e-04
157       1.374388e+00    1.248912e+16    2.663768e-04    4.578995e-04    5.240825e-05    1.604400e-04    4.132104e-04    5.616253e-04    6.628819e-04    6.752605e-04    6.073332e-04    5.048520e-04    3.601397e-04    2.848612e-04    2.631944e-04    2.363860e-04    1.824062e-04
158       1.375159e+00    1.268870e+16    1.921318e-04    3.302730e-04    3.780094e-05    1.157219e-04    2.980397e-04    4.050882e-04    4.781224e-04    4.870508e-04    4.380563e-04    3.641388e-04    2.597609e-04    2.054642e-04    1.898364e-04    1.705001e-04    1.315656e-04
159       1.375758e+00    1.282781e+16    1.426349e-04    2.451883e-04    2.806269e-05    8.590972e-05    2.212589e-04    3.007296e-04    3.549488e-04    3.615771e-04    3.252045e-04    2.703296e-04    1.928415e-04    1.525327e-04    1.409309e-04    1.265760e-04    9.767176e-05
160       1.376174e+00    1.296086e+16    1.051850e-04    1.808121e-04    2.069460e-05    6.335342e-05    1.631656e-04    2.217706e-04    2.617541e-04    2.666421e-04    2.398194e-04    1.993524e-04    1.422094e-04    1.124840e-04    1.039283e-04    9.334242e-05    7.202724e-05
161       1.376652e+00    1.308787e+16    7.972562e-05    1.370477e-04    1.568560e-05    4.801914e-05    1.236724e-04    1.680925e-04    1.983982e-04    2.021031e-04    1.817727e-04    1.511004e-04    1.077885e-04    8.525796e-05    7.877314e-05    7.074949e-05    5.459351e-05
162       1.376886e+00    1.319674e+16    5.106496e-05    8.778024e-05    1.004677e-05    3.075668e-05    7.921325e-05    1.076647e-04    1.270758e-04    1.294488e-04    1.164270e-04    9.678113e-05    6.903949e-05    5.460847e-05    5.045488e-05    4.531567e-05    3.496762e-05
163       1.377103e+00    1.329955e+16    3.725075e-05    6.403373e-05    7.328892e-06    2.243631e-05    5.778430e-05    7.853900e-05    9.269896e-05    9.443001e-05    8.493090e-05    7.059968e-05    5.036277e-05    3.983566e-05    3.680571e-05    3.305677e-05    2.550810e-05
164       1.377229e+00    1.338422e+16    2.468950e-05    4.244105e-05    4.857533e-06    1.487061e-05    3.829898e-05    5.205503e-05    6.144014e-05    6.258747e-05    5.629153e-05    4.679292e-05    3.338005e-05    2.640276e-05    2.439454e-05    2.190977e-05    1.690657e-05
165       1.377326e+00    1.345680e+16    1.746940e-05    3.002975e-05    3.437013e-06    1.052190e-05    2.709897e-05    3.683225e-05    4.347281e-05    4.428462e-05    3.982984e-05    3.310897e-05    2.361851e-05    1.868164e-05    1.726069e-05    1.550256e-05    1.196247e-05
166       1.377400e+00    1.354147e+16    1.201678e-05    2.065674e-05    2.364238e-06    7.237763e-06    1.864073e-05    2.533601e-05    2.990390e-05    3.046232e-05    2.739799e-05    2.277486e-05    1.624660e-05    1.285065e-05    1.187321e-05    1.066383e-05    8.228697e-06
167       1.377428e+00    1.359590e+16    7.874848e-06    1.353680e-05    1.549336e-06    4.743060e-06    1.221566e-05    1.660323e-05    1.959666e-05    1.996260e-05    1.795448e-05    1.492485e-05    1.064674e-05    8.421301e-06    7.780767e-06    6.988236e-06    5.392440e-06
168       1.377463e+00    1.363824e+16    6.311601e-06    1.084959e-05    1.241775e-06    3.801508e-06    9.790714e-06    1.330730e-05    1.570650e-05    1.599980e-05    1.439031e-05    1.196209e-05    8.533243e-06    6.749576e-06    6.236196e-06    5.600992e-06    4.321979e-06
169       1.377489e+00    1.369872e+16    4.389634e-06    7.545744e-06    8.636378e-07    2.643898e-06    6.809311e-06    9.255047e-06    1.092366e-05    1.112765e-05    1.000827e-05    8.319477e-06    5.934756e-06    4.694240e-06    4.337191e-06    3.895415e-06    3.005879e-06
170       1.377507e+00    1.374710e+16    2.999379e-06    5.155908e-06    5.901123e-07    1.806541e-06    4.652713e-06    6.323852e-06    7.463992e-06    7.603374e-06    6.838519e-06    5.684589e-06    4.055141e-06    3.207512e-06    2.963545e-06    2.661686e-06    2.053877e-06
171       1.377519e+00    1.380154e+16    2.014968e-06    3.463713e-06    3.964345e-07    1.213625e-06    3.125669e-06    4.248332e-06    5.014273e-06    5.107909e-06    4.594083e-06    3.818879e-06    2.724223e-06    2.154791e-06    1.990895e-06    1.788107e-06    1.379784e-06
172       1.377529e+00    1.388621e+16    1.382812e-06    2.377042e-06    2.720611e-07    8.328745e-07    2.145053e-06    2.915503e-06    3.441145e-06    3.505405e-06    3.152781e-06    2.620782e-06    1.869553e-06    1.478768e-06    1.366291e-06    1.227124e-06    9.469047e-07
173       1.377535e+00    1.393459e+16    8.353043e-07    1.435881e-06    1.643418e-07    5.031079e-07    1.295745e-06    1.761145e-06    2.078665e-06    2.117482e-06    1.904476e-06    1.583115e-06    1.129326e-06    8.932679e-07    8.253249e-07    7.412593e-07    5.719892e-07
174       1.377539e+00    1.403136e+16    5.475740e-07    9.412752e-07    1.077324e-07    3.298065e-07    8.494107e-07    1.154498e-06    1.362645e-06    1.388091e-06    1.248457e-06    1.037793e-06    7.403165e-07    5.855714e-07    5.410321e-07    4.859239e-07    3.749609e-07
175       1.377542e+00    1.412813e+16    3.312522e-07    5.694197e-07    6.517215e-08    1.995148e-07    5.138467e-07    6.984078e-07    8.243251e-07    8.397185e-07    7.552477e-07    6.278074e-07    4.478507e-07    3.542385e-07    3.272947e-07    2.939572e-07    2.268307e-07
176       1.377545e+00    1.462406e+16    1.574511e-07    2.706572e-07    3.097770e-08    9.483359e-08    2.442422e-07    3.319679e-07    3.918191e-07    3.991359e-07    3.589851e-07    2.984101e-07    2.128729e-07    1.683770e-07    1.555700e-07    1.397241e-07    1.078174e-07
