   0.000E+00  5.000E-01  1.000E-30  1.000E-90  0.000E+00  0.000E+00  0.000E+00  0.000E+00  0.000E+00  0.000E+00  0.000E+00
   1.000E+00  1.024E+00  5.209E-11  1.223E-12  2.348E+00  0.000E+00  0.000E+00  0.000E+00  0.000E+00  2.115E-40  7.571E-41
   1.047E+00  1.072E+00  5.475E-11  1.231E-12  2.249E+00  0.000E+00  0.000E+00  0.000E+00  0.000E+00  0.000E+00  0.000E+00
   1.096E+00  1.122E+00  5.257E-11  1.179E-12  2.244E+00  0.000E+00  0.000E+00  0.000E+00  0.000E+00  0.000E+00  0.000E+00
   1.148E+00  1.175E+00  5.441E-11  1.182E-12  2.172E+00  0.000E+00  0.000E+00  0.000E+00  0.000E+00  0.000E+00  0.000E+00
   1.202E+00  1.231E+00  5.665E-11  1.199E-12  2.116E+00  0.000E+00  0.000E+00  0.000E+00  0.000E+00  0.000E+00  0.000E+00
   1.259E+00  1.289E+00  6.062E-11  1.238E-12  2.042E+00  0.000E+00  0.000E+00  0.000E+00  0.000E+00  0.000E+00  0.000E+00
   1.318E+00  1.349E+00  5.918E-11  1.246E-12  2.105E+00  0.000E+00  0.000E+00  0.000E+00  0.000E+00  0.000E+00  0.000E+00
   1.380E+00  1.413E+00  6.583E-11  1.380E-12  2.096E+00  0.000E+00  0.000E+00  0.000E+00  0.000E+00  0.000E+00  0.000E+00
   1.445E+00  1.480E+00  6.843E-11  1.406E-12  2.054E+00  0.000E+00  0.000E+00  0.000E+00  0.000E+00  0.000E+00  0.000E+00
   1.514E+00  1.549E+00  7.267E-11  1.525E-12  2.099E+00  0.000E+00  0.000E+00  0.000E+00  0.000E+00  0.000E+00  0.000E+00
   1.585E+00  1.622E+00  7.494E-11  1.636E-12  2.183E+00  0.000E+00  0.000E+00  0.000E+00  0.000E+00  0.000E+00  0.000E+00
   1.660E+00  1.699E+00  8.140E-11  1.786E-12  2.195E+00  0.000E+00  0.000E+00  0.000E+00  0.000E+00  0.000E+00  0.000E+00
   1.738E+00  1.779E+00  9.090E-11  2.052E-12  2.258E+00  0.000E+00  0.000E+00  0.000E+00  0.000E+00  0.000E+00  0.000E+00
   1.820E+00  1.863E+00  9.618E-11  2.159E-12  2.244E+00  0.000E+00  0.000E+00  0.000E+00  0.000E+00  0.000E+00  0.000E+00
   1.905E+00  1.950E+00  1.037E-10  2.320E-12  2.238E+00  0.000E+00  0.000E+00  0.000E+00  0.000E+00  0.000E+00  0.000E+00
   1.995E+00  2.042E+00  1.136E-10  2.491E-12  2.193E+00  0.000E+00  0.000E+00  0.000E+00  0.000E+00  0.000E+00  0.000E+00
   2.089E+00  2.139E+00  1.162E-10  2.573E-12  2.215E+00  0.000E+00  0.000E+00  0.000E+00  0.000E+00  0.000E+00  0.000E+00
   2.188E+00  2.239E+00  1.293E-10  2.751E-12  2.128E+00  0.000E+00  0.000E+00  0.000E+00  0.000E+00  0.000E+00  0.000E+00
   2.291E+00  2.345E+00  1.360E-10  2.910E-12  2.140E+00  0.000E+00  0.000E+00  0.000E+00  0.000E+00  0.000E+00  0.000E+00
   2.399E+00  2.455E+00  1.526E-10  3.199E-12  2.097E+00  0.000E+00  0.000E+00  0.000E+00  0.000E+00  0.000E+00  0.000E+00
   2.512E+00  2.571E+00  1.663E-10  3.396E-12  2.042E+00  0.000E+00  0.000E+00  0.000E+00  0.000E+00  0.000E+00  0.000E+00
   2.630E+00  2.692E+00  1.797E-10  3.607E-12  2.008E+00  0.000E+00  0.000E+00  0.000E+00  0.000E+00  0.000E+00  0.000E+00
   2.754E+00  2.819E+00  2.027E-10  3.920E-12  1.934E+00  0.000E+00  0.000E+00  0.000E+00  0.000E+00  0.000E+00  0.000E+00
   2.884E+00  2.952E+00  2.190E-10  4.251E-12  1.941E+00  0.000E+00  0.000E+00  0.000E+00  0.000E+00  0.000E+00  0.000E+00
   3.020E+00  3.091E+00  2.419E-10  4.588E-12  1.897E+00  0.000E+00  0.000E+00  0.000E+00  0.000E+00  0.000E+00  0.000E+00
   3.162E+00  3.237E+00  2.588E-10  4.800E-12  1.854E+00  0.000E+00  0.000E+00  0.000E+00  0.000E+00  0.000E+00  0.000E+00
   3.311E+00  3.389E+00  2.715E-10  5.063E-12  1.865E+00  0.000E+00  0.000E+00  0.000E+00  0.000E+00  0.000E+00  0.000E+00
   3.467E+00  3.549E+00  2.875E-10  5.350E-12  1.861E+00  0.000E+00  0.000E+00  0.000E+00  0.000E+00  0.000E+00  0.000E+00
   3.631E+00  3.716E+00  3.331E-10  6.099E-12  1.831E+00  0.000E+00  0.000E+00  0.000E+00  0.000E+00  0.000E+00  0.000E+00
   3.802E+00  3.891E+00  3.581E-10  6.415E-12  1.791E+00  0.000E+00  0.000E+00  0.000E+00  0.000E+00  0.000E+00  0.000E+00
   3.981E+00  4.075E+00  3.856E-10  6.924E-12  1.796E+00  0.000E+00  0.000E+00  0.000E+00  0.000E+00  0.000E+00  0.000E+00
   4.169E+00  4.267E+00  4.433E-10  7.737E-12  1.746E+00  0.000E+00  0.000E+00  0.000E+00  0.000E+00  0.000E+00  0.000E+00
   4.365E+00  4.468E+00  4.661E-10  7.909E-12  1.697E+00  0.000E+00  0.000E+00  0.000E+00  0.000E+00  0.000E+00  0.000E+00
   4.571E+00  4.679E+00  4.873E-10  8.331E-12  1.710E+00  0.000E+00  0.000E+00  0.000E+00  0.000E+00  0.000E+00  0.000E+00
   4.786E+00  4.899E+00  5.471E-10  9.178E-12  1.677E+00  0.000E+00  0.000E+00  0.000E+00  0.000E+00  0.000E+00  0.000E+00
   5.012E+00  5.130E+00  5.928E-10  9.716E-12  1.639E+00  0.000E+00  0.000E+00  0.000E+00  0.000E+00  0.000E+00  0.000E+00
   5.248E+00  5.372E+00  6.685E-10  1.058E-11  1.582E+00  0.000E+00  0.000E+00  0.000E+00  0.000E+00  0.000E+00  0.000E+00
   5.495E+00  5.625E+00  7.140E-10  1.123E-11  1.572E+00  0.000E+00  0.000E+00  0.000E+00  0.000E+00  0.000E+00  0.000E+00
   5.754E+00  5.890E+00  7.931E-10  1.200E-11  1.513E+00  0.000E+00  0.000E+00  0.000E+00  0.000E+00  0.000E+00  0.000E+00
   6.026E+00  6.168E+00  8.384E-10  1.236E-11  1.474E+00  0.000E+00  0.000E+00  0.000E+00  0.000E+00  0.000E+00  0.000E+00
   6.310E+00  6.458E+00  8.773E-10  1.291E-11  1.472E+00  0.000E+00  0.000E+00  0.000E+00  0.000E+00  0.000E+00  0.000E+00
   6.607E+00  6.763E+00  9.751E-10  1.388E-11  1.423E+00  0.000E+00  0.000E+00  0.000E+00  0.000E+00  0.000E+00  0.000E+00
   6.918E+00  7.081E+00  1.085E-09  1.507E-11  1.389E+00  0.000E+00  0.000E+00  0.000E+00  0.000E+00  0.000E+00  0.000E+00
   7.244E+00  7.415E+00  1.156E-09  1.619E-11  1.401E+00  0.000E+00  0.000E+00  0.000E+00  0.000E+00  0.000E+00  0.000E+00
   7.586E+00  7.765E+00  1.304E-09  1.759E-11  1.348E+00  0.000E+00  0.000E+00  0.000E+00  0.000E+00  0.000E+00  0.000E+00
   7.943E+00  8.130E+00  1.438E-09  1.924E-11  1.338E+00  0.000E+00  0.000E+00  0.000E+00  0.000E+00  0.000E+00  0.000E+00
   8.318E+00  8.514E+00  1.566E-09  2.092E-11  1.336E+00  0.000E+00  0.000E+00  0.000E+00  0.000E+00  0.000E+00  0.000E+00
   8.710E+00  8.915E+00  1.661E-09  2.195E-11  1.322E+00  0.000E+00  0.000E+00  0.000E+00  0.000E+00  0.000E+00  0.000E+00
   9.120E+00  9.335E+00  1.902E-09  2.502E-11  1.316E+00  0.000E+00  0.000E+00  0.000E+00  0.000E+00  0.000E+00  0.000E+00
   9.550E+00  9.775E+00  2.035E-09  2.691E-11  1.323E+00  0.000E+00  0.000E+00  0.000E+00  0.000E+00  0.000E+00  0.000E+00
   1.000E+01  1.024E+01  2.248E-09  2.934E-11  1.305E+00  0.000E+00  0.000E+00  0.000E+00  0.000E+00  0.000E+00  0.000E+00
   1.047E+01  1.072E+01  2.574E-09  3.395E-11  1.319E+00  0.000E+00  0.000E+00  0.000E+00  0.000E+00  0.000E+00  0.000E+00
   1.096E+01  1.122E+01  2.780E-09  3.624E-11  1.304E+00  0.000E+00  0.000E+00  0.000E+00  0.000E+00  0.000E+00  0.000E+00
   1.148E+01  1.175E+01  3.080E-09  3.973E-11  1.290E+00  0.000E+00  0.000E+00  0.000E+00  0.000E+00  0.000E+00  0.000E+00
   1.202E+01  1.231E+01  3.373E-09  4.411E-11  1.308E+00  0.000E+00  0.000E+00  0.000E+00  0.000E+00  0.000E+00  0.000E+00
   1.259E+01  1.289E+01  3.674E-09  4.730E-11  1.288E+00  0.000E+00  0.000E+00  0.000E+00  0.000E+00  0.000E+00  0.000E+00
   1.318E+01  1.349E+01  4.041E-09  5.032E-11  1.245E+00  0.000E+00  0.000E+00  0.000E+00  0.000E+00  0.000E+00  0.000E+00
   1.380E+01  1.413E+01  4.369E-09  5.361E-11  1.227E+00  0.000E+00  0.000E+00  0.000E+00  0.000E+00  0.000E+00  0.000E+00
   1.445E+01  1.480E+01  4.773E-09  5.774E-11  1.210E+00  0.000E+00  0.000E+00  0.000E+00  0.000E+00  0.000E+00  0.000E+00
   1.514E+01  1.549E+01  5.252E-09  6.165E-11  1.174E+00  0.000E+00  0.000E+00  0.000E+00  0.000E+00  0.000E+00  0.000E+00
   1.585E+01  1.622E+01  5.661E-09  6.572E-11  1.161E+00  0.000E+00  0.000E+00  0.000E+00  0.000E+00  0.000E+00  0.000E+00
   1.660E+01  1.699E+01  5.974E-09  6.724E-11  1.125E+00  0.000E+00  0.000E+00  0.000E+00  0.000E+00  0.000E+00  0.000E+00
   1.738E+01  1.779E+01  6.401E-09  7.029E-11  1.098E+00  0.000E+00  0.000E+00  0.000E+00  0.000E+00  0.000E+00  0.000E+00
   1.820E+01  1.863E+01  6.897E-09  7.357E-11  1.067E+00  0.000E+00  0.000E+00  0.000E+00  0.000E+00  0.000E+00  0.000E+00
   1.905E+01  1.950E+01  7.143E-09  7.386E-11  1.034E+00  0.000E+00  0.000E+00  0.000E+00  0.000E+00  0.000E+00  0.000E+00
   1.995E+01  2.042E+01  7.578E-09  7.573E-11  9.994E-01  0.000E+00  0.000E+00  0.000E+00  0.000E+00  0.000E+00  0.000E+00
   2.089E+01  2.139E+01  7.809E-09  7.656E-11  9.805E-01  0.000E+00  0.000E+00  0.000E+00  0.000E+00  0.000E+00  0.000E+00
   2.188E+01  2.239E+01  8.080E-09  7.627E-11  9.439E-01  0.000E+00  0.000E+00  0.000E+00  0.000E+00  0.000E+00  0.000E+00
   2.291E+01  2.345E+01  8.343E-09  7.678E-11  9.203E-01  0.000E+00  0.000E+00  0.000E+00  0.000E+00  0.000E+00  0.000E+00
   2.399E+01  2.455E+01  8.733E-09  7.722E-11  8.842E-01  0.000E+00  0.000E+00  0.000E+00  0.000E+00  0.000E+00  0.000E+00
   2.512E+01  2.571E+01  8.997E-09  7.720E-11  8.580E-01  0.000E+00  0.000E+00  0.000E+00  0.000E+00  0.000E+00  0.000E+00
   2.630E+01  2.692E+01  9.210E-09  7.637E-11  8.291E-01  0.000E+00  0.000E+00  0.000E+00  0.000E+00  0.000E+00  0.000E+00
   2.754E+01  2.819E+01  9.429E-09  7.552E-11  8.009E-01  0.000E+00  0.000E+00  0.000E+00  0.000E+00  0.000E+00  0.000E+00
   2.884E+01  2.952E+01  9.981E-09  7.618E-11  7.632E-01  0.000E+00  0.000E+00  0.000E+00  0.000E+00  0.000E+00  0.000E+00
   3.020E+01  3.091E+01  1.018E-08  7.535E-11  7.405E-01  0.000E+00  0.000E+00  0.000E+00  0.000E+00  0.000E+00  0.000E+00
   3.162E+01  3.237E+01  1.055E-08  7.515E-11  7.126E-01  0.000E+00  0.000E+00  0.000E+00  0.000E+00  0.000E+00  0.000E+00
   3.311E+01  3.389E+01  1.112E-08  7.491E-11  6.738E-01  0.000E+00  0.000E+00  0.000E+00  0.000E+00  0.000E+00  0.000E+00
   3.467E+01  3.549E+01  1.153E-08  7.497E-11  6.504E-01  0.000E+00  0.000E+00  0.000E+00  0.000E+00  0.000E+00  0.000E+00
   3.631E+01  3.716E+01  1.207E-08  7.656E-11  6.342E-01  0.000E+00  0.000E+00  0.000E+00  0.000E+00  0.000E+00  0.000E+00
   3.802E+01  3.891E+01  1.255E-08  7.734E-11  6.161E-01  0.000E+00  0.000E+00  0.000E+00  0.000E+00  0.000E+00  0.000E+00
   3.981E+01  4.075E+01  1.347E-08  8.147E-11  6.049E-01  0.000E+00  0.000E+00  0.000E+00  0.000E+00  0.000E+00  0.000E+00
   4.169E+01  4.267E+01  1.426E-08  8.697E-11  6.098E-01  0.000E+00  0.000E+00  0.000E+00  0.000E+00  0.000E+00  0.000E+00
   4.365E+01  4.468E+01  1.513E-08  9.267E-11  6.127E-01  0.000E+00  0.000E+00  0.000E+00  0.000E+00  0.000E+00  0.000E+00
   4.571E+01  4.679E+01  1.602E-08  8.840E-11  5.519E-01  0.000E+00  0.000E+00  0.000E+00  0.000E+00  0.000E+00  0.000E+00
   4.786E+01  4.899E+01  1.734E-08  9.727E-11  5.608E-01  0.000E+00  0.000E+00  0.000E+00  0.000E+00  0.000E+00  0.000E+00
   5.012E+01  5.130E+01  1.849E-08  9.641E-11  5.214E-01  0.000E+00  0.000E+00  0.000E+00  0.000E+00  0.000E+00  0.000E+00
   5.248E+01  5.372E+01  1.956E-08  1.090E-10  5.573E-01  0.000E+00  0.000E+00  0.000E+00  0.000E+00  0.000E+00  0.000E+00
   5.495E+01  5.625E+01  2.061E-08  1.133E-10  5.498E-01  0.000E+00  0.000E+00  0.000E+00  0.000E+00  0.000E+00  0.000E+00
   5.754E+01  5.890E+01  2.173E-08  1.162E-10  5.345E-01  0.000E+00  0.000E+00  0.000E+00  0.000E+00  0.000E+00  0.000E+00
   6.026E+01  6.168E+01  2.755E-08  1.242E-10  4.509E-01  0.000E+00  0.000E+00  0.000E+00  0.000E+00  0.000E+00  0.000E+00
   6.310E+01  6.458E+01  2.232E-08  1.222E-10  5.476E-01  0.000E+00  0.000E+00  0.000E+00  0.000E+00  0.000E+00  0.000E+00
   6.607E+01  6.763E+01  2.261E-08  1.197E-10  5.291E-01  0.000E+00  0.000E+00  0.000E+00  0.000E+00  0.000E+00  0.000E+00
   6.918E+01  7.081E+01  2.361E-08  1.278E-10  5.413E-01  0.000E+00  0.000E+00  0.000E+00  0.000E+00  0.000E+00  0.000E+00
   7.244E+01  7.415E+01  2.416E-08  1.318E-10  5.456E-01  0.000E+00  0.000E+00  0.000E+00  0.000E+00  0.000E+00  0.000E+00
   7.586E+01  7.765E+01  2.403E-08  1.321E-10  5.496E-01  0.000E+00  0.000E+00  0.000E+00  0.000E+00  0.000E+00  0.000E+00
   7.943E+01  8.130E+01  2.375E-08  1.274E-10  5.364E-01  0.000E+00  0.000E+00  0.000E+00  0.000E+00  0.000E+00  0.000E+00
   8.318E+01  8.514E+01  2.422E-08  1.321E-10  5.453E-01  0.000E+00  0.000E+00  0.000E+00  0.000E+00  0.000E+00  0.000E+00
   8.710E+01  8.915E+01  2.348E-08  1.214E-10  5.171E-01  0.000E+00  0.000E+00  0.000E+00  0.000E+00  0.000E+00  0.000E+00
   9.120E+01  9.335E+01  2.295E-08  1.247E-10  5.436E-01  0.000E+00  0.000E+00  0.000E+00  0.000E+00  0.000E+00  0.000E+00
   9.550E+01  9.775E+01  2.243E-08  1.230E-10  5.483E-01  0.000E+00  0.000E+00  0.000E+00  0.000E+00  0.000E+00  0.000E+00
   1.000E+02  1.024E+02  2.163E-08  1.190E-10  5.501E-01  0.000E+00  0.000E+00  0.000E+00  0.000E+00  0.000E+00  0.000E+00
   1.047E+02  1.072E+02  2.102E-08  1.135E-10  5.398E-01  0.000E+00  0.000E+00  0.000E+00  0.000E+00  0.000E+00  0.000E+00
   1.096E+02  1.122E+02  2.030E-08  1.094E-10  5.390E-01  0.000E+00  0.000E+00  0.000E+00  0.000E+00  0.000E+00  0.000E+00
   1.148E+02  1.175E+02  1.925E-08  1.021E-10  5.306E-01  0.000E+00  0.000E+00  0.000E+00  0.000E+00  0.000E+00  0.000E+00
   1.202E+02  1.231E+02  1.837E-08  1.059E-10  5.762E-01  0.000E+00  0.000E+00  0.000E+00  0.000E+00  0.000E+00  0.000E+00
   1.259E+02  1.289E+02  1.770E-08  9.913E-11  5.600E-01  0.000E+00  0.000E+00  0.000E+00  0.000E+00  0.000E+00  0.000E+00
   1.318E+02  1.349E+02  1.679E-08  9.661E-11  5.755E-01  0.000E+00  0.000E+00  0.000E+00  0.000E+00  0.000E+00  0.000E+00
   1.380E+02  1.413E+02  1.608E-08  9.436E-11  5.869E-01  0.000E+00  0.000E+00  0.000E+00  0.000E+00  0.000E+00  0.000E+00
   1.445E+02  1.480E+02  1.497E-08  8.447E-11  5.643E-01  0.000E+00  0.000E+00  0.000E+00  0.000E+00  0.000E+00  0.000E+00
   1.514E+02  1.549E+02  1.415E-08  8.224E-11  5.811E-01  0.000E+00  0.000E+00  0.000E+00  0.000E+00  0.000E+00  0.000E+00
   1.585E+02  1.622E+02  1.340E-08  7.772E-11  5.798E-01  0.000E+00  0.000E+00  0.000E+00  0.000E+00  0.000E+00  0.000E+00
   1.660E+02  1.699E+02  1.263E-08  7.512E-11  5.947E-01  0.000E+00  0.000E+00  0.000E+00  0.000E+00  0.000E+00  0.000E+00
   1.738E+02  1.779E+02  1.162E-08  6.591E-11  5.674E-01  0.000E+00  0.000E+00  0.000E+00  0.000E+00  0.000E+00  0.000E+00
   1.820E+02  1.863E+02  1.088E-08  6.237E-11  5.730E-01  0.000E+00  0.000E+00  0.000E+00  0.000E+00  0.000E+00  0.000E+00
   1.905E+02  1.950E+02  1.019E-08  6.066E-11  5.952E-01  0.000E+00  0.000E+00  0.000E+00  0.000E+00  0.000E+00  0.000E+00
   1.995E+02  2.042E+02  9.574E-09  5.599E-11  5.848E-01  0.000E+00  0.000E+00  0.000E+00  0.000E+00  0.000E+00  0.000E+00
   2.089E+02  2.139E+02  8.714E-09  5.244E-11  6.018E-01  0.000E+00  0.000E+00  0.000E+00  0.000E+00  0.000E+00  0.000E+00
   2.188E+02  2.239E+02  7.968E-09  4.846E-11  6.083E-01  0.000E+00  0.000E+00  0.000E+00  0.000E+00  0.000E+00  0.000E+00
   2.291E+02  2.345E+02  7.409E-09  4.306E-11  5.812E-01  0.000E+00  0.000E+00  0.000E+00  0.000E+00  0.000E+00  0.000E+00
   2.399E+02  2.455E+02  6.790E-09  4.018E-11  5.917E-01  0.000E+00  0.000E+00  0.000E+00  0.000E+00  0.000E+00  0.000E+00
   2.512E+02  2.571E+02  6.159E-09  3.647E-11  5.922E-01  0.000E+00  0.000E+00  0.000E+00  0.000E+00  0.000E+00  0.000E+00
   2.630E+02  2.692E+02  5.617E-09  3.294E-11  5.864E-01  0.000E+00  0.000E+00  0.000E+00  0.000E+00  0.000E+00  0.000E+00
   2.754E+02  2.819E+02  5.107E-09  2.959E-11  5.795E-01  0.000E+00  0.000E+00  0.000E+00  0.000E+00  0.000E+00  0.000E+00
   2.884E+02  2.952E+02  4.566E-09  2.682E-11  5.873E-01  0.000E+00  0.000E+00  0.000E+00  0.000E+00  0.000E+00  0.000E+00
   3.020E+02  3.091E+02  4.196E-09  2.491E-11  5.938E-01  0.000E+00  0.000E+00  0.000E+00  0.000E+00  0.000E+00  0.000E+00
   3.162E+02  3.237E+02  3.808E-09  2.295E-11  6.026E-01  0.000E+00  0.000E+00  0.000E+00  0.000E+00  0.000E+00  0.000E+00
   3.311E+02  3.389E+02  3.491E-09  2.060E-11  5.901E-01  0.000E+00  0.000E+00  0.000E+00  0.000E+00  0.000E+00  0.000E+00
   3.467E+02  3.549E+02  3.096E-09  1.818E-11  5.872E-01  0.000E+00  0.000E+00  0.000E+00  0.000E+00  0.000E+00  0.000E+00
   3.631E+02  3.716E+02  2.792E-09  1.630E-11  5.838E-01  0.000E+00  0.000E+00  0.000E+00  0.000E+00  0.000E+00  0.000E+00
   3.802E+02  3.891E+02  2.558E-09  1.519E-11  5.936E-01  0.000E+00  0.000E+00  0.000E+00  0.000E+00  0.000E+00  0.000E+00
   3.981E+02  4.075E+02  2.240E-09  1.293E-11  5.770E-01  0.000E+00  0.000E+00  0.000E+00  0.000E+00  0.000E+00  0.000E+00
   4.169E+02  4.267E+02  2.027E-09  1.200E-11  5.920E-01  0.000E+00  0.000E+00  0.000E+00  0.000E+00  0.000E+00  0.000E+00
   4.365E+02  4.468E+02  1.841E-09  1.087E-11  5.901E-01  0.000E+00  0.000E+00  0.000E+00  0.000E+00  0.000E+00  0.000E+00
   4.571E+02  4.679E+02  1.627E-09  9.286E-12  5.708E-01  0.000E+00  0.000E+00  0.000E+00  0.000E+00  0.000E+00  0.000E+00
   4.786E+02  4.899E+02  1.458E-09  8.793E-12  6.033E-01  0.000E+00  0.000E+00  0.000E+00  0.000E+00  0.000E+00  0.000E+00
   5.012E+02  5.130E+02  1.315E-09  7.697E-12  5.854E-01  0.000E+00  0.000E+00  0.000E+00  0.000E+00  0.000E+00  0.000E+00
   5.248E+02  5.372E+02  1.192E-09  7.021E-12  5.890E-01  0.000E+00  0.000E+00  0.000E+00  0.000E+00  0.000E+00  0.000E+00
   5.495E+02  5.625E+02  1.039E-09  6.042E-12  5.814E-01  0.000E+00  0.000E+00  0.000E+00  0.000E+00  0.000E+00  0.000E+00
   5.754E+02  5.890E+02  9.198E-10  5.232E-12  5.689E-01  0.000E+00  0.000E+00  0.000E+00  0.000E+00  0.000E+00  0.000E+00
   6.026E+02  6.168E+02  8.410E-10  4.869E-12  5.790E-01  0.000E+00  0.000E+00  0.000E+00  0.000E+00  0.000E+00  0.000E+00
   6.310E+02  6.458E+02  7.505E-10  4.314E-12  5.748E-01  0.000E+00  0.000E+00  0.000E+00  0.000E+00  0.000E+00  0.000E+00
   6.607E+02  6.763E+02  6.608E-10  3.797E-12  5.746E-01  0.000E+00  0.000E+00  0.000E+00  0.000E+00  0.000E+00  0.000E+00
   6.918E+02  7.081E+02  5.929E-10  3.468E-12  5.850E-01  0.000E+00  0.000E+00  0.000E+00  0.000E+00  0.000E+00  0.000E+00
   7.244E+02  7.415E+02  5.205E-10  3.062E-12  5.883E-01  0.000E+00  0.000E+00  0.000E+00  0.000E+00  0.000E+00  0.000E+00
   7.586E+02  7.765E+02  4.612E-10  2.663E-12  5.774E-01  0.000E+00  0.000E+00  0.000E+00  0.000E+00  0.000E+00  0.000E+00
   7.943E+02  8.130E+02  4.072E-10  2.370E-12  5.822E-01  0.000E+00  0.000E+00  0.000E+00  0.000E+00  0.000E+00  0.000E+00
   8.318E+02  8.514E+02  3.534E-10  2.031E-12  5.748E-01  0.000E+00  0.000E+00  0.000E+00  0.000E+00  0.000E+00  0.000E+00
   8.710E+02  8.915E+02  3.161E-10  1.813E-12  5.736E-01  0.000E+00  0.000E+00  0.000E+00  0.000E+00  0.000E+00  0.000E+00
   9.120E+02  9.335E+02  2.789E-10  1.593E-12  5.712E-01  0.000E+00  0.000E+00  0.000E+00  0.000E+00  0.000E+00  0.000E+00
   9.550E+02  9.775E+02  2.417E-10  1.378E-12  5.701E-01  0.000E+00  0.000E+00  0.000E+00  0.000E+00  0.000E+00  0.000E+00
   1.000E+03  1.024E+03  2.122E-10  1.206E-12  5.683E-01  0.000E+00  0.000E+00  0.000E+00  0.000E+00  0.000E+00  0.000E+00
   1.047E+03  1.072E+03  1.819E-10  1.046E-12  5.747E-01  0.000E+00  0.000E+00  0.000E+00  0.000E+00  0.000E+00  0.000E+00
   1.096E+03  1.122E+03  1.594E-10  8.918E-13  5.595E-01  0.000E+00  0.000E+00  0.000E+00  0.000E+00  0.000E+00  0.000E+00
   1.148E+03  1.175E+03  1.376E-10  7.747E-13  5.631E-01  0.000E+00  0.000E+00  0.000E+00  0.000E+00  0.000E+00  0.000E+00
   1.202E+03  1.231E+03  1.195E-10  6.861E-13  5.742E-01  0.000E+00  0.000E+00  0.000E+00  0.000E+00  0.000E+00  0.000E+00
   1.259E+03  1.289E+03  1.012E-10  5.753E-13  5.682E-01  0.000E+00  0.000E+00  0.000E+00  0.000E+00  0.000E+00  0.000E+00
   1.318E+03  1.349E+03  8.687E-11  4.858E-13  5.592E-01  0.000E+00  0.000E+00  0.000E+00  0.000E+00  0.000E+00  0.000E+00
   1.380E+03  1.413E+03  7.271E-11  4.100E-13  5.638E-01  0.000E+00  0.000E+00  0.000E+00  0.000E+00  0.000E+00  0.000E+00
   1.445E+03  1.480E+03  6.238E-11  3.549E-13  5.689E-01  0.000E+00  0.000E+00  0.000E+00  0.000E+00  0.000E+00  0.000E+00
   1.514E+03  1.549E+03  5.236E-11  2.956E-13  5.646E-01  0.000E+00  0.000E+00  0.000E+00  0.000E+00  0.000E+00  0.000E+00
   1.585E+03  1.622E+03  4.335E-11  2.462E-13  5.679E-01  0.000E+00  0.000E+00  0.000E+00  0.000E+00  0.000E+00  0.000E+00
   1.660E+03  1.699E+03  3.525E-11  1.979E-13  5.615E-01  0.000E+00  0.000E+00  0.000E+00  0.000E+00  0.000E+00  0.000E+00
   1.738E+03  1.779E+03  2.882E-11  1.629E-13  5.651E-01  0.000E+00  0.000E+00  0.000E+00  0.000E+00  0.000E+00  0.000E+00
   1.820E+03  1.863E+03  2.279E-11  1.285E-13  5.637E-01  0.000E+00  0.000E+00  0.000E+00  0.000E+00  0.000E+00  0.000E+00
   1.905E+03  1.950E+03  1.774E-11  9.929E-14  5.596E-01  0.000E+00  0.000E+00  0.000E+00  0.000E+00  0.000E+00  0.000E+00
   1.995E+03  2.042E+03  1.317E-11  7.406E-14  5.624E-01  0.000E+00  0.000E+00  0.000E+00  0.000E+00  0.000E+00  0.000E+00
   2.089E+03  2.139E+03  9.611E-12  5.402E-14  5.621E-01  0.000E+00  0.000E+00  0.000E+00  0.000E+00  0.000E+00  0.000E+00
   2.188E+03  2.239E+03  6.850E-12  3.879E-14  5.662E-01  0.000E+00  0.000E+00  0.000E+00  0.000E+00  0.000E+00  0.000E+00
   2.291E+03  2.345E+03  4.749E-12  2.723E-14  5.734E-01  0.000E+00  0.000E+00  0.000E+00  0.000E+00  0.000E+00  0.000E+00
   2.399E+03  2.455E+03  3.087E-12  1.769E-14  5.729E-01  0.000E+00  0.000E+00  0.000E+00  0.000E+00  0.000E+00  0.000E+00
   2.512E+03  2.571E+03  1.796E-12  1.035E-14  5.760E-01  0.000E+00  0.000E+00  0.000E+00  0.000E+00  0.000E+00  0.000E+00
   2.630E+03  2.692E+03  8.095E-13  4.728E-15  5.841E-01  0.000E+00  0.000E+00  0.000E+00  0.000E+00  0.000E+00  0.000E+00
   2.754E+03  2.819E+03  1.224E-13  7.571E-16  6.185E-01  0.000E+00  0.000E+00  0.000E+00  0.000E+00  0.000E+00  0.000E+00
   2.884E+03  2.952E+03  3.999E-14  2.725E-16  6.816E-01  0.000E+00  0.000E+00  0.000E+00  0.000E+00  0.000E+00  0.000E+00
   3.020E+03  3.091E+03  1.219E-15  3.612E-17  2.962E+00  0.000E+00  0.000E+00  0.000E+00  0.000E+00  0.000E+00  0.000E+00
   3.162E+03  3.237E+03  9.654E-19  5.946E-20  6.159E+00  0.000E+00  0.000E+00  0.000E+00  0.000E+00  0.000E+00  0.000E+00
   3.311E+03  3.389E+03  1.000E-30  1.000E-90  3.843E-01  0.000E+00  0.000E+00  0.000E+00  0.000E+00  0.000E+00  0.000E+00
   3.467E+03  3.549E+03  1.000E-30  1.000E-90  3.851E-01  0.000E+00  0.000E+00  0.000E+00  0.000E+00  0.000E+00  0.000E+00
   3.631E+03  3.716E+03  1.000E-30  1.000E-90  0.000E+00  0.000E+00  0.000E+00  0.000E+00  0.000E+00  0.000E+00  0.000E+00
   3.802E+03  3.891E+03  1.000E-30  1.000E-90  0.000E+00  0.000E+00  0.000E+00  0.000E+00  0.000E+00  0.000E+00  0.000E+00
   3.981E+03  4.075E+03  1.000E-30  1.000E-90  0.000E+00  0.000E+00  0.000E+00  0.000E+00  0.000E+00  0.000E+00  0.000E+00
   4.169E+03  4.267E+03  1.000E-30  1.000E-90  0.000E+00  0.000E+00  0.000E+00  0.000E+00  0.000E+00  0.000E+00  0.000E+00
   4.365E+03  4.468E+03  1.000E-30  1.000E-90  0.000E+00  0.000E+00  0.000E+00  0.000E+00  0.000E+00  0.000E+00  0.000E+00
   4.571E+03  4.679E+03  1.000E-30  1.000E-90  0.000E+00  0.000E+00  0.000E+00  0.000E+00  0.000E+00  0.000E+00  0.000E+00
   4.786E+03  4.899E+03  1.000E-30  1.000E-90  0.000E+00  0.000E+00  0.000E+00  0.000E+00  0.000E+00  0.000E+00  0.000E+00
   5.012E+03  5.025E+05  1.000E-30  1.000E-90  0.000E+00  0.000E+00  0.000E+00  0.000E+00  0.000E+00  0.000E+00  0.000E+00
      1.096E-02     4.883-170     0.000E+00     0.000E+00
      1.202E-02     2.468-170     4.970E-11     2.014+161
      1.318E-02     2.690-170     4.779E-11     1.776+161
      1.445E-02     2.477-170     4.371E-11     1.764+161
      1.585E-02     2.431-170     4.182E-11     1.720+161
      1.738E-02     2.355-170     4.051E-11     1.720+161
      1.905E-02     2.398-170     3.996E-11     1.666+161
      2.089E-02     2.595-170     3.840E-11     1.480+161
      2.291E-02     2.114-170     4.062E-11     1.922+161
      2.512E-02     2.552-170     3.952E-11     1.548+161
      2.754E-02     2.303-170     4.095E-11     1.778+161
      3.020E-02     2.049-163     4.193E-11     2.047+154
      3.311E-02     2.348-170     4.374E-11     1.863+161
      3.631E-02     6.572-155     4.798E-11     7.301+145
      3.981E-02     2.253-170     4.820E-11     2.140+161
      4.365E-02     1.454-163     4.948E-11     3.403+154
      4.786E-02     2.130-170     5.072E-11     2.381+161
      5.248E-02     2.187-160     5.004E-11     2.288+151
      5.754E-02     9.223-153     5.110E-11     5.541+143
      6.310E-02     2.389-170     5.161E-11     2.160+161
      6.918E-02     2.755-161     5.419E-11     1.967+152
      7.586E-02     3.295-153     5.493E-11     1.667+144
      8.318E-02     1.843-156     5.572E-11     3.024+147
      9.120E-02     1.990-151     5.783E-11     2.906+142
      1.000E-01     9.076-155     5.989E-11     6.599+145
      1.096E-01     1.407-151     6.174E-11     4.388+142
      1.202E-01     1.135-151     6.167E-11     5.434+142
      1.318E-01     3.268-151     6.213E-11     1.901+142
      1.445E-01     1.559-151     6.269E-11     4.022+142
      1.585E-01     7.474-152     6.826E-11     9.133+142
      1.738E-01     1.961E-33     6.856E-11     3.497E+24
      1.905E-01     1.797E-32     7.067E-11     3.934E+23
      2.089E-01     1.049E-30     7.542E-11     7.189E+21
      2.291E-01     9.778E-30     7.362E-11     7.530E+20
      2.512E-01     1.923E-33     7.406E-11     3.851E+24
      2.754E-01     2.989E-13     7.792E-11     2.606E+04
      3.020E-01     2.537E-30     7.878E-11     3.105E+21
      3.311E-01     1.104E-29     8.189E-11     7.420E+20
      3.631E-01     4.289E-14     8.300E-11     1.935E+05
      3.981E-01     3.117E-30     8.474E-11     2.719E+21
      4.365E-01     7.483E-30     8.335E-11     1.114E+21
      4.786E-01     2.243E-19     8.317E-11     3.708E+10
      5.248E-01     7.631E-13     8.534E-11     1.118E+04
      5.754E-01     3.559E-28     8.851E-11     2.487E+19
      6.310E-01     1.185E-28     9.083E-11     7.663E+19
      6.918E-01     3.078E-27     9.420E-11     3.060E+18
      7.586E-01     2.402E-27     9.841E-11     4.097E+18
      8.318E-01     7.297E-14     1.022E-10     1.401E+05
      9.120E-01     3.778E-29     1.024E-10     2.711E+20
