   0.000E+00  5.000E-01  1.000E-30  1.000E-90  0.000E+00  0.000E+00  0.000E+00  0.000E+00  0.000E+00  0.000E+00  0.000E+00
   1.000E+00  1.024E+00  4.312E-11  6.579E-13  1.526E+00  0.000E+00  0.000E+00  0.000E+00  0.000E+00  6.308E-41  3.838E-41
   1.047E+00  1.072E+00  4.790E-11  7.092E-13  1.480E+00  0.000E+00  0.000E+00  0.000E+00  0.000E+00  0.000E+00  0.000E+00
   1.096E+00  1.122E+00  5.159E-11  7.484E-13  1.451E+00  0.000E+00  0.000E+00  0.000E+00  0.000E+00  0.000E+00  0.000E+00
   1.148E+00  1.175E+00  5.825E-11  8.182E-13  1.405E+00  0.000E+00  0.000E+00  0.000E+00  0.000E+00  0.000E+00  0.000E+00
   1.202E+00  1.231E+00  6.397E-11  8.747E-13  1.367E+00  0.000E+00  0.000E+00  0.000E+00  0.000E+00  0.000E+00  0.000E+00
   1.259E+00  1.289E+00  6.842E-11  9.205E-13  1.346E+00  0.000E+00  0.000E+00  0.000E+00  0.000E+00  0.000E+00  0.000E+00
   1.318E+00  1.349E+00  7.576E-11  9.891E-13  1.306E+00  0.000E+00  0.000E+00  0.000E+00  0.000E+00  0.000E+00  0.000E+00
   1.380E+00  1.413E+00  8.308E-11  1.061E-12  1.277E+00  0.000E+00  0.000E+00  0.000E+00  0.000E+00  0.000E+00  0.000E+00
   1.445E+00  1.480E+00  9.359E-11  1.161E-12  1.241E+00  0.000E+00  0.000E+00  0.000E+00  0.000E+00  0.000E+00  0.000E+00
   1.514E+00  1.549E+00  9.782E-11  1.215E-12  1.242E+00  0.000E+00  0.000E+00  0.000E+00  0.000E+00  0.000E+00  0.000E+00
   1.585E+00  1.622E+00  1.100E-10  1.346E-12  1.224E+00  0.000E+00  0.000E+00  0.000E+00  0.000E+00  0.000E+00  0.000E+00
   1.660E+00  1.699E+00  1.231E-10  1.483E-12  1.205E+00  0.000E+00  0.000E+00  0.000E+00  0.000E+00  0.000E+00  0.000E+00
   1.738E+00  1.779E+00  1.323E-10  1.605E-12  1.214E+00  0.000E+00  0.000E+00  0.000E+00  0.000E+00  0.000E+00  0.000E+00
   1.820E+00  1.863E+00  1.483E-10  1.776E-12  1.197E+00  0.000E+00  0.000E+00  0.000E+00  0.000E+00  0.000E+00  0.000E+00
   1.905E+00  1.950E+00  1.685E-10  2.001E-12  1.188E+00  0.000E+00  0.000E+00  0.000E+00  0.000E+00  0.000E+00  0.000E+00
   1.995E+00  2.042E+00  1.868E-10  2.207E-12  1.182E+00  0.000E+00  0.000E+00  0.000E+00  0.000E+00  0.000E+00  0.000E+00
   2.089E+00  2.139E+00  2.001E-10  2.371E-12  1.185E+00  0.000E+00  0.000E+00  0.000E+00  0.000E+00  0.000E+00  0.000E+00
   2.188E+00  2.239E+00  2.215E-10  2.632E-12  1.188E+00  0.000E+00  0.000E+00  0.000E+00  0.000E+00  0.000E+00  0.000E+00
   2.291E+00  2.345E+00  2.376E-10  2.801E-12  1.179E+00  0.000E+00  0.000E+00  0.000E+00  0.000E+00  0.000E+00  0.000E+00
   2.399E+00  2.455E+00  2.649E-10  3.108E-12  1.173E+00  0.000E+00  0.000E+00  0.000E+00  0.000E+00  0.000E+00  0.000E+00
   2.512E+00  2.571E+00  2.881E-10  3.354E-12  1.164E+00  0.000E+00  0.000E+00  0.000E+00  0.000E+00  0.000E+00  0.000E+00
   2.630E+00  2.692E+00  3.103E-10  3.592E-12  1.158E+00  0.000E+00  0.000E+00  0.000E+00  0.000E+00  0.000E+00  0.000E+00
   2.754E+00  2.819E+00  3.398E-10  3.909E-12  1.150E+00  0.000E+00  0.000E+00  0.000E+00  0.000E+00  0.000E+00  0.000E+00
   2.884E+00  2.952E+00  3.707E-10  4.202E-12  1.134E+00  0.000E+00  0.000E+00  0.000E+00  0.000E+00  0.000E+00  0.000E+00
   3.020E+00  3.091E+00  3.964E-10  4.421E-12  1.115E+00  0.000E+00  0.000E+00  0.000E+00  0.000E+00  0.000E+00  0.000E+00
   3.162E+00  3.237E+00  4.219E-10  4.658E-12  1.104E+00  0.000E+00  0.000E+00  0.000E+00  0.000E+00  0.000E+00  0.000E+00
   3.311E+00  3.389E+00  4.502E-10  4.897E-12  1.088E+00  0.000E+00  0.000E+00  0.000E+00  0.000E+00  0.000E+00  0.000E+00
   3.467E+00  3.549E+00  4.854E-10  5.179E-12  1.067E+00  0.000E+00  0.000E+00  0.000E+00  0.000E+00  0.000E+00  0.000E+00
   3.631E+00  3.716E+00  5.083E-10  5.375E-12  1.057E+00  0.000E+00  0.000E+00  0.000E+00  0.000E+00  0.000E+00  0.000E+00
   3.802E+00  3.891E+00  5.399E-10  5.552E-12  1.028E+00  0.000E+00  0.000E+00  0.000E+00  0.000E+00  0.000E+00  0.000E+00
   3.981E+00  4.075E+00  5.681E-10  5.790E-12  1.019E+00  0.000E+00  0.000E+00  0.000E+00  0.000E+00  0.000E+00  0.000E+00
   4.169E+00  4.267E+00  6.087E-10  6.021E-12  9.892E-01  0.000E+00  0.000E+00  0.000E+00  0.000E+00  0.000E+00  0.000E+00
   4.365E+00  4.468E+00  6.202E-10  6.079E-12  9.802E-01  0.000E+00  0.000E+00  0.000E+00  0.000E+00  0.000E+00  0.000E+00
   4.571E+00  4.679E+00  6.668E-10  6.342E-12  9.512E-01  0.000E+00  0.000E+00  0.000E+00  0.000E+00  0.000E+00  0.000E+00
   4.786E+00  4.899E+00  6.911E-10  6.475E-12  9.370E-01  0.000E+00  0.000E+00  0.000E+00  0.000E+00  0.000E+00  0.000E+00
   5.012E+00  5.130E+00  7.170E-10  6.572E-12  9.166E-01  0.000E+00  0.000E+00  0.000E+00  0.000E+00  0.000E+00  0.000E+00
   5.248E+00  5.372E+00  7.498E-10  6.698E-12  8.933E-01  0.000E+00  0.000E+00  0.000E+00  0.000E+00  0.000E+00  0.000E+00
   5.495E+00  5.625E+00  7.820E-10  6.809E-12  8.707E-01  0.000E+00  0.000E+00  0.000E+00  0.000E+00  0.000E+00  0.000E+00
   5.754E+00  5.890E+00  8.092E-10  6.888E-12  8.512E-01  0.000E+00  0.000E+00  0.000E+00  0.000E+00  0.000E+00  0.000E+00
   6.026E+00  6.168E+00  8.309E-10  6.898E-12  8.302E-01  0.000E+00  0.000E+00  0.000E+00  0.000E+00  0.000E+00  0.000E+00
   6.310E+00  6.458E+00  8.662E-10  6.975E-12  8.053E-01  0.000E+00  0.000E+00  0.000E+00  0.000E+00  0.000E+00  0.000E+00
   6.607E+00  6.763E+00  8.986E-10  7.055E-12  7.851E-01  0.000E+00  0.000E+00  0.000E+00  0.000E+00  0.000E+00  0.000E+00
   6.918E+00  7.081E+00  9.354E-10  7.127E-12  7.619E-01  0.000E+00  0.000E+00  0.000E+00  0.000E+00  0.000E+00  0.000E+00
   7.244E+00  7.415E+00  9.768E-10  7.212E-12  7.383E-01  0.000E+00  0.000E+00  0.000E+00  0.000E+00  0.000E+00  0.000E+00
   7.586E+00  7.765E+00  1.001E-09  7.234E-12  7.225E-01  0.000E+00  0.000E+00  0.000E+00  0.000E+00  0.000E+00  0.000E+00
   7.943E+00  8.130E+00  1.035E-09  7.283E-12  7.038E-01  0.000E+00  0.000E+00  0.000E+00  0.000E+00  0.000E+00  0.000E+00
   8.318E+00  8.514E+00  1.077E-09  7.362E-12  6.836E-01  0.000E+00  0.000E+00  0.000E+00  0.000E+00  0.000E+00  0.000E+00
   8.710E+00  8.915E+00  1.114E-09  7.451E-12  6.688E-01  0.000E+00  0.000E+00  0.000E+00  0.000E+00  0.000E+00  0.000E+00
   9.120E+00  9.335E+00  1.144E-09  7.475E-12  6.536E-01  0.000E+00  0.000E+00  0.000E+00  0.000E+00  0.000E+00  0.000E+00
   9.550E+00  9.775E+00  1.178E-09  7.519E-12  6.383E-01  0.000E+00  0.000E+00  0.000E+00  0.000E+00  0.000E+00  0.000E+00
   1.000E+01  1.024E+01  1.234E-09  7.698E-12  6.239E-01  0.000E+00  0.000E+00  0.000E+00  0.000E+00  0.000E+00  0.000E+00
   1.047E+01  1.072E+01  1.290E-09  7.852E-12  6.085E-01  0.000E+00  0.000E+00  0.000E+00  0.000E+00  0.000E+00  0.000E+00
   1.096E+01  1.122E+01  1.365E-09  8.087E-12  5.924E-01  0.000E+00  0.000E+00  0.000E+00  0.000E+00  0.000E+00  0.000E+00
   1.148E+01  1.175E+01  1.431E-09  8.291E-12  5.795E-01  0.000E+00  0.000E+00  0.000E+00  0.000E+00  0.000E+00  0.000E+00
   1.202E+01  1.231E+01  1.503E-09  8.522E-12  5.671E-01  0.000E+00  0.000E+00  0.000E+00  0.000E+00  0.000E+00  0.000E+00
   1.259E+01  1.289E+01  1.559E-09  8.718E-12  5.592E-01  0.000E+00  0.000E+00  0.000E+00  0.000E+00  0.000E+00  0.000E+00
   1.318E+01  1.349E+01  1.637E-09  9.033E-12  5.518E-01  0.000E+00  0.000E+00  0.000E+00  0.000E+00  0.000E+00  0.000E+00
   1.380E+01  1.413E+01  1.720E-09  9.334E-12  5.427E-01  0.000E+00  0.000E+00  0.000E+00  0.000E+00  0.000E+00  0.000E+00
   1.445E+01  1.480E+01  1.781E-09  9.612E-12  5.398E-01  0.000E+00  0.000E+00  0.000E+00  0.000E+00  0.000E+00  0.000E+00
   1.514E+01  1.549E+01  1.876E-09  1.004E-11  5.354E-01  0.000E+00  0.000E+00  0.000E+00  0.000E+00  0.000E+00  0.000E+00
   1.585E+01  1.622E+01  1.953E-09  1.040E-11  5.325E-01  0.000E+00  0.000E+00  0.000E+00  0.000E+00  0.000E+00  0.000E+00
   1.660E+01  1.699E+01  2.040E-09  1.084E-11  5.311E-01  0.000E+00  0.000E+00  0.000E+00  0.000E+00  0.000E+00  0.000E+00
   1.738E+01  1.779E+01  2.110E-09  1.118E-11  5.298E-01  0.000E+00  0.000E+00  0.000E+00  0.000E+00  0.000E+00  0.000E+00
   1.820E+01  1.863E+01  2.183E-09  1.155E-11  5.292E-01  0.000E+00  0.000E+00  0.000E+00  0.000E+00  0.000E+00  0.000E+00
   1.905E+01  1.950E+01  2.284E-09  1.202E-11  5.265E-01  0.000E+00  0.000E+00  0.000E+00  0.000E+00  0.000E+00  0.000E+00
   1.995E+01  2.042E+01  2.364E-09  1.242E-11  5.255E-01  0.000E+00  0.000E+00  0.000E+00  0.000E+00  0.000E+00  0.000E+00
   2.089E+01  2.139E+01  2.479E-09  1.301E-11  5.248E-01  0.000E+00  0.000E+00  0.000E+00  0.000E+00  0.000E+00  0.000E+00
   2.188E+01  2.239E+01  2.575E-09  1.342E-11  5.211E-01  0.000E+00  0.000E+00  0.000E+00  0.000E+00  0.000E+00  0.000E+00
   2.291E+01  2.345E+01  2.688E-09  1.396E-11  5.195E-01  0.000E+00  0.000E+00  0.000E+00  0.000E+00  0.000E+00  0.000E+00
   2.399E+01  2.455E+01  2.791E-09  1.436E-11  5.146E-01  0.000E+00  0.000E+00  0.000E+00  0.000E+00  0.000E+00  0.000E+00
   2.512E+01  2.571E+01  2.908E-09  1.480E-11  5.090E-01  0.000E+00  0.000E+00  0.000E+00  0.000E+00  0.000E+00  0.000E+00
   2.630E+01  2.692E+01  3.018E-09  1.513E-11  5.015E-01  0.000E+00  0.000E+00  0.000E+00  0.000E+00  0.000E+00  0.000E+00
   2.754E+01  2.819E+01  3.147E-09  1.569E-11  4.985E-01  0.000E+00  0.000E+00  0.000E+00  0.000E+00  0.000E+00  0.000E+00
   2.884E+01  2.952E+01  3.318E-09  1.630E-11  4.912E-01  0.000E+00  0.000E+00  0.000E+00  0.000E+00  0.000E+00  0.000E+00
   3.020E+01  3.091E+01  3.454E-09  1.666E-11  4.824E-01  0.000E+00  0.000E+00  0.000E+00  0.000E+00  0.000E+00  0.000E+00
   3.162E+01  3.237E+01  3.619E-09  1.730E-11  4.779E-01  0.000E+00  0.000E+00  0.000E+00  0.000E+00  0.000E+00  0.000E+00
   3.311E+01  3.389E+01  3.827E-09  1.797E-11  4.696E-01  0.000E+00  0.000E+00  0.000E+00  0.000E+00  0.000E+00  0.000E+00
   3.467E+01  3.549E+01  3.992E-09  1.841E-11  4.610E-01  0.000E+00  0.000E+00  0.000E+00  0.000E+00  0.000E+00  0.000E+00
   3.631E+01  3.716E+01  4.215E-09  1.910E-11  4.532E-01  0.000E+00  0.000E+00  0.000E+00  0.000E+00  0.000E+00  0.000E+00
   3.802E+01  3.891E+01  4.427E-09  1.962E-11  4.433E-01  0.000E+00  0.000E+00  0.000E+00  0.000E+00  0.000E+00  0.000E+00
   3.981E+01  4.075E+01  4.658E-09  2.026E-11  4.350E-01  0.000E+00  0.000E+00  0.000E+00  0.000E+00  0.000E+00  0.000E+00
   4.169E+01  4.267E+01  4.862E-09  2.068E-11  4.254E-01  0.000E+00  0.000E+00  0.000E+00  0.000E+00  0.000E+00  0.000E+00
   4.365E+01  4.468E+01  5.104E-09  2.125E-11  4.163E-01  0.000E+00  0.000E+00  0.000E+00  0.000E+00  0.000E+00  0.000E+00
   4.571E+01  4.679E+01  5.338E-09  2.173E-11  4.071E-01  0.000E+00  0.000E+00  0.000E+00  0.000E+00  0.000E+00  0.000E+00
   4.786E+01  4.899E+01  5.527E-09  2.195E-11  3.972E-01  0.000E+00  0.000E+00  0.000E+00  0.000E+00  0.000E+00  0.000E+00
   5.012E+01  5.130E+01  5.871E-09  2.257E-11  3.845E-01  0.000E+00  0.000E+00  0.000E+00  0.000E+00  0.000E+00  0.000E+00
   5.248E+01  5.372E+01  6.057E-09  2.275E-11  3.756E-01  0.000E+00  0.000E+00  0.000E+00  0.000E+00  0.000E+00  0.000E+00
   5.495E+01  5.625E+01  6.328E-09  2.311E-11  3.652E-01  0.000E+00  0.000E+00  0.000E+00  0.000E+00  0.000E+00  0.000E+00
   5.754E+01  5.890E+01  6.541E-09  2.318E-11  3.544E-01  0.000E+00  0.000E+00  0.000E+00  0.000E+00  0.000E+00  0.000E+00
   6.026E+01  6.168E+01  1.271E-08  3.253E-11  2.560E-01  0.000E+00  0.000E+00  0.000E+00  0.000E+00  0.000E+00  0.000E+00
   6.310E+01  6.458E+01  6.826E-09  2.326E-11  3.407E-01  0.000E+00  0.000E+00  0.000E+00  0.000E+00  0.000E+00  0.000E+00
   6.607E+01  6.763E+01  6.884E-09  2.296E-11  3.335E-01  0.000E+00  0.000E+00  0.000E+00  0.000E+00  0.000E+00  0.000E+00
   6.918E+01  7.081E+01  6.935E-09  2.259E-11  3.258E-01  0.000E+00  0.000E+00  0.000E+00  0.000E+00  0.000E+00  0.000E+00
   7.244E+01  7.415E+01  6.924E-09  2.210E-11  3.192E-01  0.000E+00  0.000E+00  0.000E+00  0.000E+00  0.000E+00  0.000E+00
   7.586E+01  7.765E+01  6.894E-09  2.161E-11  3.134E-01  0.000E+00  0.000E+00  0.000E+00  0.000E+00  0.000E+00  0.000E+00
   7.943E+01  8.130E+01  6.812E-09  2.097E-11  3.078E-01  0.000E+00  0.000E+00  0.000E+00  0.000E+00  0.000E+00  0.000E+00
   8.318E+01  8.514E+01  6.729E-09  2.035E-11  3.024E-01  0.000E+00  0.000E+00  0.000E+00  0.000E+00  0.000E+00  0.000E+00
   8.710E+01  8.915E+01  6.559E-09  1.955E-11  2.981E-01  0.000E+00  0.000E+00  0.000E+00  0.000E+00  0.000E+00  0.000E+00
   9.120E+01  9.335E+01  6.381E-09  1.883E-11  2.951E-01  0.000E+00  0.000E+00  0.000E+00  0.000E+00  0.000E+00  0.000E+00
   9.550E+01  9.775E+01  6.151E-09  1.794E-11  2.917E-01  0.000E+00  0.000E+00  0.000E+00  0.000E+00  0.000E+00  0.000E+00
   1.000E+02  1.024E+02  5.919E-09  1.709E-11  2.887E-01  0.000E+00  0.000E+00  0.000E+00  0.000E+00  0.000E+00  0.000E+00
   1.047E+02  1.072E+02  5.646E-09  1.619E-11  2.868E-01  0.000E+00  0.000E+00  0.000E+00  0.000E+00  0.000E+00  0.000E+00
   1.096E+02  1.122E+02  5.394E-09  1.539E-11  2.852E-01  0.000E+00  0.000E+00  0.000E+00  0.000E+00  0.000E+00  0.000E+00
   1.148E+02  1.175E+02  5.111E-09  1.452E-11  2.841E-01  0.000E+00  0.000E+00  0.000E+00  0.000E+00  0.000E+00  0.000E+00
   1.202E+02  1.231E+02  4.846E-09  1.369E-11  2.826E-01  0.000E+00  0.000E+00  0.000E+00  0.000E+00  0.000E+00  0.000E+00
   1.259E+02  1.289E+02  4.561E-09  1.286E-11  2.821E-01  0.000E+00  0.000E+00  0.000E+00  0.000E+00  0.000E+00  0.000E+00
   1.318E+02  1.349E+02  4.266E-09  1.203E-11  2.819E-01  0.000E+00  0.000E+00  0.000E+00  0.000E+00  0.000E+00  0.000E+00
   1.380E+02  1.413E+02  3.990E-09  1.125E-11  2.821E-01  0.000E+00  0.000E+00  0.000E+00  0.000E+00  0.000E+00  0.000E+00
   1.445E+02  1.480E+02  3.724E-09  1.050E-11  2.820E-01  0.000E+00  0.000E+00  0.000E+00  0.000E+00  0.000E+00  0.000E+00
   1.514E+02  1.549E+02  3.460E-09  9.767E-12  2.823E-01  0.000E+00  0.000E+00  0.000E+00  0.000E+00  0.000E+00  0.000E+00
   1.585E+02  1.622E+02  3.205E-09  9.056E-12  2.825E-01  0.000E+00  0.000E+00  0.000E+00  0.000E+00  0.000E+00  0.000E+00
   1.660E+02  1.699E+02  2.965E-09  8.400E-12  2.833E-01  0.000E+00  0.000E+00  0.000E+00  0.000E+00  0.000E+00  0.000E+00
   1.738E+02  1.779E+02  2.736E-09  7.783E-12  2.845E-01  0.000E+00  0.000E+00  0.000E+00  0.000E+00  0.000E+00  0.000E+00
   1.820E+02  1.863E+02  2.516E-09  7.184E-12  2.855E-01  0.000E+00  0.000E+00  0.000E+00  0.000E+00  0.000E+00  0.000E+00
   1.905E+02  1.950E+02  2.311E-09  6.621E-12  2.865E-01  0.000E+00  0.000E+00  0.000E+00  0.000E+00  0.000E+00  0.000E+00
   1.995E+02  2.042E+02  2.120E-09  6.100E-12  2.877E-01  0.000E+00  0.000E+00  0.000E+00  0.000E+00  0.000E+00  0.000E+00
   2.089E+02  2.139E+02  1.942E-09  5.612E-12  2.890E-01  0.000E+00  0.000E+00  0.000E+00  0.000E+00  0.000E+00  0.000E+00
   2.188E+02  2.239E+02  1.770E-09  5.139E-12  2.903E-01  0.000E+00  0.000E+00  0.000E+00  0.000E+00  0.000E+00  0.000E+00
   2.291E+02  2.345E+02  1.618E-09  4.716E-12  2.914E-01  0.000E+00  0.000E+00  0.000E+00  0.000E+00  0.000E+00  0.000E+00
   2.399E+02  2.455E+02  1.472E-09  4.312E-12  2.929E-01  0.000E+00  0.000E+00  0.000E+00  0.000E+00  0.000E+00  0.000E+00
   2.512E+02  2.571E+02  1.339E-09  3.939E-12  2.943E-01  0.000E+00  0.000E+00  0.000E+00  0.000E+00  0.000E+00  0.000E+00
   2.630E+02  2.692E+02  1.216E-09  3.592E-12  2.954E-01  0.000E+00  0.000E+00  0.000E+00  0.000E+00  0.000E+00  0.000E+00
   2.754E+02  2.819E+02  1.103E-09  3.270E-12  2.964E-01  0.000E+00  0.000E+00  0.000E+00  0.000E+00  0.000E+00  0.000E+00
   2.884E+02  2.952E+02  9.960E-10  2.966E-12  2.978E-01  0.000E+00  0.000E+00  0.000E+00  0.000E+00  0.000E+00  0.000E+00
   3.020E+02  3.091E+02  9.025E-10  2.698E-12  2.989E-01  0.000E+00  0.000E+00  0.000E+00  0.000E+00  0.000E+00  0.000E+00
   3.162E+02  3.237E+02  8.160E-10  2.450E-12  3.002E-01  0.000E+00  0.000E+00  0.000E+00  0.000E+00  0.000E+00  0.000E+00
   3.311E+02  3.389E+02  7.340E-10  2.211E-12  3.013E-01  0.000E+00  0.000E+00  0.000E+00  0.000E+00  0.000E+00  0.000E+00
   3.467E+02  3.549E+02  6.613E-10  1.996E-12  3.019E-01  0.000E+00  0.000E+00  0.000E+00  0.000E+00  0.000E+00  0.000E+00
   3.631E+02  3.716E+02  5.944E-10  1.800E-12  3.029E-01  0.000E+00  0.000E+00  0.000E+00  0.000E+00  0.000E+00  0.000E+00
   3.802E+02  3.891E+02  5.326E-10  1.620E-12  3.042E-01  0.000E+00  0.000E+00  0.000E+00  0.000E+00  0.000E+00  0.000E+00
   3.981E+02  4.075E+02  4.772E-10  1.454E-12  3.047E-01  0.000E+00  0.000E+00  0.000E+00  0.000E+00  0.000E+00  0.000E+00
   4.169E+02  4.267E+02  4.265E-10  1.305E-12  3.059E-01  0.000E+00  0.000E+00  0.000E+00  0.000E+00  0.000E+00  0.000E+00
   4.365E+02  4.468E+02  3.810E-10  1.167E-12  3.062E-01  0.000E+00  0.000E+00  0.000E+00  0.000E+00  0.000E+00  0.000E+00
   4.571E+02  4.679E+02  3.393E-10  1.043E-12  3.074E-01  0.000E+00  0.000E+00  0.000E+00  0.000E+00  0.000E+00  0.000E+00
   4.786E+02  4.899E+02  3.016E-10  9.292E-13  3.081E-01  0.000E+00  0.000E+00  0.000E+00  0.000E+00  0.000E+00  0.000E+00
   5.012E+02  5.130E+02  2.682E-10  8.268E-13  3.083E-01  0.000E+00  0.000E+00  0.000E+00  0.000E+00  0.000E+00  0.000E+00
   5.248E+02  5.372E+02  2.369E-10  7.333E-13  3.096E-01  0.000E+00  0.000E+00  0.000E+00  0.000E+00  0.000E+00  0.000E+00
   5.495E+02  5.625E+02  2.093E-10  6.499E-13  3.105E-01  0.000E+00  0.000E+00  0.000E+00  0.000E+00  0.000E+00  0.000E+00
   5.754E+02  5.890E+02  1.850E-10  5.757E-13  3.112E-01  0.000E+00  0.000E+00  0.000E+00  0.000E+00  0.000E+00  0.000E+00
   6.026E+02  6.168E+02  1.635E-10  5.099E-13  3.118E-01  0.000E+00  0.000E+00  0.000E+00  0.000E+00  0.000E+00  0.000E+00
   6.310E+02  6.458E+02  1.443E-10  4.508E-13  3.124E-01  0.000E+00  0.000E+00  0.000E+00  0.000E+00  0.000E+00  0.000E+00
   6.607E+02  6.763E+02  1.272E-10  3.983E-13  3.132E-01  0.000E+00  0.000E+00  0.000E+00  0.000E+00  0.000E+00  0.000E+00
   6.918E+02  7.081E+02  1.119E-10  3.515E-13  3.140E-01  0.000E+00  0.000E+00  0.000E+00  0.000E+00  0.000E+00  0.000E+00
   7.244E+02  7.415E+02  9.807E-11  3.088E-13  3.148E-01  0.000E+00  0.000E+00  0.000E+00  0.000E+00  0.000E+00  0.000E+00
   7.586E+02  7.765E+02  8.580E-11  2.703E-13  3.151E-01  0.000E+00  0.000E+00  0.000E+00  0.000E+00  0.000E+00  0.000E+00
   7.943E+02  8.130E+02  7.492E-11  2.366E-13  3.158E-01  0.000E+00  0.000E+00  0.000E+00  0.000E+00  0.000E+00  0.000E+00
   8.318E+02  8.514E+02  6.519E-11  2.063E-13  3.165E-01  0.000E+00  0.000E+00  0.000E+00  0.000E+00  0.000E+00  0.000E+00
   8.710E+02  8.915E+02  5.666E-11  1.797E-13  3.171E-01  0.000E+00  0.000E+00  0.000E+00  0.000E+00  0.000E+00  0.000E+00
   9.120E+02  9.335E+02  4.907E-11  1.559E-13  3.177E-01  0.000E+00  0.000E+00  0.000E+00  0.000E+00  0.000E+00  0.000E+00
   9.550E+02  9.775E+02  4.256E-11  1.354E-13  3.182E-01  0.000E+00  0.000E+00  0.000E+00  0.000E+00  0.000E+00  0.000E+00
   1.000E+03  1.024E+03  3.697E-11  1.179E-13  3.188E-01  0.000E+00  0.000E+00  0.000E+00  0.000E+00  0.000E+00  0.000E+00
   1.047E+03  1.072E+03  3.199E-11  1.022E-13  3.194E-01  0.000E+00  0.000E+00  0.000E+00  0.000E+00  0.000E+00  0.000E+00
   1.096E+03  1.122E+03  2.753E-11  8.812E-14  3.201E-01  0.000E+00  0.000E+00  0.000E+00  0.000E+00  0.000E+00  0.000E+00
   1.148E+03  1.175E+03  2.355E-11  7.552E-14  3.207E-01  0.000E+00  0.000E+00  0.000E+00  0.000E+00  0.000E+00  0.000E+00
   1.202E+03  1.231E+03  2.006E-11  6.442E-14  3.212E-01  0.000E+00  0.000E+00  0.000E+00  0.000E+00  0.000E+00  0.000E+00
   1.259E+03  1.289E+03  1.694E-11  5.450E-14  3.217E-01  0.000E+00  0.000E+00  0.000E+00  0.000E+00  0.000E+00  0.000E+00
   1.318E+03  1.349E+03  1.420E-11  4.576E-14  3.223E-01  0.000E+00  0.000E+00  0.000E+00  0.000E+00  0.000E+00  0.000E+00
   1.380E+03  1.413E+03  1.182E-11  3.814E-14  3.228E-01  0.000E+00  0.000E+00  0.000E+00  0.000E+00  0.000E+00  0.000E+00
   1.445E+03  1.480E+03  9.767E-12  3.159E-14  3.234E-01  0.000E+00  0.000E+00  0.000E+00  0.000E+00  0.000E+00  0.000E+00
   1.514E+03  1.549E+03  8.033E-12  2.603E-14  3.240E-01  0.000E+00  0.000E+00  0.000E+00  0.000E+00  0.000E+00  0.000E+00
   1.585E+03  1.622E+03  6.524E-12  2.118E-14  3.247E-01  0.000E+00  0.000E+00  0.000E+00  0.000E+00  0.000E+00  0.000E+00
   1.660E+03  1.699E+03  5.238E-12  1.704E-14  3.253E-01  0.000E+00  0.000E+00  0.000E+00  0.000E+00  0.000E+00  0.000E+00
   1.738E+03  1.779E+03  4.172E-12  1.360E-14  3.261E-01  0.000E+00  0.000E+00  0.000E+00  0.000E+00  0.000E+00  0.000E+00
   1.820E+03  1.863E+03  3.256E-12  1.064E-14  3.267E-01  0.000E+00  0.000E+00  0.000E+00  0.000E+00  0.000E+00  0.000E+00
   1.905E+03  1.950E+03  2.478E-12  8.125E-15  3.278E-01  0.000E+00  0.000E+00  0.000E+00  0.000E+00  0.000E+00  0.000E+00
   1.995E+03  2.042E+03  1.830E-12  6.020E-15  3.289E-01  0.000E+00  0.000E+00  0.000E+00  0.000E+00  0.000E+00  0.000E+00
   2.089E+03  2.139E+03  1.299E-12  4.288E-15  3.300E-01  0.000E+00  0.000E+00  0.000E+00  0.000E+00  0.000E+00  0.000E+00
   2.188E+03  2.239E+03  8.843E-13  2.928E-15  3.311E-01  0.000E+00  0.000E+00  0.000E+00  0.000E+00  0.000E+00  0.000E+00
   2.291E+03  2.345E+03  6.132E-13  2.038E-15  3.324E-01  0.000E+00  0.000E+00  0.000E+00  0.000E+00  0.000E+00  0.000E+00
   2.399E+03  2.455E+03  3.930E-13  1.314E-15  3.343E-01  0.000E+00  0.000E+00  0.000E+00  0.000E+00  0.000E+00  0.000E+00
   2.512E+03  2.571E+03  2.223E-13  7.506E-16  3.377E-01  0.000E+00  0.000E+00  0.000E+00  0.000E+00  0.000E+00  0.000E+00
   2.630E+03  2.692E+03  9.769E-14  3.334E-16  3.413E-01  0.000E+00  0.000E+00  0.000E+00  0.000E+00  0.000E+00  0.000E+00
   2.754E+03  2.819E+03  1.369E-14  5.347E-17  3.906E-01  0.000E+00  0.000E+00  0.000E+00  0.000E+00  0.000E+00  0.000E+00
   2.884E+03  2.952E+03  3.606E-15  1.821E-17  5.051E-01  0.000E+00  0.000E+00  0.000E+00  0.000E+00  0.000E+00  0.000E+00
   3.020E+03  3.091E+03  5.071E-17  1.529E-18  3.016E+00  0.000E+00  0.000E+00  0.000E+00  0.000E+00  0.000E+00  0.000E+00
   3.162E+03  3.237E+03  1.000E-30  1.000E-90  2.265E-01  0.000E+00  0.000E+00  0.000E+00  0.000E+00  0.000E+00  0.000E+00
   3.311E+03  3.389E+03  1.000E-30  1.000E-90  2.268E-01  0.000E+00  0.000E+00  0.000E+00  0.000E+00  0.000E+00  0.000E+00
   3.467E+03  3.549E+03  1.000E-30  1.000E-90  2.270E-01  0.000E+00  0.000E+00  0.000E+00  0.000E+00  0.000E+00  0.000E+00
   3.631E+03  3.716E+03  1.000E-30  1.000E-90  0.000E+00  0.000E+00  0.000E+00  0.000E+00  0.000E+00  0.000E+00  0.000E+00
   3.802E+03  3.891E+03  1.000E-30  1.000E-90  0.000E+00  0.000E+00  0.000E+00  0.000E+00  0.000E+00  0.000E+00  0.000E+00
   3.981E+03  4.075E+03  1.000E-30  1.000E-90  0.000E+00  0.000E+00  0.000E+00  0.000E+00  0.000E+00  0.000E+00  0.000E+00
   4.169E+03  4.267E+03  1.000E-30  1.000E-90  0.000E+00  0.000E+00  0.000E+00  0.000E+00  0.000E+00  0.000E+00  0.000E+00
   4.365E+03  4.468E+03  1.000E-30  1.000E-90  0.000E+00  0.000E+00  0.000E+00  0.000E+00  0.000E+00  0.000E+00  0.000E+00
   4.571E+03  4.679E+03  1.000E-30  1.000E-90  0.000E+00  0.000E+00  0.000E+00  0.000E+00  0.000E+00  0.000E+00  0.000E+00
   4.786E+03  4.899E+03  1.000E-30  1.000E-90  0.000E+00  0.000E+00  0.000E+00  0.000E+00  0.000E+00  0.000E+00  0.000E+00
   5.012E+03  5.025E+05  1.000E-30  1.000E-90  0.000E+00  0.000E+00  0.000E+00  0.000E+00  0.000E+00  0.000E+00  0.000E+00
      1.096E-02     4.429-170     0.000E+00     0.000E+00
      1.202E-02     2.269-170     2.673E-11     1.178+161
      1.318E-02     2.256-170     2.752E-11     1.220+161
      1.445E-02     6.418-156     2.773E-11     4.321+146
      1.585E-02     2.203-170     2.896E-11     1.314+161
      1.738E-02     3.722-152     2.956E-11     7.943+142
      1.905E-02     6.012-160     2.971E-11     4.942+150
      2.089E-02     1.185-160     3.049E-11     2.574+151
      2.291E-02     2.753-154     3.122E-11     1.134+145
      2.512E-02     3.593-151     3.265E-11     9.088+141
      2.754E-02     2.071-156     3.263E-11     1.576+147
      3.020E-02     8.332-154     3.451E-11     4.142+144
      3.311E-02     4.326-151     3.631E-11     8.393+141
      3.631E-02     5.206-151     3.753E-11     7.210+141
      3.981E-02     2.483-152     3.966E-11     1.597+143
      4.365E-02     4.725-151     4.268E-11     9.033+141
      4.786E-02     7.729-151     4.495E-11     5.816+141
      5.248E-02     2.865-151     4.611E-11     1.609+142
      5.754E-02     6.056-151     4.889E-11     8.073+141
      6.310E-02     6.401-151     4.969E-11     7.762+141
      6.918E-02     4.924-151     5.265E-11     1.069+142
      7.586E-02     8.868-151     5.426E-11     6.118+141
      8.318E-02     1.471-150     5.550E-11     3.772+141
      9.120E-02     1.710-150     5.767E-11     3.373+141
      1.000E-01     1.913-150     5.921E-11     3.095+141
      1.096E-01     2.708-150     5.949E-11     2.197+141
      1.202E-01     3.018-150     5.986E-11     1.983+141
      1.318E-01     2.738-150     6.010E-11     2.195+141
      1.445E-01     3.353-150     6.069E-11     1.810+141
      1.585E-01     4.090-150     6.015E-11     1.471+141
      1.738E-01     5.035E-36     5.934E-11     1.179E+27
      1.905E-01     5.465E-35     5.910E-11     1.082E+26
      2.089E-01     3.245E-33     5.870E-11     1.809E+24
      2.291E-01     3.017E-32     5.659E-11     1.875E+23
      2.512E-01     4.359E-36     5.639E-11     1.294E+27
      2.754E-01     2.947E-12     5.498E-11     1.866E+03
      3.020E-01     7.932E-33     5.328E-11     6.718E+23
      3.311E-01     3.468E-32     5.187E-11     1.496E+23
      3.631E-01     5.334E-18     5.036E-11     9.441E+08
      3.981E-01     1.041E-32     4.864E-11     4.675E+23
      4.365E-01     2.786E-32     4.653E-11     1.670E+23
      4.786E-01     3.049E-20     4.492E-11     1.473E+11
      5.248E-01     6.225E-13     4.340E-11     6.972E+03
      5.754E-01     2.458E-30     4.186E-11     1.703E+21
      6.310E-01     4.569E-31     4.046E-11     8.855E+21
      6.918E-01     1.967E-29     3.876E-11     1.970E+20
      7.586E-01     5.264E-30     3.727E-11     7.079E+20
      8.318E-01     9.657E-14     3.597E-11     3.725E+04
      9.120E-01     5.670E-32     3.477E-11     6.132E+22
