   0.000E+00  5.000E-01  1.000E-30  1.000E-90  0.000E+00  0.000E+00  0.000E+00  0.000E+00  0.000E+00  0.000E+00  0.000E+00
   1.000E+00  1.024E+00  7.109E-11  2.527E-12  3.555E+00  0.000E+00  0.000E+00  0.000E+00  0.000E+00  2.045E-40  7.322E-41
   1.047E+00  1.072E+00  8.820E-11  3.048E-12  3.456E+00  0.000E+00  0.000E+00  0.000E+00  0.000E+00  0.000E+00  0.000E+00
   1.096E+00  1.122E+00  1.032E-10  3.442E-12  3.334E+00  0.000E+00  0.000E+00  0.000E+00  0.000E+00  0.000E+00  0.000E+00
   1.148E+00  1.175E+00  1.187E-10  3.863E-12  3.253E+00  0.000E+00  0.000E+00  0.000E+00  0.000E+00  0.000E+00  0.000E+00
   1.202E+00  1.231E+00  1.226E-10  3.864E-12  3.151E+00  0.000E+00  0.000E+00  0.000E+00  0.000E+00  0.000E+00  0.000E+00
   1.259E+00  1.289E+00  1.345E-10  4.016E-12  2.985E+00  0.000E+00  0.000E+00  0.000E+00  0.000E+00  0.000E+00  0.000E+00
   1.318E+00  1.349E+00  1.432E-10  4.182E-12  2.921E+00  0.000E+00  0.000E+00  0.000E+00  0.000E+00  0.000E+00  0.000E+00
   1.380E+00  1.413E+00  1.532E-10  4.353E-12  2.842E+00  0.000E+00  0.000E+00  0.000E+00  0.000E+00  0.000E+00  0.000E+00
   1.445E+00  1.480E+00  1.748E-10  4.692E-12  2.684E+00  0.000E+00  0.000E+00  0.000E+00  0.000E+00  0.000E+00  0.000E+00
   1.514E+00  1.549E+00  1.770E-10  4.575E-12  2.585E+00  0.000E+00  0.000E+00  0.000E+00  0.000E+00  0.000E+00  0.000E+00
   1.585E+00  1.622E+00  2.075E-10  5.053E-12  2.435E+00  0.000E+00  0.000E+00  0.000E+00  0.000E+00  0.000E+00  0.000E+00
   1.660E+00  1.699E+00  2.203E-10  5.152E-12  2.339E+00  0.000E+00  0.000E+00  0.000E+00  0.000E+00  0.000E+00  0.000E+00
   1.738E+00  1.779E+00  2.345E-10  5.367E-12  2.289E+00  0.000E+00  0.000E+00  0.000E+00  0.000E+00  0.000E+00  0.000E+00
   1.820E+00  1.863E+00  2.476E-10  5.472E-12  2.210E+00  0.000E+00  0.000E+00  0.000E+00  0.000E+00  0.000E+00  0.000E+00
   1.905E+00  1.950E+00  2.688E-10  5.639E-12  2.098E+00  0.000E+00  0.000E+00  0.000E+00  0.000E+00  0.000E+00  0.000E+00
   1.995E+00  2.042E+00  2.986E-10  6.052E-12  2.027E+00  0.000E+00  0.000E+00  0.000E+00  0.000E+00  0.000E+00  0.000E+00
   2.089E+00  2.139E+00  3.177E-10  6.269E-12  1.973E+00  0.000E+00  0.000E+00  0.000E+00  0.000E+00  0.000E+00  0.000E+00
   2.188E+00  2.239E+00  3.464E-10  6.603E-12  1.906E+00  0.000E+00  0.000E+00  0.000E+00  0.000E+00  0.000E+00  0.000E+00
   2.291E+00  2.345E+00  3.779E-10  7.005E-12  1.854E+00  0.000E+00  0.000E+00  0.000E+00  0.000E+00  0.000E+00  0.000E+00
   2.399E+00  2.455E+00  3.886E-10  7.238E-12  1.863E+00  0.000E+00  0.000E+00  0.000E+00  0.000E+00  0.000E+00  0.000E+00
   2.512E+00  2.571E+00  4.462E-10  7.960E-12  1.784E+00  0.000E+00  0.000E+00  0.000E+00  0.000E+00  0.000E+00  0.000E+00
   2.630E+00  2.692E+00  4.705E-10  8.159E-12  1.734E+00  0.000E+00  0.000E+00  0.000E+00  0.000E+00  0.000E+00  0.000E+00
   2.754E+00  2.819E+00  5.185E-10  8.845E-12  1.706E+00  0.000E+00  0.000E+00  0.000E+00  0.000E+00  0.000E+00  0.000E+00
   2.884E+00  2.952E+00  5.338E-10  9.006E-12  1.687E+00  0.000E+00  0.000E+00  0.000E+00  0.000E+00  0.000E+00  0.000E+00
   3.020E+00  3.091E+00  5.914E-10  9.820E-12  1.661E+00  0.000E+00  0.000E+00  0.000E+00  0.000E+00  0.000E+00  0.000E+00
   3.162E+00  3.237E+00  6.230E-10  1.012E-11  1.624E+00  0.000E+00  0.000E+00  0.000E+00  0.000E+00  0.000E+00  0.000E+00
   3.311E+00  3.389E+00  6.922E-10  1.101E-11  1.591E+00  0.000E+00  0.000E+00  0.000E+00  0.000E+00  0.000E+00  0.000E+00
   3.467E+00  3.549E+00  7.583E-10  1.171E-11  1.544E+00  0.000E+00  0.000E+00  0.000E+00  0.000E+00  0.000E+00  0.000E+00
   3.631E+00  3.716E+00  8.043E-10  1.230E-11  1.529E+00  0.000E+00  0.000E+00  0.000E+00  0.000E+00  0.000E+00  0.000E+00
   3.802E+00  3.891E+00  8.657E-10  1.306E-11  1.509E+00  0.000E+00  0.000E+00  0.000E+00  0.000E+00  0.000E+00  0.000E+00
   3.981E+00  4.075E+00  9.213E-10  1.376E-11  1.493E+00  0.000E+00  0.000E+00  0.000E+00  0.000E+00  0.000E+00  0.000E+00
   4.169E+00  4.267E+00  9.932E-10  1.458E-11  1.468E+00  0.000E+00  0.000E+00  0.000E+00  0.000E+00  0.000E+00  0.000E+00
   4.365E+00  4.468E+00  1.107E-09  1.594E-11  1.440E+00  0.000E+00  0.000E+00  0.000E+00  0.000E+00  0.000E+00  0.000E+00
   4.571E+00  4.679E+00  1.223E-09  1.714E-11  1.402E+00  0.000E+00  0.000E+00  0.000E+00  0.000E+00  0.000E+00  0.000E+00
   4.786E+00  4.899E+00  1.286E-09  1.810E-11  1.407E+00  0.000E+00  0.000E+00  0.000E+00  0.000E+00  0.000E+00  0.000E+00
   5.012E+00  5.130E+00  1.422E-09  1.960E-11  1.378E+00  0.000E+00  0.000E+00  0.000E+00  0.000E+00  0.000E+00  0.000E+00
   5.248E+00  5.372E+00  1.513E-09  2.111E-11  1.395E+00  0.000E+00  0.000E+00  0.000E+00  0.000E+00  0.000E+00  0.000E+00
   5.495E+00  5.625E+00  1.672E-09  2.255E-11  1.348E+00  0.000E+00  0.000E+00  0.000E+00  0.000E+00  0.000E+00  0.000E+00
   5.754E+00  5.890E+00  1.878E-09  2.489E-11  1.325E+00  0.000E+00  0.000E+00  0.000E+00  0.000E+00  0.000E+00  0.000E+00
   6.026E+00  6.168E+00  1.938E-09  2.564E-11  1.323E+00  0.000E+00  0.000E+00  0.000E+00  0.000E+00  0.000E+00  0.000E+00
   6.310E+00  6.458E+00  2.165E-09  2.835E-11  1.310E+00  0.000E+00  0.000E+00  0.000E+00  0.000E+00  0.000E+00  0.000E+00
   6.607E+00  6.763E+00  2.381E-09  3.349E-11  1.407E+00  0.000E+00  0.000E+00  0.000E+00  0.000E+00  0.000E+00  0.000E+00
   6.918E+00  7.081E+00  2.592E-09  3.310E-11  1.277E+00  0.000E+00  0.000E+00  0.000E+00  0.000E+00  0.000E+00  0.000E+00
   7.244E+00  7.415E+00  2.795E-09  3.601E-11  1.288E+00  0.000E+00  0.000E+00  0.000E+00  0.000E+00  0.000E+00  0.000E+00
   7.586E+00  7.765E+00  3.010E-09  3.950E-11  1.312E+00  0.000E+00  0.000E+00  0.000E+00  0.000E+00  0.000E+00  0.000E+00
   7.943E+00  8.130E+00  3.464E-09  4.343E-11  1.254E+00  0.000E+00  0.000E+00  0.000E+00  0.000E+00  0.000E+00  0.000E+00
   8.318E+00  8.514E+00  3.642E-09  4.585E-11  1.259E+00  0.000E+00  0.000E+00  0.000E+00  0.000E+00  0.000E+00  0.000E+00
   8.710E+00  8.915E+00  3.978E-09  5.031E-11  1.265E+00  0.000E+00  0.000E+00  0.000E+00  0.000E+00  0.000E+00  0.000E+00
   9.120E+00  9.335E+00  4.316E-09  5.414E-11  1.254E+00  0.000E+00  0.000E+00  0.000E+00  0.000E+00  0.000E+00  0.000E+00
   9.550E+00  9.775E+00  4.623E-09  5.751E-11  1.244E+00  0.000E+00  0.000E+00  0.000E+00  0.000E+00  0.000E+00  0.000E+00
   1.000E+01  1.024E+01  5.004E-09  6.158E-11  1.231E+00  0.000E+00  0.000E+00  0.000E+00  0.000E+00  0.000E+00  0.000E+00
   1.047E+01  1.072E+01  5.415E-09  6.620E-11  1.222E+00  0.000E+00  0.000E+00  0.000E+00  0.000E+00  0.000E+00  0.000E+00
   1.096E+01  1.122E+01  5.884E-09  7.036E-11  1.196E+00  0.000E+00  0.000E+00  0.000E+00  0.000E+00  0.000E+00  0.000E+00
   1.148E+01  1.175E+01  6.405E-09  7.613E-11  1.189E+00  0.000E+00  0.000E+00  0.000E+00  0.000E+00  0.000E+00  0.000E+00
   1.202E+01  1.231E+01  6.930E-09  8.008E-11  1.155E+00  0.000E+00  0.000E+00  0.000E+00  0.000E+00  0.000E+00  0.000E+00
   1.259E+01  1.289E+01  7.576E-09  8.635E-11  1.140E+00  0.000E+00  0.000E+00  0.000E+00  0.000E+00  0.000E+00  0.000E+00
   1.318E+01  1.349E+01  7.958E-09  8.929E-11  1.122E+00  0.000E+00  0.000E+00  0.000E+00  0.000E+00  0.000E+00  0.000E+00
   1.380E+01  1.413E+01  8.491E-09  9.305E-11  1.096E+00  0.000E+00  0.000E+00  0.000E+00  0.000E+00  0.000E+00  0.000E+00
   1.445E+01  1.480E+01  8.966E-09  9.648E-11  1.076E+00  0.000E+00  0.000E+00  0.000E+00  0.000E+00  0.000E+00  0.000E+00
   1.514E+01  1.549E+01  9.506E-09  9.984E-11  1.050E+00  0.000E+00  0.000E+00  0.000E+00  0.000E+00  0.000E+00  0.000E+00
   1.585E+01  1.622E+01  9.886E-09  1.015E-10  1.027E+00  0.000E+00  0.000E+00  0.000E+00  0.000E+00  0.000E+00  0.000E+00
   1.660E+01  1.699E+01  1.030E-08  1.034E-10  1.004E+00  0.000E+00  0.000E+00  0.000E+00  0.000E+00  0.000E+00  0.000E+00
   1.738E+01  1.779E+01  1.067E-08  1.044E-10  9.788E-01  0.000E+00  0.000E+00  0.000E+00  0.000E+00  0.000E+00  0.000E+00
   1.820E+01  1.863E+01  1.136E-08  1.072E-10  9.436E-01  0.000E+00  0.000E+00  0.000E+00  0.000E+00  0.000E+00  0.000E+00
   1.905E+01  1.950E+01  1.180E-08  1.086E-10  9.203E-01  0.000E+00  0.000E+00  0.000E+00  0.000E+00  0.000E+00  0.000E+00
   1.995E+01  2.042E+01  1.212E-08  1.079E-10  8.897E-01  0.000E+00  0.000E+00  0.000E+00  0.000E+00  0.000E+00  0.000E+00
   2.089E+01  2.139E+01  1.263E-08  1.092E-10  8.642E-01  0.000E+00  0.000E+00  0.000E+00  0.000E+00  0.000E+00  0.000E+00
   2.188E+01  2.239E+01  1.300E-08  1.092E-10  8.397E-01  0.000E+00  0.000E+00  0.000E+00  0.000E+00  0.000E+00  0.000E+00
   2.291E+01  2.345E+01  1.343E-08  1.086E-10  8.089E-01  0.000E+00  0.000E+00  0.000E+00  0.000E+00  0.000E+00  0.000E+00
   2.399E+01  2.455E+01  1.403E-08  1.097E-10  7.819E-01  0.000E+00  0.000E+00  0.000E+00  0.000E+00  0.000E+00  0.000E+00
   2.512E+01  2.571E+01  1.433E-08  1.092E-10  7.616E-01  0.000E+00  0.000E+00  0.000E+00  0.000E+00  0.000E+00  0.000E+00
   2.630E+01  2.692E+01  1.473E-08  1.078E-10  7.319E-01  0.000E+00  0.000E+00  0.000E+00  0.000E+00  0.000E+00  0.000E+00
   2.754E+01  2.819E+01  1.518E-08  1.076E-10  7.092E-01  0.000E+00  0.000E+00  0.000E+00  0.000E+00  0.000E+00  0.000E+00
   2.884E+01  2.952E+01  1.567E-08  1.070E-10  6.830E-01  0.000E+00  0.000E+00  0.000E+00  0.000E+00  0.000E+00  0.000E+00
   3.020E+01  3.091E+01  1.605E-08  1.059E-10  6.597E-01  0.000E+00  0.000E+00  0.000E+00  0.000E+00  0.000E+00  0.000E+00
   3.162E+01  3.237E+01  1.675E-08  1.068E-10  6.375E-01  0.000E+00  0.000E+00  0.000E+00  0.000E+00  0.000E+00  0.000E+00
   3.311E+01  3.389E+01  1.707E-08  1.058E-10  6.200E-01  0.000E+00  0.000E+00  0.000E+00  0.000E+00  0.000E+00  0.000E+00
   3.467E+01  3.549E+01  1.800E-08  1.098E-10  6.101E-01  0.000E+00  0.000E+00  0.000E+00  0.000E+00  0.000E+00  0.000E+00
   3.631E+01  3.716E+01  1.823E-08  1.058E-10  5.802E-01  0.000E+00  0.000E+00  0.000E+00  0.000E+00  0.000E+00  0.000E+00
   3.802E+01  3.891E+01  1.913E-08  1.082E-10  5.657E-01  0.000E+00  0.000E+00  0.000E+00  0.000E+00  0.000E+00  0.000E+00
   3.981E+01  4.075E+01  1.996E-08  1.099E-10  5.508E-01  0.000E+00  0.000E+00  0.000E+00  0.000E+00  0.000E+00  0.000E+00
   4.169E+01  4.267E+01  2.082E-08  1.117E-10  5.366E-01  0.000E+00  0.000E+00  0.000E+00  0.000E+00  0.000E+00  0.000E+00
   4.365E+01  4.468E+01  2.193E-08  1.145E-10  5.221E-01  0.000E+00  0.000E+00  0.000E+00  0.000E+00  0.000E+00  0.000E+00
   4.571E+01  4.679E+01  2.331E-08  1.234E-10  5.295E-01  0.000E+00  0.000E+00  0.000E+00  0.000E+00  0.000E+00  0.000E+00
   4.786E+01  4.899E+01  2.443E-08  1.238E-10  5.066E-01  0.000E+00  0.000E+00  0.000E+00  0.000E+00  0.000E+00  0.000E+00
   5.012E+01  5.130E+01  2.605E-08  1.259E-10  4.831E-01  0.000E+00  0.000E+00  0.000E+00  0.000E+00  0.000E+00  0.000E+00
   5.248E+01  5.372E+01  2.768E-08  1.324E-10  4.782E-01  0.000E+00  0.000E+00  0.000E+00  0.000E+00  0.000E+00  0.000E+00
   5.495E+01  5.625E+01  2.899E-08  1.388E-10  4.787E-01  0.000E+00  0.000E+00  0.000E+00  0.000E+00  0.000E+00  0.000E+00
   5.754E+01  5.890E+01  3.110E-08  1.491E-10  4.793E-01  0.000E+00  0.000E+00  0.000E+00  0.000E+00  0.000E+00  0.000E+00
   6.026E+01  6.168E+01  4.396E-08  1.699E-10  3.864E-01  0.000E+00  0.000E+00  0.000E+00  0.000E+00  0.000E+00  0.000E+00
   6.310E+01  6.458E+01  3.176E-08  1.520E-10  4.785E-01  0.000E+00  0.000E+00  0.000E+00  0.000E+00  0.000E+00  0.000E+00
   6.607E+01  6.763E+01  3.366E-08  1.619E-10  4.811E-01  0.000E+00  0.000E+00  0.000E+00  0.000E+00  0.000E+00  0.000E+00
   6.918E+01  7.081E+01  3.496E-08  1.640E-10  4.692E-01  0.000E+00  0.000E+00  0.000E+00  0.000E+00  0.000E+00  0.000E+00
   7.244E+01  7.415E+01  3.582E-08  1.606E-10  4.484E-01  0.000E+00  0.000E+00  0.000E+00  0.000E+00  0.000E+00  0.000E+00
   7.586E+01  7.765E+01  3.664E-08  1.666E-10  4.546E-01  0.000E+00  0.000E+00  0.000E+00  0.000E+00  0.000E+00  0.000E+00
   7.943E+01  8.130E+01  3.794E-08  1.710E-10  4.508E-01  0.000E+00  0.000E+00  0.000E+00  0.000E+00  0.000E+00  0.000E+00
   8.318E+01  8.514E+01  3.856E-08  1.689E-10  4.380E-01  0.000E+00  0.000E+00  0.000E+00  0.000E+00  0.000E+00  0.000E+00
   8.710E+01  8.915E+01  3.899E-08  1.716E-10  4.400E-01  0.000E+00  0.000E+00  0.000E+00  0.000E+00  0.000E+00  0.000E+00
   9.120E+01  9.335E+01  3.906E-08  1.676E-10  4.290E-01  0.000E+00  0.000E+00  0.000E+00  0.000E+00  0.000E+00  0.000E+00
   9.550E+01  9.775E+01  3.923E-08  1.676E-10  4.273E-01  0.000E+00  0.000E+00  0.000E+00  0.000E+00  0.000E+00  0.000E+00
   1.000E+02  1.024E+02  3.952E-08  1.681E-10  4.255E-01  0.000E+00  0.000E+00  0.000E+00  0.000E+00  0.000E+00  0.000E+00
   1.047E+02  1.072E+02  3.939E-08  1.635E-10  4.151E-01  0.000E+00  0.000E+00  0.000E+00  0.000E+00  0.000E+00  0.000E+00
   1.096E+02  1.122E+02  3.861E-08  1.613E-10  4.176E-01  0.000E+00  0.000E+00  0.000E+00  0.000E+00  0.000E+00  0.000E+00
   1.148E+02  1.175E+02  3.817E-08  1.573E-10  4.121E-01  0.000E+00  0.000E+00  0.000E+00  0.000E+00  0.000E+00  0.000E+00
   1.202E+02  1.231E+02  3.748E-08  1.568E-10  4.184E-01  0.000E+00  0.000E+00  0.000E+00  0.000E+00  0.000E+00  0.000E+00
   1.259E+02  1.289E+02  3.677E-08  1.535E-10  4.174E-01  0.000E+00  0.000E+00  0.000E+00  0.000E+00  0.000E+00  0.000E+00
   1.318E+02  1.349E+02  3.601E-08  1.504E-10  4.178E-01  0.000E+00  0.000E+00  0.000E+00  0.000E+00  0.000E+00  0.000E+00
   1.380E+02  1.413E+02  3.477E-08  1.422E-10  4.090E-01  0.000E+00  0.000E+00  0.000E+00  0.000E+00  0.000E+00  0.000E+00
   1.445E+02  1.480E+02  3.339E-08  1.364E-10  4.086E-01  0.000E+00  0.000E+00  0.000E+00  0.000E+00  0.000E+00  0.000E+00
   1.514E+02  1.549E+02  3.210E-08  1.297E-10  4.040E-01  0.000E+00  0.000E+00  0.000E+00  0.000E+00  0.000E+00  0.000E+00
   1.585E+02  1.622E+02  3.051E-08  1.226E-10  4.017E-01  0.000E+00  0.000E+00  0.000E+00  0.000E+00  0.000E+00  0.000E+00
   1.660E+02  1.699E+02  2.878E-08  1.148E-10  3.988E-01  0.000E+00  0.000E+00  0.000E+00  0.000E+00  0.000E+00  0.000E+00
   1.738E+02  1.779E+02  2.726E-08  1.091E-10  4.001E-01  0.000E+00  0.000E+00  0.000E+00  0.000E+00  0.000E+00  0.000E+00
   1.820E+02  1.863E+02  2.574E-08  1.028E-10  3.993E-01  0.000E+00  0.000E+00  0.000E+00  0.000E+00  0.000E+00  0.000E+00
   1.905E+02  1.950E+02  2.417E-08  9.676E-11  4.004E-01  0.000E+00  0.000E+00  0.000E+00  0.000E+00  0.000E+00  0.000E+00
   1.995E+02  2.042E+02  2.248E-08  9.005E-11  4.006E-01  0.000E+00  0.000E+00  0.000E+00  0.000E+00  0.000E+00  0.000E+00
   2.089E+02  2.139E+02  2.073E-08  8.225E-11  3.967E-01  0.000E+00  0.000E+00  0.000E+00  0.000E+00  0.000E+00  0.000E+00
   2.188E+02  2.239E+02  1.923E-08  7.642E-11  3.974E-01  0.000E+00  0.000E+00  0.000E+00  0.000E+00  0.000E+00  0.000E+00
   2.291E+02  2.345E+02  1.793E-08  7.205E-11  4.017E-01  0.000E+00  0.000E+00  0.000E+00  0.000E+00  0.000E+00  0.000E+00
   2.399E+02  2.455E+02  1.623E-08  6.527E-11  4.021E-01  0.000E+00  0.000E+00  0.000E+00  0.000E+00  0.000E+00  0.000E+00
   2.512E+02  2.571E+02  1.502E-08  6.001E-11  3.995E-01  0.000E+00  0.000E+00  0.000E+00  0.000E+00  0.000E+00  0.000E+00
   2.630E+02  2.692E+02  1.363E-08  5.442E-11  3.992E-01  0.000E+00  0.000E+00  0.000E+00  0.000E+00  0.000E+00  0.000E+00
   2.754E+02  2.819E+02  1.256E-08  5.036E-11  4.009E-01  0.000E+00  0.000E+00  0.000E+00  0.000E+00  0.000E+00  0.000E+00
   2.884E+02  2.952E+02  1.134E-08  4.591E-11  4.048E-01  0.000E+00  0.000E+00  0.000E+00  0.000E+00  0.000E+00  0.000E+00
   3.020E+02  3.091E+02  1.034E-08  4.149E-11  4.013E-01  0.000E+00  0.000E+00  0.000E+00  0.000E+00  0.000E+00  0.000E+00
   3.162E+02  3.237E+02  9.231E-09  3.717E-11  4.026E-01  0.000E+00  0.000E+00  0.000E+00  0.000E+00  0.000E+00  0.000E+00
   3.311E+02  3.389E+02  8.517E-09  3.470E-11  4.074E-01  0.000E+00  0.000E+00  0.000E+00  0.000E+00  0.000E+00  0.000E+00
   3.467E+02  3.549E+02  7.585E-09  3.086E-11  4.068E-01  0.000E+00  0.000E+00  0.000E+00  0.000E+00  0.000E+00  0.000E+00
   3.631E+02  3.716E+02  6.871E-09  2.815E-11  4.097E-01  0.000E+00  0.000E+00  0.000E+00  0.000E+00  0.000E+00  0.000E+00
   3.802E+02  3.891E+02  6.222E-09  2.549E-11  4.097E-01  0.000E+00  0.000E+00  0.000E+00  0.000E+00  0.000E+00  0.000E+00
   3.981E+02  4.075E+02  5.602E-09  2.309E-11  4.122E-01  0.000E+00  0.000E+00  0.000E+00  0.000E+00  0.000E+00  0.000E+00
   4.169E+02  4.267E+02  4.955E-09  2.044E-11  4.126E-01  0.000E+00  0.000E+00  0.000E+00  0.000E+00  0.000E+00  0.000E+00
   4.365E+02  4.468E+02  4.472E-09  1.840E-11  4.115E-01  0.000E+00  0.000E+00  0.000E+00  0.000E+00  0.000E+00  0.000E+00
   4.571E+02  4.679E+02  3.964E-09  1.649E-11  4.159E-01  0.000E+00  0.000E+00  0.000E+00  0.000E+00  0.000E+00  0.000E+00
   4.786E+02  4.899E+02  3.625E-09  1.510E-11  4.167E-01  0.000E+00  0.000E+00  0.000E+00  0.000E+00  0.000E+00  0.000E+00
   5.012E+02  5.130E+02  3.183E-09  1.343E-11  4.218E-01  0.000E+00  0.000E+00  0.000E+00  0.000E+00  0.000E+00  0.000E+00
   5.248E+02  5.372E+02  2.835E-09  1.192E-11  4.204E-01  0.000E+00  0.000E+00  0.000E+00  0.000E+00  0.000E+00  0.000E+00
   5.495E+02  5.625E+02  2.527E-09  1.069E-11  4.229E-01  0.000E+00  0.000E+00  0.000E+00  0.000E+00  0.000E+00  0.000E+00
   5.754E+02  5.890E+02  2.236E-09  9.520E-12  4.257E-01  0.000E+00  0.000E+00  0.000E+00  0.000E+00  0.000E+00  0.000E+00
   6.026E+02  6.168E+02  1.998E-09  8.443E-12  4.226E-01  0.000E+00  0.000E+00  0.000E+00  0.000E+00  0.000E+00  0.000E+00
   6.310E+02  6.458E+02  1.797E-09  7.692E-12  4.279E-01  0.000E+00  0.000E+00  0.000E+00  0.000E+00  0.000E+00  0.000E+00
   6.607E+02  6.763E+02  1.586E-09  6.744E-12  4.252E-01  0.000E+00  0.000E+00  0.000E+00  0.000E+00  0.000E+00  0.000E+00
   6.918E+02  7.081E+02  1.395E-09  5.966E-12  4.275E-01  0.000E+00  0.000E+00  0.000E+00  0.000E+00  0.000E+00  0.000E+00
   7.244E+02  7.415E+02  1.236E-09  5.316E-12  4.300E-01  0.000E+00  0.000E+00  0.000E+00  0.000E+00  0.000E+00  0.000E+00
   7.586E+02  7.765E+02  1.100E-09  4.766E-12  4.334E-01  0.000E+00  0.000E+00  0.000E+00  0.000E+00  0.000E+00  0.000E+00
   7.943E+02  8.130E+02  9.640E-10  4.197E-12  4.354E-01  0.000E+00  0.000E+00  0.000E+00  0.000E+00  0.000E+00  0.000E+00
   8.318E+02  8.514E+02  8.501E-10  3.698E-12  4.350E-01  0.000E+00  0.000E+00  0.000E+00  0.000E+00  0.000E+00  0.000E+00
   8.710E+02  8.915E+02  7.475E-10  3.262E-12  4.364E-01  0.000E+00  0.000E+00  0.000E+00  0.000E+00  0.000E+00  0.000E+00
   9.120E+02  9.335E+02  6.535E-10  2.849E-12  4.359E-01  0.000E+00  0.000E+00  0.000E+00  0.000E+00  0.000E+00  0.000E+00
   9.550E+02  9.775E+02  5.732E-10  2.519E-12  4.395E-01  0.000E+00  0.000E+00  0.000E+00  0.000E+00  0.000E+00  0.000E+00
   1.000E+03  1.024E+03  4.941E-10  2.183E-12  4.418E-01  0.000E+00  0.000E+00  0.000E+00  0.000E+00  0.000E+00  0.000E+00
   1.047E+03  1.072E+03  4.348E-10  1.927E-12  4.432E-01  0.000E+00  0.000E+00  0.000E+00  0.000E+00  0.000E+00  0.000E+00
   1.096E+03  1.122E+03  3.763E-10  1.669E-12  4.436E-01  0.000E+00  0.000E+00  0.000E+00  0.000E+00  0.000E+00  0.000E+00
   1.148E+03  1.175E+03  3.227E-10  1.442E-12  4.469E-01  0.000E+00  0.000E+00  0.000E+00  0.000E+00  0.000E+00  0.000E+00
   1.202E+03  1.231E+03  2.764E-10  1.241E-12  4.489E-01  0.000E+00  0.000E+00  0.000E+00  0.000E+00  0.000E+00  0.000E+00
   1.259E+03  1.289E+03  2.372E-10  1.069E-12  4.506E-01  0.000E+00  0.000E+00  0.000E+00  0.000E+00  0.000E+00  0.000E+00
   1.318E+03  1.349E+03  2.002E-10  9.065E-13  4.527E-01  0.000E+00  0.000E+00  0.000E+00  0.000E+00  0.000E+00  0.000E+00
   1.380E+03  1.413E+03  1.695E-10  7.712E-13  4.549E-01  0.000E+00  0.000E+00  0.000E+00  0.000E+00  0.000E+00  0.000E+00
   1.445E+03  1.480E+03  1.405E-10  6.414E-13  4.566E-01  0.000E+00  0.000E+00  0.000E+00  0.000E+00  0.000E+00  0.000E+00
   1.514E+03  1.549E+03  1.163E-10  5.332E-13  4.586E-01  0.000E+00  0.000E+00  0.000E+00  0.000E+00  0.000E+00  0.000E+00
   1.585E+03  1.622E+03  9.559E-11  4.402E-13  4.605E-01  0.000E+00  0.000E+00  0.000E+00  0.000E+00  0.000E+00  0.000E+00
   1.660E+03  1.699E+03  7.818E-11  3.604E-13  4.610E-01  0.000E+00  0.000E+00  0.000E+00  0.000E+00  0.000E+00  0.000E+00
   1.738E+03  1.779E+03  6.330E-11  2.925E-13  4.621E-01  0.000E+00  0.000E+00  0.000E+00  0.000E+00  0.000E+00  0.000E+00
   1.820E+03  1.863E+03  5.018E-11  2.336E-13  4.654E-01  0.000E+00  0.000E+00  0.000E+00  0.000E+00  0.000E+00  0.000E+00
   1.905E+03  1.950E+03  3.848E-11  1.793E-13  4.659E-01  0.000E+00  0.000E+00  0.000E+00  0.000E+00  0.000E+00  0.000E+00
   1.995E+03  2.042E+03  2.895E-11  1.356E-13  4.683E-01  0.000E+00  0.000E+00  0.000E+00  0.000E+00  0.000E+00  0.000E+00
   2.089E+03  2.139E+03  2.100E-11  9.853E-14  4.691E-01  0.000E+00  0.000E+00  0.000E+00  0.000E+00  0.000E+00  0.000E+00
   2.188E+03  2.239E+03  1.461E-11  6.863E-14  4.698E-01  0.000E+00  0.000E+00  0.000E+00  0.000E+00  0.000E+00  0.000E+00
   2.291E+03  2.345E+03  1.022E-11  4.847E-14  4.742E-01  0.000E+00  0.000E+00  0.000E+00  0.000E+00  0.000E+00  0.000E+00
   2.399E+03  2.455E+03  6.640E-12  3.170E-14  4.774E-01  0.000E+00  0.000E+00  0.000E+00  0.000E+00  0.000E+00  0.000E+00
   2.512E+03  2.571E+03  3.816E-12  1.842E-14  4.827E-01  0.000E+00  0.000E+00  0.000E+00  0.000E+00  0.000E+00  0.000E+00
   2.630E+03  2.692E+03  1.697E-12  8.330E-15  4.908E-01  0.000E+00  0.000E+00  0.000E+00  0.000E+00  0.000E+00  0.000E+00
   2.754E+03  2.819E+03  2.525E-13  1.342E-15  5.316E-01  0.000E+00  0.000E+00  0.000E+00  0.000E+00  0.000E+00  0.000E+00
   2.884E+03  2.952E+03  7.644E-14  4.758E-16  6.224E-01  0.000E+00  0.000E+00  0.000E+00  0.000E+00  0.000E+00  0.000E+00
   3.020E+03  3.091E+03  2.616E-15  5.679E-17  2.171E+00  0.000E+00  0.000E+00  0.000E+00  0.000E+00  0.000E+00  0.000E+00
   3.162E+03  3.237E+03  1.000E-30  1.000E-90  3.260E-01  0.000E+00  0.000E+00  0.000E+00  0.000E+00  0.000E+00  0.000E+00
   3.311E+03  3.389E+03  1.000E-30  1.000E-90  3.276E-01  0.000E+00  0.000E+00  0.000E+00  0.000E+00  0.000E+00  0.000E+00
   3.467E+03  3.549E+03  1.000E-30  1.000E-90  3.285E-01  0.000E+00  0.000E+00  0.000E+00  0.000E+00  0.000E+00  0.000E+00
   3.631E+03  3.716E+03  1.000E-30  1.000E-90  0.000E+00  0.000E+00  0.000E+00  0.000E+00  0.000E+00  0.000E+00  0.000E+00
   3.802E+03  3.891E+03  1.000E-30  1.000E-90  0.000E+00  0.000E+00  0.000E+00  0.000E+00  0.000E+00  0.000E+00  0.000E+00
   3.981E+03  4.075E+03  1.000E-30  1.000E-90  0.000E+00  0.000E+00  0.000E+00  0.000E+00  0.000E+00  0.000E+00  0.000E+00
   4.169E+03  4.267E+03  1.000E-30  1.000E-90  0.000E+00  0.000E+00  0.000E+00  0.000E+00  0.000E+00  0.000E+00  0.000E+00
   4.365E+03  4.468E+03  1.000E-30  1.000E-90  0.000E+00  0.000E+00  0.000E+00  0.000E+00  0.000E+00  0.000E+00  0.000E+00
   4.571E+03  4.679E+03  1.000E-30  1.000E-90  0.000E+00  0.000E+00  0.000E+00  0.000E+00  0.000E+00  0.000E+00  0.000E+00
   4.786E+03  4.899E+03  1.000E-30  1.000E-90  0.000E+00  0.000E+00  0.000E+00  0.000E+00  0.000E+00  0.000E+00  0.000E+00
   5.012E+03  5.025E+05  1.000E-30  1.000E-90  0.000E+00  0.000E+00  0.000E+00  0.000E+00  0.000E+00  0.000E+00  0.000E+00
      1.096E-02     3.888-170     0.000E+00     0.000E+00
      1.202E-02     2.411-170     1.027E-10     4.259+161
      1.318E-02     2.587-170     1.183E-10     4.572+161
      1.445E-02     2.194-170     1.275E-10     5.813+161
      1.585E-02     2.625-170     1.367E-10     5.208+161
      1.738E-02     1.943-170     1.306E-10     6.722+161
      1.905E-02     2.541-170     1.296E-10     5.100+161
      2.089E-02     2.138-170     1.289E-10     6.028+161
      2.291E-02     2.660-166     1.281E-10     4.816+157
      2.512E-02     1.955-170     1.319E-10     6.746+161
      2.754E-02     2.291-170     1.228E-10     5.362+161
      3.020E-02     2.224-170     1.295E-10     5.823+161
      3.311E-02     2.286-170     1.261E-10     5.518+161
      3.631E-02     1.948-157     1.255E-10     6.442+148
      3.981E-02     2.219-170     1.222E-10     5.508+161
      4.365E-02     2.147-151     1.203E-10     5.601+142
      4.786E-02     6.970-166     1.233E-10     1.768+157
      5.248E-02     6.019-163     1.219E-10     2.026+154
      5.754E-02     2.082-151     1.226E-10     5.892+142
      6.310E-02     5.672-152     1.242E-10     2.190+143
      6.918E-02     2.047-151     1.226E-10     5.990+142
      7.586E-02     1.529-165     1.288E-10     8.422+156
      8.318E-02     3.911-152     1.260E-10     3.223+143
      9.120E-02     1.805-151     1.305E-10     7.228+142
      1.000E-01     1.412-152     1.269E-10     8.986+143
      1.096E-01     2.131-152     1.321E-10     6.201+143
      1.202E-01     2.483-151     1.300E-10     5.236+142
      1.318E-01     1.671-151     1.351E-10     8.084+142
      1.445E-01     6.628-151     1.372E-10     2.071+142
      1.585E-01     4.231-151     1.376E-10     3.252+142
      1.738E-01     1.353E-33     1.396E-10     1.032E+25
      1.905E-01     1.389E-32     1.404E-10     1.011E+24
      2.089E-01     5.482E-31     1.421E-10     2.592E+22
      2.291E-01     5.193E-30     1.484E-10     2.858E+21
      2.512E-01     1.208E-33     1.524E-10     1.262E+25
      2.754E-01     1.970E-12     1.536E-10     7.797E+03
      3.020E-01     1.310E-30     1.589E-10     1.213E+22
      3.311E-01     5.737E-30     1.634E-10     2.849E+21
      3.631E-01     5.163E-14     1.667E-10     3.229E+05
      3.981E-01     1.581E-30     1.758E-10     1.112E+22
      4.365E-01     3.634E-30     1.729E-10     4.758E+21
      4.786E-01     5.892E-18     1.826E-10     3.098E+09
      5.248E-01     1.045E-12     2.060E-10     1.970E+04
      5.754E-01     2.231E-28     1.944E-10     8.715E+19
      6.310E-01     6.587E-29     2.020E-10     3.067E+20
      6.918E-01     1.902E-27     2.116E-10     1.113E+19
      7.586E-01     1.267E-27     2.222E-10     1.753E+19
      8.318E-01     5.561E-13     2.240E-10     4.028E+04
      9.120E-01     1.262E-29     2.347E-10     1.859E+21
