   0.000E+00  5.000E-01  1.000E-30  1.000E-90  0.000E+00  0.000E+00  0.000E+00  0.000E+00  0.000E+00  0.000E+00  0.000E+00
   1.000E+00  1.024E+00  8.204E-11  1.194E-12  1.455E+00  0.000E+00  0.000E+00  0.000E+00  0.000E+00  7.716E-41  4.694E-41
   1.047E+00  1.072E+00  9.052E-11  1.292E-12  1.427E+00  0.000E+00  0.000E+00  0.000E+00  0.000E+00  0.000E+00  0.000E+00
   1.096E+00  1.122E+00  9.822E-11  1.384E-12  1.409E+00  0.000E+00  0.000E+00  0.000E+00  0.000E+00  0.000E+00  0.000E+00
   1.148E+00  1.175E+00  1.065E-10  1.505E-12  1.413E+00  0.000E+00  0.000E+00  0.000E+00  0.000E+00  0.000E+00  0.000E+00
   1.202E+00  1.231E+00  1.184E-10  1.643E-12  1.388E+00  0.000E+00  0.000E+00  0.000E+00  0.000E+00  0.000E+00  0.000E+00
   1.259E+00  1.289E+00  1.319E-10  1.838E-12  1.393E+00  0.000E+00  0.000E+00  0.000E+00  0.000E+00  0.000E+00  0.000E+00
   1.318E+00  1.349E+00  1.399E-10  1.956E-12  1.397E+00  0.000E+00  0.000E+00  0.000E+00  0.000E+00  0.000E+00  0.000E+00
   1.380E+00  1.413E+00  1.590E-10  2.195E-12  1.381E+00  0.000E+00  0.000E+00  0.000E+00  0.000E+00  0.000E+00  0.000E+00
   1.445E+00  1.480E+00  1.721E-10  2.385E-12  1.386E+00  0.000E+00  0.000E+00  0.000E+00  0.000E+00  0.000E+00  0.000E+00
   1.514E+00  1.549E+00  1.875E-10  2.613E-12  1.393E+00  0.000E+00  0.000E+00  0.000E+00  0.000E+00  0.000E+00  0.000E+00
   1.585E+00  1.622E+00  2.077E-10  2.865E-12  1.379E+00  0.000E+00  0.000E+00  0.000E+00  0.000E+00  0.000E+00  0.000E+00
   1.660E+00  1.699E+00  2.341E-10  3.178E-12  1.358E+00  0.000E+00  0.000E+00  0.000E+00  0.000E+00  0.000E+00  0.000E+00
   1.738E+00  1.779E+00  2.504E-10  3.330E-12  1.330E+00  0.000E+00  0.000E+00  0.000E+00  0.000E+00  0.000E+00  0.000E+00
   1.820E+00  1.863E+00  2.737E-10  3.614E-12  1.321E+00  0.000E+00  0.000E+00  0.000E+00  0.000E+00  0.000E+00  0.000E+00
   1.905E+00  1.950E+00  3.087E-10  4.021E-12  1.303E+00  0.000E+00  0.000E+00  0.000E+00  0.000E+00  0.000E+00  0.000E+00
   1.995E+00  2.042E+00  3.440E-10  4.418E-12  1.284E+00  0.000E+00  0.000E+00  0.000E+00  0.000E+00  0.000E+00  0.000E+00
   2.089E+00  2.139E+00  3.753E-10  4.699E-12  1.252E+00  0.000E+00  0.000E+00  0.000E+00  0.000E+00  0.000E+00  0.000E+00
   2.188E+00  2.239E+00  4.137E-10  5.142E-12  1.243E+00  0.000E+00  0.000E+00  0.000E+00  0.000E+00  0.000E+00  0.000E+00
   2.291E+00  2.345E+00  4.535E-10  5.569E-12  1.228E+00  0.000E+00  0.000E+00  0.000E+00  0.000E+00  0.000E+00  0.000E+00
   2.399E+00  2.455E+00  4.877E-10  5.981E-12  1.226E+00  0.000E+00  0.000E+00  0.000E+00  0.000E+00  0.000E+00  0.000E+00
   2.512E+00  2.571E+00  5.435E-10  6.556E-12  1.206E+00  0.000E+00  0.000E+00  0.000E+00  0.000E+00  0.000E+00  0.000E+00
   2.630E+00  2.692E+00  6.108E-10  7.251E-12  1.187E+00  0.000E+00  0.000E+00  0.000E+00  0.000E+00  0.000E+00  0.000E+00
   2.754E+00  2.819E+00  6.536E-10  7.777E-12  1.190E+00  0.000E+00  0.000E+00  0.000E+00  0.000E+00  0.000E+00  0.000E+00
   2.884E+00  2.952E+00  7.291E-10  8.548E-12  1.172E+00  0.000E+00  0.000E+00  0.000E+00  0.000E+00  0.000E+00  0.000E+00
   3.020E+00  3.091E+00  7.862E-10  9.124E-12  1.161E+00  0.000E+00  0.000E+00  0.000E+00  0.000E+00  0.000E+00  0.000E+00
   3.162E+00  3.237E+00  8.397E-10  9.740E-12  1.160E+00  0.000E+00  0.000E+00  0.000E+00  0.000E+00  0.000E+00  0.000E+00
   3.311E+00  3.389E+00  9.218E-10  1.054E-11  1.144E+00  0.000E+00  0.000E+00  0.000E+00  0.000E+00  0.000E+00  0.000E+00
   3.467E+00  3.549E+00  1.013E-09  1.151E-11  1.136E+00  0.000E+00  0.000E+00  0.000E+00  0.000E+00  0.000E+00  0.000E+00
   3.631E+00  3.716E+00  1.107E-09  1.248E-11  1.128E+00  0.000E+00  0.000E+00  0.000E+00  0.000E+00  0.000E+00  0.000E+00
   3.802E+00  3.891E+00  1.203E-09  1.338E-11  1.112E+00  0.000E+00  0.000E+00  0.000E+00  0.000E+00  0.000E+00  0.000E+00
   3.981E+00  4.075E+00  1.296E-09  1.430E-11  1.104E+00  0.000E+00  0.000E+00  0.000E+00  0.000E+00  0.000E+00  0.000E+00
   4.169E+00  4.267E+00  1.358E-09  1.497E-11  1.102E+00  0.000E+00  0.000E+00  0.000E+00  0.000E+00  0.000E+00  0.000E+00
   4.365E+00  4.468E+00  1.516E-09  1.631E-11  1.076E+00  0.000E+00  0.000E+00  0.000E+00  0.000E+00  0.000E+00  0.000E+00
   4.571E+00  4.679E+00  1.594E-09  1.693E-11  1.062E+00  0.000E+00  0.000E+00  0.000E+00  0.000E+00  0.000E+00  0.000E+00
   4.786E+00  4.899E+00  1.684E-09  1.762E-11  1.046E+00  0.000E+00  0.000E+00  0.000E+00  0.000E+00  0.000E+00  0.000E+00
   5.012E+00  5.130E+00  1.796E-09  1.856E-11  1.034E+00  0.000E+00  0.000E+00  0.000E+00  0.000E+00  0.000E+00  0.000E+00
   5.248E+00  5.372E+00  1.930E-09  1.969E-11  1.021E+00  0.000E+00  0.000E+00  0.000E+00  0.000E+00  0.000E+00  0.000E+00
   5.495E+00  5.625E+00  2.031E-09  2.038E-11  1.003E+00  0.000E+00  0.000E+00  0.000E+00  0.000E+00  0.000E+00  0.000E+00
   5.754E+00  5.890E+00  2.139E-09  2.103E-11  9.830E-01  0.000E+00  0.000E+00  0.000E+00  0.000E+00  0.000E+00  0.000E+00
   6.026E+00  6.168E+00  2.237E-09  2.174E-11  9.718E-01  0.000E+00  0.000E+00  0.000E+00  0.000E+00  0.000E+00  0.000E+00
   6.310E+00  6.458E+00  2.313E-09  2.202E-11  9.522E-01  0.000E+00  0.000E+00  0.000E+00  0.000E+00  0.000E+00  0.000E+00
   6.607E+00  6.763E+00  2.382E-09  2.236E-11  9.389E-01  0.000E+00  0.000E+00  0.000E+00  0.000E+00  0.000E+00  0.000E+00
   6.918E+00  7.081E+00  2.507E-09  2.302E-11  9.183E-01  0.000E+00  0.000E+00  0.000E+00  0.000E+00  0.000E+00  0.000E+00
   7.244E+00  7.415E+00  2.603E-09  2.346E-11  9.010E-01  0.000E+00  0.000E+00  0.000E+00  0.000E+00  0.000E+00  0.000E+00
   7.586E+00  7.765E+00  2.702E-09  2.379E-11  8.805E-01  0.000E+00  0.000E+00  0.000E+00  0.000E+00  0.000E+00  0.000E+00
   7.943E+00  8.130E+00  2.835E-09  2.423E-11  8.550E-01  0.000E+00  0.000E+00  0.000E+00  0.000E+00  0.000E+00  0.000E+00
   8.318E+00  8.514E+00  2.867E-09  2.411E-11  8.410E-01  0.000E+00  0.000E+00  0.000E+00  0.000E+00  0.000E+00  0.000E+00
   8.710E+00  8.915E+00  3.025E-09  2.462E-11  8.138E-01  0.000E+00  0.000E+00  0.000E+00  0.000E+00  0.000E+00  0.000E+00
   9.120E+00  9.335E+00  3.120E-09  2.469E-11  7.913E-01  0.000E+00  0.000E+00  0.000E+00  0.000E+00  0.000E+00  0.000E+00
   9.550E+00  9.775E+00  3.157E-09  2.459E-11  7.789E-01  0.000E+00  0.000E+00  0.000E+00  0.000E+00  0.000E+00  0.000E+00
   1.000E+01  1.024E+01  3.274E-09  2.477E-11  7.566E-01  0.000E+00  0.000E+00  0.000E+00  0.000E+00  0.000E+00  0.000E+00
   1.047E+01  1.072E+01  3.445E-09  2.516E-11  7.302E-01  0.000E+00  0.000E+00  0.000E+00  0.000E+00  0.000E+00  0.000E+00
   1.096E+01  1.122E+01  3.575E-09  2.539E-11  7.102E-01  0.000E+00  0.000E+00  0.000E+00  0.000E+00  0.000E+00  0.000E+00
   1.148E+01  1.175E+01  3.680E-09  2.542E-11  6.908E-01  0.000E+00  0.000E+00  0.000E+00  0.000E+00  0.000E+00  0.000E+00
   1.202E+01  1.231E+01  3.889E-09  2.604E-11  6.696E-01  0.000E+00  0.000E+00  0.000E+00  0.000E+00  0.000E+00  0.000E+00
   1.259E+01  1.289E+01  4.068E-09  2.641E-11  6.491E-01  0.000E+00  0.000E+00  0.000E+00  0.000E+00  0.000E+00  0.000E+00
   1.318E+01  1.349E+01  4.222E-09  2.672E-11  6.329E-01  0.000E+00  0.000E+00  0.000E+00  0.000E+00  0.000E+00  0.000E+00
   1.380E+01  1.413E+01  4.385E-09  2.705E-11  6.168E-01  0.000E+00  0.000E+00  0.000E+00  0.000E+00  0.000E+00  0.000E+00
   1.445E+01  1.480E+01  4.575E-09  2.749E-11  6.008E-01  0.000E+00  0.000E+00  0.000E+00  0.000E+00  0.000E+00  0.000E+00
   1.514E+01  1.549E+01  4.707E-09  2.781E-11  5.907E-01  0.000E+00  0.000E+00  0.000E+00  0.000E+00  0.000E+00  0.000E+00
   1.585E+01  1.622E+01  4.933E-09  2.845E-11  5.768E-01  0.000E+00  0.000E+00  0.000E+00  0.000E+00  0.000E+00  0.000E+00
   1.660E+01  1.699E+01  5.168E-09  2.913E-11  5.637E-01  0.000E+00  0.000E+00  0.000E+00  0.000E+00  0.000E+00  0.000E+00
   1.738E+01  1.779E+01  5.411E-09  2.988E-11  5.522E-01  0.000E+00  0.000E+00  0.000E+00  0.000E+00  0.000E+00  0.000E+00
   1.820E+01  1.863E+01  5.613E-09  3.057E-11  5.446E-01  0.000E+00  0.000E+00  0.000E+00  0.000E+00  0.000E+00  0.000E+00
   1.905E+01  1.950E+01  5.807E-09  3.128E-11  5.388E-01  0.000E+00  0.000E+00  0.000E+00  0.000E+00  0.000E+00  0.000E+00
   1.995E+01  2.042E+01  6.099E-09  3.239E-11  5.311E-01  0.000E+00  0.000E+00  0.000E+00  0.000E+00  0.000E+00  0.000E+00
   2.089E+01  2.139E+01  6.350E-09  3.346E-11  5.269E-01  0.000E+00  0.000E+00  0.000E+00  0.000E+00  0.000E+00  0.000E+00
   2.188E+01  2.239E+01  6.647E-09  3.471E-11  5.222E-01  0.000E+00  0.000E+00  0.000E+00  0.000E+00  0.000E+00  0.000E+00
   2.291E+01  2.345E+01  6.938E-09  3.617E-11  5.213E-01  0.000E+00  0.000E+00  0.000E+00  0.000E+00  0.000E+00  0.000E+00
   2.399E+01  2.455E+01  7.043E-09  3.668E-11  5.208E-01  0.000E+00  0.000E+00  0.000E+00  0.000E+00  0.000E+00  0.000E+00
   2.512E+01  2.571E+01  7.410E-09  3.832E-11  5.172E-01  0.000E+00  0.000E+00  0.000E+00  0.000E+00  0.000E+00  0.000E+00
   2.630E+01  2.692E+01  7.697E-09  3.994E-11  5.189E-01  0.000E+00  0.000E+00  0.000E+00  0.000E+00  0.000E+00  0.000E+00
   2.754E+01  2.819E+01  7.906E-09  4.104E-11  5.192E-01  0.000E+00  0.000E+00  0.000E+00  0.000E+00  0.000E+00  0.000E+00
   2.884E+01  2.952E+01  8.213E-09  4.248E-11  5.172E-01  0.000E+00  0.000E+00  0.000E+00  0.000E+00  0.000E+00  0.000E+00
   3.020E+01  3.091E+01  8.482E-09  4.385E-11  5.170E-01  0.000E+00  0.000E+00  0.000E+00  0.000E+00  0.000E+00  0.000E+00
   3.162E+01  3.237E+01  8.844E-09  4.554E-11  5.150E-01  0.000E+00  0.000E+00  0.000E+00  0.000E+00  0.000E+00  0.000E+00
   3.311E+01  3.389E+01  9.170E-09  4.643E-11  5.063E-01  0.000E+00  0.000E+00  0.000E+00  0.000E+00  0.000E+00  0.000E+00
   3.467E+01  3.549E+01  9.443E-09  4.741E-11  5.021E-01  0.000E+00  0.000E+00  0.000E+00  0.000E+00  0.000E+00  0.000E+00
   3.631E+01  3.716E+01  9.812E-09  4.869E-11  4.962E-01  0.000E+00  0.000E+00  0.000E+00  0.000E+00  0.000E+00  0.000E+00
   3.802E+01  3.891E+01  1.018E-08  4.991E-11  4.904E-01  0.000E+00  0.000E+00  0.000E+00  0.000E+00  0.000E+00  0.000E+00
   3.981E+01  4.075E+01  1.056E-08  5.125E-11  4.855E-01  0.000E+00  0.000E+00  0.000E+00  0.000E+00  0.000E+00  0.000E+00
   4.169E+01  4.267E+01  1.106E-08  5.283E-11  4.778E-01  0.000E+00  0.000E+00  0.000E+00  0.000E+00  0.000E+00  0.000E+00
   4.365E+01  4.468E+01  1.143E-08  5.384E-11  4.712E-01  0.000E+00  0.000E+00  0.000E+00  0.000E+00  0.000E+00  0.000E+00
   4.571E+01  4.679E+01  1.206E-08  5.570E-11  4.620E-01  0.000E+00  0.000E+00  0.000E+00  0.000E+00  0.000E+00  0.000E+00
   4.786E+01  4.899E+01  1.264E-08  5.758E-11  4.554E-01  0.000E+00  0.000E+00  0.000E+00  0.000E+00  0.000E+00  0.000E+00
   5.012E+01  5.130E+01  1.328E-08  5.837E-11  4.394E-01  0.000E+00  0.000E+00  0.000E+00  0.000E+00  0.000E+00  0.000E+00
   5.248E+01  5.372E+01  1.396E-08  6.018E-11  4.312E-01  0.000E+00  0.000E+00  0.000E+00  0.000E+00  0.000E+00  0.000E+00
   5.495E+01  5.625E+01  1.470E-08  6.209E-11  4.224E-01  0.000E+00  0.000E+00  0.000E+00  0.000E+00  0.000E+00  0.000E+00
   5.754E+01  5.890E+01  1.568E-08  6.420E-11  4.094E-01  0.000E+00  0.000E+00  0.000E+00  0.000E+00  0.000E+00  0.000E+00
   6.026E+01  6.168E+01  3.055E-08  9.046E-11  2.961E-01  0.000E+00  0.000E+00  0.000E+00  0.000E+00  0.000E+00  0.000E+00
   6.310E+01  6.458E+01  1.716E-08  6.662E-11  3.883E-01  0.000E+00  0.000E+00  0.000E+00  0.000E+00  0.000E+00  0.000E+00
   6.607E+01  6.763E+01  1.788E-08  6.740E-11  3.770E-01  0.000E+00  0.000E+00  0.000E+00  0.000E+00  0.000E+00  0.000E+00
   6.918E+01  7.081E+01  1.872E-08  6.842E-11  3.655E-01  0.000E+00  0.000E+00  0.000E+00  0.000E+00  0.000E+00  0.000E+00
   7.244E+01  7.415E+01  1.955E-08  6.896E-11  3.527E-01  0.000E+00  0.000E+00  0.000E+00  0.000E+00  0.000E+00  0.000E+00
   7.586E+01  7.765E+01  2.009E-08  6.859E-11  3.414E-01  0.000E+00  0.000E+00  0.000E+00  0.000E+00  0.000E+00  0.000E+00
   7.943E+01  8.130E+01  2.060E-08  6.824E-11  3.313E-01  0.000E+00  0.000E+00  0.000E+00  0.000E+00  0.000E+00  0.000E+00
   8.318E+01  8.514E+01  2.093E-08  6.740E-11  3.220E-01  0.000E+00  0.000E+00  0.000E+00  0.000E+00  0.000E+00  0.000E+00
   8.710E+01  8.915E+01  2.124E-08  6.628E-11  3.121E-01  0.000E+00  0.000E+00  0.000E+00  0.000E+00  0.000E+00  0.000E+00
   9.120E+01  9.335E+01  2.139E-08  6.497E-11  3.037E-01  0.000E+00  0.000E+00  0.000E+00  0.000E+00  0.000E+00  0.000E+00
   9.550E+01  9.775E+01  2.144E-08  6.340E-11  2.958E-01  0.000E+00  0.000E+00  0.000E+00  0.000E+00  0.000E+00  0.000E+00
   1.000E+02  1.024E+02  2.133E-08  6.155E-11  2.885E-01  0.000E+00  0.000E+00  0.000E+00  0.000E+00  0.000E+00  0.000E+00
   1.047E+02  1.072E+02  2.105E-08  5.950E-11  2.826E-01  0.000E+00  0.000E+00  0.000E+00  0.000E+00  0.000E+00  0.000E+00
   1.096E+02  1.122E+02  2.064E-08  5.730E-11  2.776E-01  0.000E+00  0.000E+00  0.000E+00  0.000E+00  0.000E+00  0.000E+00
   1.148E+02  1.175E+02  2.007E-08  5.478E-11  2.729E-01  0.000E+00  0.000E+00  0.000E+00  0.000E+00  0.000E+00  0.000E+00
   1.202E+02  1.231E+02  1.941E-08  5.230E-11  2.694E-01  0.000E+00  0.000E+00  0.000E+00  0.000E+00  0.000E+00  0.000E+00
   1.259E+02  1.289E+02  1.860E-08  4.962E-11  2.668E-01  0.000E+00  0.000E+00  0.000E+00  0.000E+00  0.000E+00  0.000E+00
   1.318E+02  1.349E+02  1.776E-08  4.706E-11  2.649E-01  0.000E+00  0.000E+00  0.000E+00  0.000E+00  0.000E+00  0.000E+00
   1.380E+02  1.413E+02  1.689E-08  4.438E-11  2.627E-01  0.000E+00  0.000E+00  0.000E+00  0.000E+00  0.000E+00  0.000E+00
   1.445E+02  1.480E+02  1.597E-08  4.172E-11  2.613E-01  0.000E+00  0.000E+00  0.000E+00  0.000E+00  0.000E+00  0.000E+00
   1.514E+02  1.549E+02  1.495E-08  3.908E-11  2.614E-01  0.000E+00  0.000E+00  0.000E+00  0.000E+00  0.000E+00  0.000E+00
   1.585E+02  1.622E+02  1.406E-08  3.663E-11  2.605E-01  0.000E+00  0.000E+00  0.000E+00  0.000E+00  0.000E+00  0.000E+00
   1.660E+02  1.699E+02  1.309E-08  3.412E-11  2.606E-01  0.000E+00  0.000E+00  0.000E+00  0.000E+00  0.000E+00  0.000E+00
   1.738E+02  1.779E+02  1.218E-08  3.180E-11  2.611E-01  0.000E+00  0.000E+00  0.000E+00  0.000E+00  0.000E+00  0.000E+00
   1.820E+02  1.863E+02  1.124E-08  2.947E-11  2.621E-01  0.000E+00  0.000E+00  0.000E+00  0.000E+00  0.000E+00  0.000E+00
   1.905E+02  1.950E+02  1.036E-08  2.727E-11  2.632E-01  0.000E+00  0.000E+00  0.000E+00  0.000E+00  0.000E+00  0.000E+00
   1.995E+02  2.042E+02  9.527E-09  2.520E-11  2.645E-01  0.000E+00  0.000E+00  0.000E+00  0.000E+00  0.000E+00  0.000E+00
   2.089E+02  2.139E+02  8.753E-09  2.327E-11  2.659E-01  0.000E+00  0.000E+00  0.000E+00  0.000E+00  0.000E+00  0.000E+00
   2.188E+02  2.239E+02  8.027E-09  2.144E-11  2.671E-01  0.000E+00  0.000E+00  0.000E+00  0.000E+00  0.000E+00  0.000E+00
   2.291E+02  2.345E+02  7.336E-09  1.975E-11  2.693E-01  0.000E+00  0.000E+00  0.000E+00  0.000E+00  0.000E+00  0.000E+00
   2.399E+02  2.455E+02  6.670E-09  1.809E-11  2.712E-01  0.000E+00  0.000E+00  0.000E+00  0.000E+00  0.000E+00  0.000E+00
   2.512E+02  2.571E+02  6.060E-09  1.659E-11  2.737E-01  0.000E+00  0.000E+00  0.000E+00  0.000E+00  0.000E+00  0.000E+00
   2.630E+02  2.692E+02  5.519E-09  1.518E-11  2.751E-01  0.000E+00  0.000E+00  0.000E+00  0.000E+00  0.000E+00  0.000E+00
   2.754E+02  2.819E+02  5.005E-09  1.384E-11  2.766E-01  0.000E+00  0.000E+00  0.000E+00  0.000E+00  0.000E+00  0.000E+00
   2.884E+02  2.952E+02  4.529E-09  1.262E-11  2.787E-01  0.000E+00  0.000E+00  0.000E+00  0.000E+00  0.000E+00  0.000E+00
   3.020E+02  3.091E+02  4.098E-09  1.148E-11  2.801E-01  0.000E+00  0.000E+00  0.000E+00  0.000E+00  0.000E+00  0.000E+00
   3.162E+02  3.237E+02  3.705E-09  1.043E-11  2.816E-01  0.000E+00  0.000E+00  0.000E+00  0.000E+00  0.000E+00  0.000E+00
   3.311E+02  3.389E+02  3.343E-09  9.473E-12  2.834E-01  0.000E+00  0.000E+00  0.000E+00  0.000E+00  0.000E+00  0.000E+00
   3.467E+02  3.549E+02  3.008E-09  8.569E-12  2.848E-01  0.000E+00  0.000E+00  0.000E+00  0.000E+00  0.000E+00  0.000E+00
   3.631E+02  3.716E+02  2.692E-09  7.722E-12  2.869E-01  0.000E+00  0.000E+00  0.000E+00  0.000E+00  0.000E+00  0.000E+00
   3.802E+02  3.891E+02  2.421E-09  6.982E-12  2.884E-01  0.000E+00  0.000E+00  0.000E+00  0.000E+00  0.000E+00  0.000E+00
   3.981E+02  4.075E+02  2.172E-09  6.289E-12  2.895E-01  0.000E+00  0.000E+00  0.000E+00  0.000E+00  0.000E+00  0.000E+00
   4.169E+02  4.267E+02  1.943E-09  5.658E-12  2.911E-01  0.000E+00  0.000E+00  0.000E+00  0.000E+00  0.000E+00  0.000E+00
   4.365E+02  4.468E+02  1.733E-09  5.067E-12  2.924E-01  0.000E+00  0.000E+00  0.000E+00  0.000E+00  0.000E+00  0.000E+00
   4.571E+02  4.679E+02  1.547E-09  4.544E-12  2.937E-01  0.000E+00  0.000E+00  0.000E+00  0.000E+00  0.000E+00  0.000E+00
   4.786E+02  4.899E+02  1.375E-09  4.057E-12  2.951E-01  0.000E+00  0.000E+00  0.000E+00  0.000E+00  0.000E+00  0.000E+00
   5.012E+02  5.130E+02  1.221E-09  3.612E-12  2.959E-01  0.000E+00  0.000E+00  0.000E+00  0.000E+00  0.000E+00  0.000E+00
   5.248E+02  5.372E+02  1.081E-09  3.217E-12  2.976E-01  0.000E+00  0.000E+00  0.000E+00  0.000E+00  0.000E+00  0.000E+00
   5.495E+02  5.625E+02  9.579E-10  2.864E-12  2.990E-01  0.000E+00  0.000E+00  0.000E+00  0.000E+00  0.000E+00  0.000E+00
   5.754E+02  5.890E+02  8.459E-10  2.540E-12  3.002E-01  0.000E+00  0.000E+00  0.000E+00  0.000E+00  0.000E+00  0.000E+00
   6.026E+02  6.168E+02  7.478E-10  2.252E-12  3.011E-01  0.000E+00  0.000E+00  0.000E+00  0.000E+00  0.000E+00  0.000E+00
   6.310E+02  6.458E+02  6.615E-10  2.000E-12  3.024E-01  0.000E+00  0.000E+00  0.000E+00  0.000E+00  0.000E+00  0.000E+00
   6.607E+02  6.763E+02  5.846E-10  1.773E-12  3.032E-01  0.000E+00  0.000E+00  0.000E+00  0.000E+00  0.000E+00  0.000E+00
   6.918E+02  7.081E+02  5.147E-10  1.565E-12  3.041E-01  0.000E+00  0.000E+00  0.000E+00  0.000E+00  0.000E+00  0.000E+00
   7.244E+02  7.415E+02  4.509E-10  1.379E-12  3.058E-01  0.000E+00  0.000E+00  0.000E+00  0.000E+00  0.000E+00  0.000E+00
   7.586E+02  7.765E+02  3.963E-10  1.215E-12  3.066E-01  0.000E+00  0.000E+00  0.000E+00  0.000E+00  0.000E+00  0.000E+00
   7.943E+02  8.130E+02  3.445E-10  1.060E-12  3.079E-01  0.000E+00  0.000E+00  0.000E+00  0.000E+00  0.000E+00  0.000E+00
   8.318E+02  8.514E+02  3.009E-10  9.295E-13  3.089E-01  0.000E+00  0.000E+00  0.000E+00  0.000E+00  0.000E+00  0.000E+00
   8.710E+02  8.915E+02  2.617E-10  8.108E-13  3.098E-01  0.000E+00  0.000E+00  0.000E+00  0.000E+00  0.000E+00  0.000E+00
   9.120E+02  9.335E+02  2.273E-10  7.059E-13  3.106E-01  0.000E+00  0.000E+00  0.000E+00  0.000E+00  0.000E+00  0.000E+00
   9.550E+02  9.775E+02  1.970E-10  6.138E-13  3.115E-01  0.000E+00  0.000E+00  0.000E+00  0.000E+00  0.000E+00  0.000E+00
   1.000E+03  1.024E+03  1.714E-10  5.360E-13  3.127E-01  0.000E+00  0.000E+00  0.000E+00  0.000E+00  0.000E+00  0.000E+00
   1.047E+03  1.072E+03  1.482E-10  4.649E-13  3.138E-01  0.000E+00  0.000E+00  0.000E+00  0.000E+00  0.000E+00  0.000E+00
   1.096E+03  1.122E+03  1.274E-10  4.009E-13  3.148E-01  0.000E+00  0.000E+00  0.000E+00  0.000E+00  0.000E+00  0.000E+00
   1.148E+03  1.175E+03  1.095E-10  3.454E-13  3.156E-01  0.000E+00  0.000E+00  0.000E+00  0.000E+00  0.000E+00  0.000E+00
   1.202E+03  1.231E+03  9.292E-11  2.943E-13  3.167E-01  0.000E+00  0.000E+00  0.000E+00  0.000E+00  0.000E+00  0.000E+00
   1.259E+03  1.289E+03  7.868E-11  2.496E-13  3.173E-01  0.000E+00  0.000E+00  0.000E+00  0.000E+00  0.000E+00  0.000E+00
   1.318E+03  1.349E+03  6.600E-11  2.099E-13  3.181E-01  0.000E+00  0.000E+00  0.000E+00  0.000E+00  0.000E+00  0.000E+00
   1.380E+03  1.413E+03  5.496E-11  1.753E-13  3.189E-01  0.000E+00  0.000E+00  0.000E+00  0.000E+00  0.000E+00  0.000E+00
   1.445E+03  1.480E+03  4.547E-11  1.454E-13  3.197E-01  0.000E+00  0.000E+00  0.000E+00  0.000E+00  0.000E+00  0.000E+00
   1.514E+03  1.549E+03  3.740E-11  1.198E-13  3.203E-01  0.000E+00  0.000E+00  0.000E+00  0.000E+00  0.000E+00  0.000E+00
   1.585E+03  1.622E+03  3.043E-11  9.779E-14  3.214E-01  0.000E+00  0.000E+00  0.000E+00  0.000E+00  0.000E+00  0.000E+00
   1.660E+03  1.699E+03  2.446E-11  7.878E-14  3.221E-01  0.000E+00  0.000E+00  0.000E+00  0.000E+00  0.000E+00  0.000E+00
   1.738E+03  1.779E+03  1.953E-11  6.303E-14  3.227E-01  0.000E+00  0.000E+00  0.000E+00  0.000E+00  0.000E+00  0.000E+00
   1.820E+03  1.863E+03  1.530E-11  4.949E-14  3.235E-01  0.000E+00  0.000E+00  0.000E+00  0.000E+00  0.000E+00  0.000E+00
   1.905E+03  1.950E+03  1.168E-11  3.790E-14  3.245E-01  0.000E+00  0.000E+00  0.000E+00  0.000E+00  0.000E+00  0.000E+00
   1.995E+03  2.042E+03  8.652E-12  2.817E-14  3.257E-01  0.000E+00  0.000E+00  0.000E+00  0.000E+00  0.000E+00  0.000E+00
   2.089E+03  2.139E+03  6.174E-12  2.017E-14  3.267E-01  0.000E+00  0.000E+00  0.000E+00  0.000E+00  0.000E+00  0.000E+00
   2.188E+03  2.239E+03  4.227E-12  1.387E-14  3.281E-01  0.000E+00  0.000E+00  0.000E+00  0.000E+00  0.000E+00  0.000E+00
   2.291E+03  2.345E+03  2.939E-12  9.690E-15  3.297E-01  0.000E+00  0.000E+00  0.000E+00  0.000E+00  0.000E+00  0.000E+00
   2.399E+03  2.455E+03  1.895E-12  6.287E-15  3.317E-01  0.000E+00  0.000E+00  0.000E+00  0.000E+00  0.000E+00  0.000E+00
   2.512E+03  2.571E+03  1.075E-12  3.595E-15  3.344E-01  0.000E+00  0.000E+00  0.000E+00  0.000E+00  0.000E+00  0.000E+00
   2.630E+03  2.692E+03  4.777E-13  1.613E-15  3.377E-01  0.000E+00  0.000E+00  0.000E+00  0.000E+00  0.000E+00  0.000E+00
   2.754E+03  2.819E+03  7.326E-14  2.967E-16  4.049E-01  0.000E+00  0.000E+00  0.000E+00  0.000E+00  0.000E+00  0.000E+00
   2.884E+03  2.952E+03  2.152E-14  1.132E-16  5.260E-01  0.000E+00  0.000E+00  0.000E+00  0.000E+00  0.000E+00  0.000E+00
   3.020E+03  3.091E+03  1.782E-15  2.692E-17  1.511E+00  0.000E+00  0.000E+00  0.000E+00  0.000E+00  0.000E+00  0.000E+00
   3.162E+03  3.237E+03  1.847E-16  5.593E-18  3.029E+00  0.000E+00  0.000E+00  0.000E+00  0.000E+00  0.000E+00  0.000E+00
   3.311E+03  3.389E+03  1.000E-30  1.000E-90  2.278E-01  0.000E+00  0.000E+00  0.000E+00  0.000E+00  0.000E+00  0.000E+00
   3.467E+03  3.549E+03  1.000E-30  1.000E-90  2.283E-01  0.000E+00  0.000E+00  0.000E+00  0.000E+00  0.000E+00  0.000E+00
   3.631E+03  3.716E+03  1.000E-30  1.000E-90  0.000E+00  0.000E+00  0.000E+00  0.000E+00  0.000E+00  0.000E+00  0.000E+00
   3.802E+03  3.891E+03  1.000E-30  1.000E-90  0.000E+00  0.000E+00  0.000E+00  0.000E+00  0.000E+00  0.000E+00  0.000E+00
   3.981E+03  4.075E+03  1.000E-30  1.000E-90  0.000E+00  0.000E+00  0.000E+00  0.000E+00  0.000E+00  0.000E+00  0.000E+00
   4.169E+03  4.267E+03  1.000E-30  1.000E-90  0.000E+00  0.000E+00  0.000E+00  0.000E+00  0.000E+00  0.000E+00  0.000E+00
   4.365E+03  4.468E+03  1.000E-30  1.000E-90  0.000E+00  0.000E+00  0.000E+00  0.000E+00  0.000E+00  0.000E+00  0.000E+00
   4.571E+03  4.679E+03  1.000E-30  1.000E-90  0.000E+00  0.000E+00  0.000E+00  0.000E+00  0.000E+00  0.000E+00  0.000E+00
   4.786E+03  4.899E+03  1.000E-30  1.000E-90  0.000E+00  0.000E+00  0.000E+00  0.000E+00  0.000E+00  0.000E+00  0.000E+00
   5.012E+03  5.025E+05  1.000E-30  1.000E-90  0.000E+00  0.000E+00  0.000E+00  0.000E+00  0.000E+00  0.000E+00  0.000E+00
      1.096E-02     6.194-160     0.000E+00     0.000E+00
      1.202E-02     2.337-170     4.851E-11     2.076+161
      1.318E-02     2.069-170     5.014E-11     2.423+161
      1.445E-02     1.982-170     5.129E-11     2.588+161
      1.585E-02     2.031-170     5.325E-11     2.622+161
      1.738E-02     2.213-170     5.554E-11     2.509+161
      1.905E-02     2.148-170     5.934E-11     2.763+161
      2.089E-02     9.072-156     6.028E-11     6.645+146
      2.291E-02     2.664-166     6.461E-11     2.426+157
      2.512E-02     2.313-170     6.706E-11     2.899+161
      2.754E-02     5.103-159     7.016E-11     1.375+150
      3.020E-02     1.464-151     7.346E-11     5.016+142
      3.311E-02     3.799-154     7.781E-11     2.048+145
      3.631E-02     2.804-151     7.788E-11     2.778+142
      3.981E-02     1.724-153     8.070E-11     4.680+144
      4.365E-02     3.000-152     8.576E-11     2.858+143
      4.786E-02     8.308-152     8.997E-11     1.083+143
      5.248E-02     1.493-151     9.140E-11     6.123+142
      5.754E-02     3.141-151     9.550E-11     3.040+142
      6.310E-02     2.739-151     9.878E-11     3.607+142
      6.918E-02     1.526-151     1.013E-10     6.637+142
      7.586E-02     7.509-151     1.061E-10     1.412+142
      8.318E-02     3.027-151     1.120E-10     3.701+142
      9.120E-02     1.299-150     1.147E-10     8.835+141
      1.000E-01     1.236-150     1.204E-10     9.744+141
      1.096E-01     1.852-150     1.228E-10     6.629+141
      1.202E-01     8.304-151     1.252E-10     1.507+142
      1.318E-01     1.887-150     1.294E-10     6.857+141
      1.445E-01     2.175-150     1.349E-10     6.203+141
      1.585E-01     2.132-150     1.397E-10     6.553+141
      1.738E-01     4.379E-35     1.430E-10     3.265E+26
      1.905E-01     4.504E-34     1.460E-10     3.241E+25
      2.089E-01     2.008E-32     1.459E-10     7.267E+23
      2.291E-01     1.853E-31     1.518E-10     8.193E+22
      2.512E-01     3.806E-35     1.505E-10     3.955E+26
      2.754E-01     5.831E-12     1.496E-10     2.565E+03
      3.020E-01     4.895E-32     1.505E-10     3.075E+23
      3.311E-01     2.115E-31     1.525E-10     7.209E+22
      3.631E-01     6.583E-15     1.507E-10     2.289E+06
      3.981E-01     6.094E-32     1.485E-10     2.436E+23
      4.365E-01     1.599E-31     1.466E-10     9.170E+22
      4.786E-01     2.001E-20     1.418E-10     7.089E+11
      5.248E-01     1.292E-12     1.375E-10     1.065E+04
      5.754E-01     1.392E-29     1.352E-10     9.713E+20
      6.310E-01     2.807E-30     1.316E-10     4.688E+21
      6.918E-01     1.122E-28     1.274E-10     1.136E+20
      7.586E-01     3.488E-29     1.240E-10     3.555E+20
      8.318E-01     2.181E-13     1.178E-10     5.401E+04
      9.120E-01     3.467E-31     1.149E-10     3.313E+22
