   0.000E+00  5.000E-01  1.000E-30  1.000E-90  0.000E+00  0.000E+00  0.000E+00  0.000E+00  0.000E+00  0.000E+00  0.000E+00
   1.000E+00  1.024E+00  9.235E-11  1.946E-12  2.107E+00  0.000E+00  0.000E+00  0.000E+00  0.000E+00  1.810E-40  6.480E-41
   1.047E+00  1.072E+00  1.006E-10  2.079E-12  2.067E+00  0.000E+00  0.000E+00  0.000E+00  0.000E+00  0.000E+00  0.000E+00
   1.096E+00  1.122E+00  1.139E-10  2.270E-12  1.994E+00  0.000E+00  0.000E+00  0.000E+00  0.000E+00  0.000E+00  0.000E+00
   1.148E+00  1.175E+00  1.219E-10  2.362E-12  1.938E+00  0.000E+00  0.000E+00  0.000E+00  0.000E+00  0.000E+00  0.000E+00
   1.202E+00  1.231E+00  1.361E-10  2.570E-12  1.888E+00  0.000E+00  0.000E+00  0.000E+00  0.000E+00  0.000E+00  0.000E+00
   1.259E+00  1.289E+00  1.461E-10  2.727E-12  1.867E+00  0.000E+00  0.000E+00  0.000E+00  0.000E+00  0.000E+00  0.000E+00
   1.318E+00  1.349E+00  1.662E-10  3.008E-12  1.810E+00  0.000E+00  0.000E+00  0.000E+00  0.000E+00  0.000E+00  0.000E+00
   1.380E+00  1.413E+00  1.882E-10  3.297E-12  1.751E+00  0.000E+00  0.000E+00  0.000E+00  0.000E+00  0.000E+00  0.000E+00
   1.445E+00  1.480E+00  2.060E-10  3.571E-12  1.734E+00  0.000E+00  0.000E+00  0.000E+00  0.000E+00  0.000E+00  0.000E+00
   1.514E+00  1.549E+00  2.255E-10  3.859E-12  1.712E+00  0.000E+00  0.000E+00  0.000E+00  0.000E+00  0.000E+00  0.000E+00
   1.585E+00  1.622E+00  2.472E-10  4.163E-12  1.684E+00  0.000E+00  0.000E+00  0.000E+00  0.000E+00  0.000E+00  0.000E+00
   1.660E+00  1.699E+00  2.664E-10  4.427E-12  1.662E+00  0.000E+00  0.000E+00  0.000E+00  0.000E+00  0.000E+00  0.000E+00
   1.738E+00  1.779E+00  2.962E-10  4.841E-12  1.634E+00  0.000E+00  0.000E+00  0.000E+00  0.000E+00  0.000E+00  0.000E+00
   1.820E+00  1.863E+00  3.265E-10  5.183E-12  1.587E+00  0.000E+00  0.000E+00  0.000E+00  0.000E+00  0.000E+00  0.000E+00
   1.905E+00  1.950E+00  3.576E-10  5.602E-12  1.567E+00  0.000E+00  0.000E+00  0.000E+00  0.000E+00  0.000E+00  0.000E+00
   1.995E+00  2.042E+00  3.912E-10  6.131E-12  1.567E+00  0.000E+00  0.000E+00  0.000E+00  0.000E+00  0.000E+00  0.000E+00
   2.089E+00  2.139E+00  4.289E-10  6.565E-12  1.531E+00  0.000E+00  0.000E+00  0.000E+00  0.000E+00  0.000E+00  0.000E+00
   2.188E+00  2.239E+00  4.650E-10  7.038E-12  1.514E+00  0.000E+00  0.000E+00  0.000E+00  0.000E+00  0.000E+00  0.000E+00
   2.291E+00  2.345E+00  5.147E-10  7.633E-12  1.483E+00  0.000E+00  0.000E+00  0.000E+00  0.000E+00  0.000E+00  0.000E+00
   2.399E+00  2.455E+00  5.708E-10  8.297E-12  1.454E+00  0.000E+00  0.000E+00  0.000E+00  0.000E+00  0.000E+00  0.000E+00
   2.512E+00  2.571E+00  6.326E-10  9.067E-12  1.433E+00  0.000E+00  0.000E+00  0.000E+00  0.000E+00  0.000E+00  0.000E+00
   2.630E+00  2.692E+00  6.687E-10  9.529E-12  1.425E+00  0.000E+00  0.000E+00  0.000E+00  0.000E+00  0.000E+00  0.000E+00
   2.754E+00  2.819E+00  7.341E-10  1.033E-11  1.407E+00  0.000E+00  0.000E+00  0.000E+00  0.000E+00  0.000E+00  0.000E+00
   2.884E+00  2.952E+00  8.135E-10  1.120E-11  1.377E+00  0.000E+00  0.000E+00  0.000E+00  0.000E+00  0.000E+00  0.000E+00
   3.020E+00  3.091E+00  8.836E-10  1.206E-11  1.365E+00  0.000E+00  0.000E+00  0.000E+00  0.000E+00  0.000E+00  0.000E+00
   3.162E+00  3.237E+00  9.390E-10  1.282E-11  1.365E+00  0.000E+00  0.000E+00  0.000E+00  0.000E+00  0.000E+00  0.000E+00
   3.311E+00  3.389E+00  1.059E-09  1.423E-11  1.343E+00  0.000E+00  0.000E+00  0.000E+00  0.000E+00  0.000E+00  0.000E+00
   3.467E+00  3.549E+00  1.190E-09  1.577E-11  1.325E+00  0.000E+00  0.000E+00  0.000E+00  0.000E+00  0.000E+00  0.000E+00
   3.631E+00  3.716E+00  1.315E-09  1.708E-11  1.299E+00  0.000E+00  0.000E+00  0.000E+00  0.000E+00  0.000E+00  0.000E+00
   3.802E+00  3.891E+00  1.392E-09  1.819E-11  1.307E+00  0.000E+00  0.000E+00  0.000E+00  0.000E+00  0.000E+00  0.000E+00
   3.981E+00  4.075E+00  1.507E-09  1.964E-11  1.303E+00  0.000E+00  0.000E+00  0.000E+00  0.000E+00  0.000E+00  0.000E+00
   4.169E+00  4.267E+00  1.652E-09  2.167E-11  1.311E+00  0.000E+00  0.000E+00  0.000E+00  0.000E+00  0.000E+00  0.000E+00
   4.365E+00  4.468E+00  1.820E-09  2.359E-11  1.296E+00  0.000E+00  0.000E+00  0.000E+00  0.000E+00  0.000E+00  0.000E+00
   4.571E+00  4.679E+00  1.921E-09  2.485E-11  1.294E+00  0.000E+00  0.000E+00  0.000E+00  0.000E+00  0.000E+00  0.000E+00
   4.786E+00  4.899E+00  2.146E-09  2.727E-11  1.271E+00  0.000E+00  0.000E+00  0.000E+00  0.000E+00  0.000E+00  0.000E+00
   5.012E+00  5.130E+00  2.365E-09  3.002E-11  1.269E+00  0.000E+00  0.000E+00  0.000E+00  0.000E+00  0.000E+00  0.000E+00
   5.248E+00  5.372E+00  2.513E-09  3.155E-11  1.256E+00  0.000E+00  0.000E+00  0.000E+00  0.000E+00  0.000E+00  0.000E+00
   5.495E+00  5.625E+00  2.807E-09  3.430E-11  1.222E+00  0.000E+00  0.000E+00  0.000E+00  0.000E+00  0.000E+00  0.000E+00
   5.754E+00  5.890E+00  2.919E-09  3.570E-11  1.223E+00  0.000E+00  0.000E+00  0.000E+00  0.000E+00  0.000E+00  0.000E+00
   6.026E+00  6.168E+00  3.159E-09  3.769E-11  1.193E+00  0.000E+00  0.000E+00  0.000E+00  0.000E+00  0.000E+00  0.000E+00
   6.310E+00  6.458E+00  3.330E-09  3.966E-11  1.191E+00  0.000E+00  0.000E+00  0.000E+00  0.000E+00  0.000E+00  0.000E+00
   6.607E+00  6.763E+00  3.606E-09  4.211E-11  1.168E+00  0.000E+00  0.000E+00  0.000E+00  0.000E+00  0.000E+00  0.000E+00
   6.918E+00  7.081E+00  3.817E-09  4.374E-11  1.146E+00  0.000E+00  0.000E+00  0.000E+00  0.000E+00  0.000E+00  0.000E+00
   7.244E+00  7.415E+00  4.030E-09  4.564E-11  1.132E+00  0.000E+00  0.000E+00  0.000E+00  0.000E+00  0.000E+00  0.000E+00
   7.586E+00  7.765E+00  4.285E-09  4.713E-11  1.100E+00  0.000E+00  0.000E+00  0.000E+00  0.000E+00  0.000E+00  0.000E+00
   7.943E+00  8.130E+00  4.366E-09  4.784E-11  1.096E+00  0.000E+00  0.000E+00  0.000E+00  0.000E+00  0.000E+00  0.000E+00
   8.318E+00  8.514E+00  4.592E-09  4.926E-11  1.073E+00  0.000E+00  0.000E+00  0.000E+00  0.000E+00  0.000E+00  0.000E+00
   8.710E+00  8.915E+00  4.702E-09  4.945E-11  1.052E+00  0.000E+00  0.000E+00  0.000E+00  0.000E+00  0.000E+00  0.000E+00
   9.120E+00  9.335E+00  4.897E-09  5.051E-11  1.031E+00  0.000E+00  0.000E+00  0.000E+00  0.000E+00  0.000E+00  0.000E+00
   9.550E+00  9.775E+00  5.126E-09  5.189E-11  1.012E+00  0.000E+00  0.000E+00  0.000E+00  0.000E+00  0.000E+00  0.000E+00
   1.000E+01  1.024E+01  5.362E-09  5.281E-11  9.850E-01  0.000E+00  0.000E+00  0.000E+00  0.000E+00  0.000E+00  0.000E+00
   1.047E+01  1.072E+01  5.527E-09  5.312E-11  9.612E-01  0.000E+00  0.000E+00  0.000E+00  0.000E+00  0.000E+00  0.000E+00
   1.096E+01  1.122E+01  5.949E-09  5.548E-11  9.326E-01  0.000E+00  0.000E+00  0.000E+00  0.000E+00  0.000E+00  0.000E+00
   1.148E+01  1.175E+01  5.961E-09  5.455E-11  9.152E-01  0.000E+00  0.000E+00  0.000E+00  0.000E+00  0.000E+00  0.000E+00
   1.202E+01  1.231E+01  6.426E-09  5.652E-11  8.795E-01  0.000E+00  0.000E+00  0.000E+00  0.000E+00  0.000E+00  0.000E+00
   1.259E+01  1.289E+01  6.632E-09  5.669E-11  8.548E-01  0.000E+00  0.000E+00  0.000E+00  0.000E+00  0.000E+00  0.000E+00
   1.318E+01  1.349E+01  6.906E-09  5.737E-11  8.307E-01  0.000E+00  0.000E+00  0.000E+00  0.000E+00  0.000E+00  0.000E+00
   1.380E+01  1.413E+01  7.163E-09  5.777E-11  8.065E-01  0.000E+00  0.000E+00  0.000E+00  0.000E+00  0.000E+00  0.000E+00
   1.445E+01  1.480E+01  7.492E-09  5.837E-11  7.791E-01  0.000E+00  0.000E+00  0.000E+00  0.000E+00  0.000E+00  0.000E+00
   1.514E+01  1.549E+01  7.666E-09  5.802E-11  7.569E-01  0.000E+00  0.000E+00  0.000E+00  0.000E+00  0.000E+00  0.000E+00
   1.585E+01  1.622E+01  8.003E-09  5.920E-11  7.397E-01  0.000E+00  0.000E+00  0.000E+00  0.000E+00  0.000E+00  0.000E+00
   1.660E+01  1.699E+01  8.347E-09  5.995E-11  7.182E-01  0.000E+00  0.000E+00  0.000E+00  0.000E+00  0.000E+00  0.000E+00
   1.738E+01  1.779E+01  8.677E-09  6.069E-11  6.995E-01  0.000E+00  0.000E+00  0.000E+00  0.000E+00  0.000E+00  0.000E+00
   1.820E+01  1.863E+01  8.981E-09  6.120E-11  6.814E-01  0.000E+00  0.000E+00  0.000E+00  0.000E+00  0.000E+00  0.000E+00
   1.905E+01  1.950E+01  9.316E-09  6.189E-11  6.643E-01  0.000E+00  0.000E+00  0.000E+00  0.000E+00  0.000E+00  0.000E+00
   1.995E+01  2.042E+01  9.893E-09  6.378E-11  6.447E-01  0.000E+00  0.000E+00  0.000E+00  0.000E+00  0.000E+00  0.000E+00
   2.089E+01  2.139E+01  1.009E-08  6.386E-11  6.332E-01  0.000E+00  0.000E+00  0.000E+00  0.000E+00  0.000E+00  0.000E+00
   2.188E+01  2.239E+01  1.052E-08  6.551E-11  6.229E-01  0.000E+00  0.000E+00  0.000E+00  0.000E+00  0.000E+00  0.000E+00
   2.291E+01  2.345E+01  1.095E-08  6.693E-11  6.113E-01  0.000E+00  0.000E+00  0.000E+00  0.000E+00  0.000E+00  0.000E+00
   2.399E+01  2.455E+01  1.139E-08  6.840E-11  6.006E-01  0.000E+00  0.000E+00  0.000E+00  0.000E+00  0.000E+00  0.000E+00
   2.512E+01  2.571E+01  1.180E-08  6.997E-11  5.929E-01  0.000E+00  0.000E+00  0.000E+00  0.000E+00  0.000E+00  0.000E+00
   2.630E+01  2.692E+01  1.230E-08  7.142E-11  5.807E-01  0.000E+00  0.000E+00  0.000E+00  0.000E+00  0.000E+00  0.000E+00
   2.754E+01  2.819E+01  1.282E-08  7.379E-11  5.755E-01  0.000E+00  0.000E+00  0.000E+00  0.000E+00  0.000E+00  0.000E+00
   2.884E+01  2.952E+01  1.342E-08  7.714E-11  5.750E-01  0.000E+00  0.000E+00  0.000E+00  0.000E+00  0.000E+00  0.000E+00
   3.020E+01  3.091E+01  1.380E-08  7.870E-11  5.705E-01  0.000E+00  0.000E+00  0.000E+00  0.000E+00  0.000E+00  0.000E+00
   3.162E+01  3.237E+01  1.417E-08  8.047E-11  5.677E-01  0.000E+00  0.000E+00  0.000E+00  0.000E+00  0.000E+00  0.000E+00
   3.311E+01  3.389E+01  1.464E-08  8.347E-11  5.703E-01  0.000E+00  0.000E+00  0.000E+00  0.000E+00  0.000E+00  0.000E+00
   3.467E+01  3.549E+01  1.529E-08  8.623E-11  5.640E-01  0.000E+00  0.000E+00  0.000E+00  0.000E+00  0.000E+00  0.000E+00
   3.631E+01  3.716E+01  1.571E-08  8.827E-11  5.620E-01  0.000E+00  0.000E+00  0.000E+00  0.000E+00  0.000E+00  0.000E+00
   3.802E+01  3.891E+01  1.610E-08  9.048E-11  5.618E-01  0.000E+00  0.000E+00  0.000E+00  0.000E+00  0.000E+00  0.000E+00
   3.981E+01  4.075E+01  1.673E-08  9.231E-11  5.516E-01  0.000E+00  0.000E+00  0.000E+00  0.000E+00  0.000E+00  0.000E+00
   4.169E+01  4.267E+01  1.741E-08  9.601E-11  5.516E-01  0.000E+00  0.000E+00  0.000E+00  0.000E+00  0.000E+00  0.000E+00
   4.365E+01  4.468E+01  1.772E-08  9.726E-11  5.489E-01  0.000E+00  0.000E+00  0.000E+00  0.000E+00  0.000E+00  0.000E+00
   4.571E+01  4.679E+01  1.828E-08  9.883E-11  5.406E-01  0.000E+00  0.000E+00  0.000E+00  0.000E+00  0.000E+00  0.000E+00
   4.786E+01  4.899E+01  1.888E-08  9.993E-11  5.293E-01  0.000E+00  0.000E+00  0.000E+00  0.000E+00  0.000E+00  0.000E+00
   5.012E+01  5.130E+01  2.013E-08  1.044E-10  5.189E-01  0.000E+00  0.000E+00  0.000E+00  0.000E+00  0.000E+00  0.000E+00
   5.248E+01  5.372E+01  2.087E-08  1.068E-10  5.119E-01  0.000E+00  0.000E+00  0.000E+00  0.000E+00  0.000E+00  0.000E+00
   5.495E+01  5.625E+01  2.182E-08  1.097E-10  5.029E-01  0.000E+00  0.000E+00  0.000E+00  0.000E+00  0.000E+00  0.000E+00
   5.754E+01  5.890E+01  2.307E-08  1.133E-10  4.910E-01  0.000E+00  0.000E+00  0.000E+00  0.000E+00  0.000E+00  0.000E+00
   6.026E+01  6.168E+01  4.302E-08  1.563E-10  3.633E-01  0.000E+00  0.000E+00  0.000E+00  0.000E+00  0.000E+00  0.000E+00
   6.310E+01  6.458E+01  2.478E-08  1.180E-10  4.761E-01  0.000E+00  0.000E+00  0.000E+00  0.000E+00  0.000E+00  0.000E+00
   6.607E+01  6.763E+01  2.611E-08  1.203E-10  4.607E-01  0.000E+00  0.000E+00  0.000E+00  0.000E+00  0.000E+00  0.000E+00
   6.918E+01  7.081E+01  2.749E-08  1.235E-10  4.492E-01  0.000E+00  0.000E+00  0.000E+00  0.000E+00  0.000E+00  0.000E+00
   7.244E+01  7.415E+01  2.888E-08  1.256E-10  4.347E-01  0.000E+00  0.000E+00  0.000E+00  0.000E+00  0.000E+00  0.000E+00
   7.586E+01  7.765E+01  3.035E-08  1.266E-10  4.172E-01  0.000E+00  0.000E+00  0.000E+00  0.000E+00  0.000E+00  0.000E+00
   7.943E+01  8.130E+01  3.179E-08  1.286E-10  4.046E-01  0.000E+00  0.000E+00  0.000E+00  0.000E+00  0.000E+00  0.000E+00
   8.318E+01  8.514E+01  3.308E-08  1.292E-10  3.907E-01  0.000E+00  0.000E+00  0.000E+00  0.000E+00  0.000E+00  0.000E+00
   8.710E+01  8.915E+01  3.439E-08  1.295E-10  3.766E-01  0.000E+00  0.000E+00  0.000E+00  0.000E+00  0.000E+00  0.000E+00
   9.120E+01  9.335E+01  3.533E-08  1.292E-10  3.656E-01  0.000E+00  0.000E+00  0.000E+00  0.000E+00  0.000E+00  0.000E+00
   9.550E+01  9.775E+01  3.640E-08  1.282E-10  3.521E-01  0.000E+00  0.000E+00  0.000E+00  0.000E+00  0.000E+00  0.000E+00
   1.000E+02  1.024E+02  3.648E-08  1.245E-10  3.413E-01  0.000E+00  0.000E+00  0.000E+00  0.000E+00  0.000E+00  0.000E+00
   1.047E+02  1.072E+02  3.717E-08  1.231E-10  3.311E-01  0.000E+00  0.000E+00  0.000E+00  0.000E+00  0.000E+00  0.000E+00
   1.096E+02  1.122E+02  3.739E-08  1.205E-10  3.224E-01  0.000E+00  0.000E+00  0.000E+00  0.000E+00  0.000E+00  0.000E+00
   1.148E+02  1.175E+02  3.712E-08  1.166E-10  3.140E-01  0.000E+00  0.000E+00  0.000E+00  0.000E+00  0.000E+00  0.000E+00
   1.202E+02  1.231E+02  3.650E-08  1.123E-10  3.076E-01  0.000E+00  0.000E+00  0.000E+00  0.000E+00  0.000E+00  0.000E+00
   1.259E+02  1.289E+02  3.575E-08  1.082E-10  3.028E-01  0.000E+00  0.000E+00  0.000E+00  0.000E+00  0.000E+00  0.000E+00
   1.318E+02  1.349E+02  3.468E-08  1.033E-10  2.979E-01  0.000E+00  0.000E+00  0.000E+00  0.000E+00  0.000E+00  0.000E+00
   1.380E+02  1.413E+02  3.337E-08  9.834E-11  2.947E-01  0.000E+00  0.000E+00  0.000E+00  0.000E+00  0.000E+00  0.000E+00
   1.445E+02  1.480E+02  3.232E-08  9.403E-11  2.909E-01  0.000E+00  0.000E+00  0.000E+00  0.000E+00  0.000E+00  0.000E+00
   1.514E+02  1.549E+02  3.047E-08  8.780E-11  2.882E-01  0.000E+00  0.000E+00  0.000E+00  0.000E+00  0.000E+00  0.000E+00
   1.585E+02  1.622E+02  2.888E-08  8.276E-11  2.866E-01  0.000E+00  0.000E+00  0.000E+00  0.000E+00  0.000E+00  0.000E+00
   1.660E+02  1.699E+02  2.718E-08  7.774E-11  2.860E-01  0.000E+00  0.000E+00  0.000E+00  0.000E+00  0.000E+00  0.000E+00
   1.738E+02  1.779E+02  2.557E-08  7.293E-11  2.852E-01  0.000E+00  0.000E+00  0.000E+00  0.000E+00  0.000E+00  0.000E+00
   1.820E+02  1.863E+02  2.384E-08  6.788E-11  2.848E-01  0.000E+00  0.000E+00  0.000E+00  0.000E+00  0.000E+00  0.000E+00
   1.905E+02  1.950E+02  2.207E-08  6.319E-11  2.863E-01  0.000E+00  0.000E+00  0.000E+00  0.000E+00  0.000E+00  0.000E+00
   1.995E+02  2.042E+02  2.051E-08  5.875E-11  2.864E-01  0.000E+00  0.000E+00  0.000E+00  0.000E+00  0.000E+00  0.000E+00
   2.089E+02  2.139E+02  1.879E-08  5.419E-11  2.885E-01  0.000E+00  0.000E+00  0.000E+00  0.000E+00  0.000E+00  0.000E+00
   2.188E+02  2.239E+02  1.730E-08  5.009E-11  2.895E-01  0.000E+00  0.000E+00  0.000E+00  0.000E+00  0.000E+00  0.000E+00
   2.291E+02  2.345E+02  1.593E-08  4.646E-11  2.916E-01  0.000E+00  0.000E+00  0.000E+00  0.000E+00  0.000E+00  0.000E+00
   2.399E+02  2.455E+02  1.450E-08  4.261E-11  2.938E-01  0.000E+00  0.000E+00  0.000E+00  0.000E+00  0.000E+00  0.000E+00
   2.512E+02  2.571E+02  1.319E-08  3.910E-11  2.964E-01  0.000E+00  0.000E+00  0.000E+00  0.000E+00  0.000E+00  0.000E+00
   2.630E+02  2.692E+02  1.206E-08  3.600E-11  2.985E-01  0.000E+00  0.000E+00  0.000E+00  0.000E+00  0.000E+00  0.000E+00
   2.754E+02  2.819E+02  1.088E-08  3.271E-11  3.005E-01  0.000E+00  0.000E+00  0.000E+00  0.000E+00  0.000E+00  0.000E+00
   2.884E+02  2.952E+02  9.903E-09  2.996E-11  3.025E-01  0.000E+00  0.000E+00  0.000E+00  0.000E+00  0.000E+00  0.000E+00
   3.020E+02  3.091E+02  8.952E-09  2.729E-11  3.048E-01  0.000E+00  0.000E+00  0.000E+00  0.000E+00  0.000E+00  0.000E+00
   3.162E+02  3.237E+02  8.082E-09  2.479E-11  3.067E-01  0.000E+00  0.000E+00  0.000E+00  0.000E+00  0.000E+00  0.000E+00
   3.311E+02  3.389E+02  7.280E-09  2.249E-11  3.090E-01  0.000E+00  0.000E+00  0.000E+00  0.000E+00  0.000E+00  0.000E+00
   3.467E+02  3.549E+02  6.586E-09  2.050E-11  3.112E-01  0.000E+00  0.000E+00  0.000E+00  0.000E+00  0.000E+00  0.000E+00
   3.631E+02  3.716E+02  5.921E-09  1.854E-11  3.132E-01  0.000E+00  0.000E+00  0.000E+00  0.000E+00  0.000E+00  0.000E+00
   3.802E+02  3.891E+02  5.319E-09  1.678E-11  3.155E-01  0.000E+00  0.000E+00  0.000E+00  0.000E+00  0.000E+00  0.000E+00
   3.981E+02  4.075E+02  4.777E-09  1.517E-11  3.175E-01  0.000E+00  0.000E+00  0.000E+00  0.000E+00  0.000E+00  0.000E+00
   4.169E+02  4.267E+02  4.266E-09  1.363E-11  3.195E-01  0.000E+00  0.000E+00  0.000E+00  0.000E+00  0.000E+00  0.000E+00
   4.365E+02  4.468E+02  3.810E-09  1.224E-11  3.212E-01  0.000E+00  0.000E+00  0.000E+00  0.000E+00  0.000E+00  0.000E+00
   4.571E+02  4.679E+02  3.406E-09  1.101E-11  3.233E-01  0.000E+00  0.000E+00  0.000E+00  0.000E+00  0.000E+00  0.000E+00
   4.786E+02  4.899E+02  3.026E-09  9.843E-12  3.252E-01  0.000E+00  0.000E+00  0.000E+00  0.000E+00  0.000E+00  0.000E+00
   5.012E+02  5.130E+02  2.700E-09  8.810E-12  3.263E-01  0.000E+00  0.000E+00  0.000E+00  0.000E+00  0.000E+00  0.000E+00
   5.248E+02  5.372E+02  2.391E-09  7.868E-12  3.290E-01  0.000E+00  0.000E+00  0.000E+00  0.000E+00  0.000E+00  0.000E+00
   5.495E+02  5.625E+02  2.117E-09  6.993E-12  3.304E-01  0.000E+00  0.000E+00  0.000E+00  0.000E+00  0.000E+00  0.000E+00
   5.754E+02  5.890E+02  1.870E-09  6.210E-12  3.322E-01  0.000E+00  0.000E+00  0.000E+00  0.000E+00  0.000E+00  0.000E+00
   6.026E+02  6.168E+02  1.663E-09  5.546E-12  3.335E-01  0.000E+00  0.000E+00  0.000E+00  0.000E+00  0.000E+00  0.000E+00
   6.310E+02  6.458E+02  1.469E-09  4.925E-12  3.353E-01  0.000E+00  0.000E+00  0.000E+00  0.000E+00  0.000E+00  0.000E+00
   6.607E+02  6.763E+02  1.298E-09  4.379E-12  3.374E-01  0.000E+00  0.000E+00  0.000E+00  0.000E+00  0.000E+00  0.000E+00
   6.918E+02  7.081E+02  1.149E-09  3.889E-12  3.386E-01  0.000E+00  0.000E+00  0.000E+00  0.000E+00  0.000E+00  0.000E+00
   7.244E+02  7.415E+02  1.005E-09  3.426E-12  3.409E-01  0.000E+00  0.000E+00  0.000E+00  0.000E+00  0.000E+00  0.000E+00
   7.586E+02  7.765E+02  8.841E-10  3.022E-12  3.418E-01  0.000E+00  0.000E+00  0.000E+00  0.000E+00  0.000E+00  0.000E+00
   7.943E+02  8.130E+02  7.742E-10  2.662E-12  3.438E-01  0.000E+00  0.000E+00  0.000E+00  0.000E+00  0.000E+00  0.000E+00
   8.318E+02  8.514E+02  6.725E-10  2.326E-12  3.459E-01  0.000E+00  0.000E+00  0.000E+00  0.000E+00  0.000E+00  0.000E+00
   8.710E+02  8.915E+02  5.870E-10  2.035E-12  3.466E-01  0.000E+00  0.000E+00  0.000E+00  0.000E+00  0.000E+00  0.000E+00
   9.120E+02  9.335E+02  5.105E-10  1.773E-12  3.472E-01  0.000E+00  0.000E+00  0.000E+00  0.000E+00  0.000E+00  0.000E+00
   9.550E+02  9.775E+02  4.441E-10  1.551E-12  3.493E-01  0.000E+00  0.000E+00  0.000E+00  0.000E+00  0.000E+00  0.000E+00
   1.000E+03  1.024E+03  3.865E-10  1.357E-12  3.510E-01  0.000E+00  0.000E+00  0.000E+00  0.000E+00  0.000E+00  0.000E+00
   1.047E+03  1.072E+03  3.367E-10  1.185E-12  3.519E-01  0.000E+00  0.000E+00  0.000E+00  0.000E+00  0.000E+00  0.000E+00
   1.096E+03  1.122E+03  2.890E-10  1.024E-12  3.543E-01  0.000E+00  0.000E+00  0.000E+00  0.000E+00  0.000E+00  0.000E+00
   1.148E+03  1.175E+03  2.485E-10  8.834E-13  3.555E-01  0.000E+00  0.000E+00  0.000E+00  0.000E+00  0.000E+00  0.000E+00
   1.202E+03  1.231E+03  2.117E-10  7.542E-13  3.563E-01  0.000E+00  0.000E+00  0.000E+00  0.000E+00  0.000E+00  0.000E+00
   1.259E+03  1.289E+03  1.791E-10  6.415E-13  3.582E-01  0.000E+00  0.000E+00  0.000E+00  0.000E+00  0.000E+00  0.000E+00
   1.318E+03  1.349E+03  1.509E-10  5.419E-13  3.590E-01  0.000E+00  0.000E+00  0.000E+00  0.000E+00  0.000E+00  0.000E+00
   1.380E+03  1.413E+03  1.260E-10  4.537E-13  3.601E-01  0.000E+00  0.000E+00  0.000E+00  0.000E+00  0.000E+00  0.000E+00
   1.445E+03  1.480E+03  1.041E-10  3.763E-13  3.615E-01  0.000E+00  0.000E+00  0.000E+00  0.000E+00  0.000E+00  0.000E+00
   1.514E+03  1.549E+03  8.569E-11  3.111E-13  3.631E-01  0.000E+00  0.000E+00  0.000E+00  0.000E+00  0.000E+00  0.000E+00
   1.585E+03  1.622E+03  7.043E-11  2.563E-13  3.638E-01  0.000E+00  0.000E+00  0.000E+00  0.000E+00  0.000E+00  0.000E+00
   1.660E+03  1.699E+03  5.666E-11  2.070E-13  3.653E-01  0.000E+00  0.000E+00  0.000E+00  0.000E+00  0.000E+00  0.000E+00
   1.738E+03  1.779E+03  4.528E-11  1.659E-13  3.663E-01  0.000E+00  0.000E+00  0.000E+00  0.000E+00  0.000E+00  0.000E+00
   1.820E+03  1.863E+03  3.538E-11  1.300E-13  3.675E-01  0.000E+00  0.000E+00  0.000E+00  0.000E+00  0.000E+00  0.000E+00
   1.905E+03  1.950E+03  2.714E-11  9.996E-14  3.683E-01  0.000E+00  0.000E+00  0.000E+00  0.000E+00  0.000E+00  0.000E+00
   1.995E+03  2.042E+03  2.009E-11  7.414E-14  3.691E-01  0.000E+00  0.000E+00  0.000E+00  0.000E+00  0.000E+00  0.000E+00
   2.089E+03  2.139E+03  1.437E-11  5.325E-14  3.705E-01  0.000E+00  0.000E+00  0.000E+00  0.000E+00  0.000E+00  0.000E+00
   2.188E+03  2.239E+03  9.886E-12  3.677E-14  3.719E-01  0.000E+00  0.000E+00  0.000E+00  0.000E+00  0.000E+00  0.000E+00
   2.291E+03  2.345E+03  6.847E-12  2.559E-14  3.738E-01  0.000E+00  0.000E+00  0.000E+00  0.000E+00  0.000E+00  0.000E+00
   2.399E+03  2.455E+03  4.416E-12  1.656E-14  3.749E-01  0.000E+00  0.000E+00  0.000E+00  0.000E+00  0.000E+00  0.000E+00
   2.512E+03  2.571E+03  2.505E-12  9.465E-15  3.779E-01  0.000E+00  0.000E+00  0.000E+00  0.000E+00  0.000E+00  0.000E+00
   2.630E+03  2.692E+03  1.124E-12  4.297E-15  3.823E-01  0.000E+00  0.000E+00  0.000E+00  0.000E+00  0.000E+00  0.000E+00
   2.754E+03  2.819E+03  1.597E-13  6.760E-16  4.232E-01  0.000E+00  0.000E+00  0.000E+00  0.000E+00  0.000E+00  0.000E+00
   2.884E+03  2.952E+03  4.986E-14  2.463E-16  4.940E-01  0.000E+00  0.000E+00  0.000E+00  0.000E+00  0.000E+00  0.000E+00
   3.020E+03  3.091E+03  4.255E-16  1.044E-17  2.453E+00  0.000E+00  0.000E+00  0.000E+00  0.000E+00  0.000E+00  0.000E+00
   3.162E+03  3.237E+03  1.000E-30  1.000E-90  2.591E-01  0.000E+00  0.000E+00  0.000E+00  0.000E+00  0.000E+00  0.000E+00
   3.311E+03  3.389E+03  1.000E-30  1.000E-90  2.601E-01  0.000E+00  0.000E+00  0.000E+00  0.000E+00  0.000E+00  0.000E+00
   3.467E+03  3.549E+03  1.000E-30  1.000E-90  2.610E-01  0.000E+00  0.000E+00  0.000E+00  0.000E+00  0.000E+00  0.000E+00
   3.631E+03  3.716E+03  1.000E-30  1.000E-90  0.000E+00  0.000E+00  0.000E+00  0.000E+00  0.000E+00  0.000E+00  0.000E+00
   3.802E+03  3.891E+03  1.000E-30  1.000E-90  0.000E+00  0.000E+00  0.000E+00  0.000E+00  0.000E+00  0.000E+00  0.000E+00
   3.981E+03  4.075E+03  1.000E-30  1.000E-90  0.000E+00  0.000E+00  0.000E+00  0.000E+00  0.000E+00  0.000E+00  0.000E+00
   4.169E+03  4.267E+03  1.000E-30  1.000E-90  0.000E+00  0.000E+00  0.000E+00  0.000E+00  0.000E+00  0.000E+00  0.000E+00
   4.365E+03  4.468E+03  1.000E-30  1.000E-90  0.000E+00  0.000E+00  0.000E+00  0.000E+00  0.000E+00  0.000E+00  0.000E+00
   4.571E+03  4.679E+03  1.000E-30  1.000E-90  0.000E+00  0.000E+00  0.000E+00  0.000E+00  0.000E+00  0.000E+00  0.000E+00
   4.786E+03  4.899E+03  1.000E-30  1.000E-90  0.000E+00  0.000E+00  0.000E+00  0.000E+00  0.000E+00  0.000E+00  0.000E+00
   5.012E+03  5.025E+05  1.000E-30  1.000E-90  0.000E+00  0.000E+00  0.000E+00  0.000E+00  0.000E+00  0.000E+00  0.000E+00
      1.096E-02     4.478-170     0.000E+00     0.000E+00
      1.202E-02     2.297-170     7.907E-11     3.442+161
      1.318E-02     2.768-170     8.066E-11     2.914+161
      1.445E-02     2.501-170     8.414E-11     3.365+161
      1.585E-02     2.087-170     8.358E-11     4.005+161
      1.738E-02     2.531-170     8.684E-11     3.431+161
      1.905E-02     2.380-170     8.802E-11     3.698+161
      2.089E-02     2.008-170     9.272E-11     4.618+161
      2.291E-02     2.382-170     9.704E-11     4.075+161
      2.512E-02     2.213-170     1.004E-10     4.536+161
      2.754E-02     1.059-151     1.036E-10     9.786+142
      3.020E-02     8.846-166     1.067E-10     1.206+157
      3.311E-02     2.234-156     1.084E-10     4.851+147
      3.631E-02     2.254-170     1.132E-10     5.021+161
      3.981E-02     9.219-152     1.157E-10     1.255+143
      4.365E-02     9.183-155     1.195E-10     1.301+146
      4.786E-02     6.899-154     1.249E-10     1.810+145
      5.248E-02     1.273-151     1.277E-10     1.003+143
      5.754E-02     2.325-151     1.307E-10     5.623+142
      6.310E-02     4.914-153     1.354E-10     2.756+144
      6.918E-02     4.125-151     1.405E-10     3.407+142
      7.586E-02     6.644-151     1.467E-10     2.207+142
      8.318E-02     2.417-151     1.472E-10     6.090+142
      9.120E-02     5.857-151     1.524E-10     2.602+142
      1.000E-01     6.358-151     1.579E-10     2.483+142
      1.096E-01     7.443-151     1.623E-10     2.181+142
      1.202E-01     6.331-151     1.647E-10     2.602+142
      1.318E-01     8.054-151     1.746E-10     2.168+142
      1.445E-01     1.706-150     1.848E-10     1.083+142
      1.585E-01     1.504-150     1.912E-10     1.271+142
      1.738E-01     1.583E-34     1.944E-10     1.228E+26
      1.905E-01     1.547E-33     2.005E-10     1.296E+25
      2.089E-01     6.462E-32     2.112E-10     3.269E+23
      2.291E-01     6.117E-31     2.196E-10     3.590E+22
      2.512E-01     1.392E-34     2.209E-10     1.587E+26
      2.754E-01     6.655E-12     2.315E-10     3.478E+03
      3.020E-01     1.559E-31     2.434E-10     1.561E+23
      3.311E-01     6.825E-31     2.443E-10     3.580E+22
      3.631E-01     1.948E-15     2.536E-10     1.302E+07
      3.981E-01     1.934E-31     2.521E-10     1.303E+23
      4.365E-01     4.915E-31     2.542E-10     5.171E+22
      4.786E-01     6.333E-20     2.554E-10     4.034E+11
      5.248E-01     2.589E-12     2.590E-10     1.000E+04
      5.754E-01     4.086E-29     2.569E-10     6.288E+20
      6.310E-01     9.364E-30     2.560E-10     2.734E+21
      6.918E-01     3.325E-28     2.525E-10     7.593E+19
      7.586E-01     1.269E-28     2.448E-10     1.928E+20
      8.318E-01     1.399E-13     2.407E-10     1.720E+05
      9.120E-01     1.115E-30     2.307E-10     2.069E+22
