   0.000E+00  5.000E-01  1.000E-30  1.000E-90  0.000E+00  0.000E+00  0.000E+00  0.000E+00  0.000E+00  0.000E+00  0.000E+00
   1.000E+00  1.024E+00  1.000E-30  4.176E-32  8.446E+00  4.927E-31  4.176E-32  8.476E+00  1.753E-33  3.311E-37  0.000E+00
   1.047E+00  1.072E+00  1.000E-30  1.000E-90  0.000E+00  0.000E+00  0.000E+00  0.000E+00  0.000E+00  0.000E+00  0.000E+00
   1.096E+00  1.122E+00  1.000E-30  1.965E-35  6.750E+01  0.000E+00  0.000E+00  0.000E+00  0.000E+00  2.911E-35  0.000E+00
   1.148E+00  1.175E+00  1.000E-30  1.000E-90  0.000E+00  0.000E+00  0.000E+00  0.000E+00  0.000E+00  0.000E+00  0.000E+00
   1.202E+00  1.231E+00  1.903E-29  2.169E-31  1.140E+00  1.861E-29  2.162E-31  1.162E+00  4.197E-31  2.210E-35  0.000E+00
   1.259E+00  1.289E+00  1.000E-30  1.000E-90  0.000E+00  0.000E+00  0.000E+00  0.000E+00  0.000E+00  0.000E+00  0.000E+00
   1.318E+00  1.349E+00  1.000E-30  1.000E-90  0.000E+00  0.000E+00  0.000E+00  0.000E+00  0.000E+00  0.000E+00  0.000E+00
   1.380E+00  1.413E+00  1.000E-30  1.000E-90  0.000E+00  0.000E+00  0.000E+00  0.000E+00  0.000E+00  0.000E+00  0.000E+00
   1.445E+00  1.480E+00  2.974E-30  9.675E-32  3.254E+00  2.937E-30  9.671E-32  3.293E+00  3.658E-32  7.543E-36  0.000E+00
   1.514E+00  1.549E+00  1.000E-30  1.000E-90  0.000E+00  0.000E+00  0.000E+00  0.000E+00  0.000E+00  0.000E+00  0.000E+00
   1.585E+00  1.622E+00  1.000E-30  1.000E-90  0.000E+00  0.000E+00  0.000E+00  0.000E+00  0.000E+00  0.000E+00  0.000E+00
   1.660E+00  1.699E+00  5.928E-30  3.942E-30  6.649E+01  5.926E-30  3.942E-30  6.652E+01  2.325E-33  1.294E-37  0.000E+00
   1.738E+00  1.779E+00  6.581E-28  1.147E-30  1.742E-01  6.307E-28  1.051E-30  1.667E-01  2.748E-29  5.605E-34  0.000E+00
   1.820E+00  1.863E+00  1.000E-30  1.000E-90  0.000E+00  0.000E+00  0.000E+00  0.000E+00  0.000E+00  0.000E+00  0.000E+00
   1.905E+00  1.950E+00  1.000E-30  1.000E-90  0.000E+00  0.000E+00  0.000E+00  0.000E+00  0.000E+00  0.000E+00  0.000E+00
   1.995E+00  2.042E+00  2.024E-29  8.680E-30  4.289E+01  2.019E-29  8.680E-30  4.300E+01  5.280E-32  5.547E-35  0.000E+00
   2.089E+00  2.139E+00  1.000E-30  1.000E-90  0.000E+00  0.000E+00  0.000E+00  0.000E+00  0.000E+00  0.000E+00  0.000E+00
   2.188E+00  2.239E+00  1.000E-30  8.192E-32  6.750E+01  1.214E-31  8.192E-32  6.750E+01  0.000E+00  0.000E+00  0.000E+00
   2.291E+00  2.345E+00  2.154E-21  8.481E-22  3.937E+01  2.132E-21  8.481E-22  3.978E+01  2.221E-23  2.896E-27  0.000E+00
   2.399E+00  2.455E+00  1.000E-30  1.000E-90  0.000E+00  0.000E+00  0.000E+00  0.000E+00  0.000E+00  0.000E+00  0.000E+00
   2.512E+00  2.571E+00  7.057E-21  4.103E-21  5.815E+01  7.051E-21  4.103E-21  5.819E+01  4.453E-24  1.350E-24  0.000E+00
   2.630E+00  2.692E+00  1.000E-30  1.000E-90  0.000E+00  0.000E+00  0.000E+00  0.000E+00  0.000E+00  0.000E+00  0.000E+00
   2.754E+00  2.819E+00  1.000E-30  1.000E-90  0.000E+00  0.000E+00  0.000E+00  0.000E+00  0.000E+00  0.000E+00  0.000E+00
   2.884E+00  2.952E+00  7.489E-18  2.498E-18  3.336E+01  5.611E-18  2.181E-18  3.887E+01  1.877E-18  2.044E-22  0.000E+00
   3.020E+00  3.091E+00  1.000E-30  1.000E-90  0.000E+00  0.000E+00  0.000E+00  0.000E+00  0.000E+00  0.000E+00  0.000E+00
   3.162E+00  3.237E+00  1.000E-30  2.322E-44  4.786E+01  4.852E-44  2.322E-44  4.786E+01  0.000E+00  0.000E+00  0.000E+00
   3.311E+00  3.389E+00  1.840E-20  6.041E-21  3.284E+01  1.176E-20  5.150E-21  4.379E+01  6.635E-21  6.929E-25  0.000E+00
   3.467E+00  3.549E+00  1.000E-30  1.705E-41  6.750E+01  2.527E-41  1.705E-41  6.750E+01  0.000E+00  0.000E+00  0.000E+00
   3.631E+00  3.716E+00  1.145E-17  4.071E-18  3.554E+01  1.129E-17  4.069E-18  3.603E+01  1.607E-19  2.871E-22  0.000E+00
   3.802E+00  3.891E+00  1.000E-30  1.000E-90  0.000E+00  0.000E+00  0.000E+00  0.000E+00  0.000E+00  0.000E+00  0.000E+00
   3.981E+00  4.075E+00  1.482E-30  1.000E-30  6.750E+01  1.482E-30  1.000E-30  6.750E+01  0.000E+00  0.000E+00  0.000E+00
   4.169E+00  4.267E+00  1.000E-30  3.553E-35  6.750E+01  5.264E-35  3.553E-35  6.750E+01  0.000E+00  1.923E-39  0.000E+00
   4.365E+00  4.468E+00  4.875E-21  2.076E-21  4.258E+01  4.875E-21  2.076E-21  4.258E+01  1.185E-29  6.164E-27  0.000E+00
   4.571E+00  4.679E+00  1.000E-30  7.476E-37  6.698E+01  0.000E+00  0.000E+00  0.000E+00  0.000E+00  1.116E-36  0.000E+00
   4.786E+00  4.899E+00  1.612E-26  8.421E-27  5.225E+01  1.603E-26  8.420E-27  5.254E+01  9.003E-29  1.738E-34  0.000E+00
   5.012E+00  5.130E+00  1.000E-30  1.000E-90  0.000E+00  0.000E+00  0.000E+00  0.000E+00  0.000E+00  0.000E+00  0.000E+00
   5.248E+00  5.372E+00  2.773E-19  7.182E-20  2.590E+01  2.678E-19  7.179E-20  2.681E+01  8.941E-21  6.091E-22  0.000E+00
   5.495E+00  5.625E+00  1.981E-30  1.336E-30  6.744E+01  1.981E-30  1.336E-30  6.744E+01  0.000E+00  4.280E-36  0.000E+00
   5.754E+00  5.890E+00  3.156E-19  1.042E-19  3.300E+01  1.989E-19  6.812E-20  3.425E+01  1.874E-25  1.168E-19  0.000E+00
   6.026E+00  6.168E+00  1.701E-20  4.981E-21  2.928E+01  1.701E-20  4.981E-21  2.928E+01  9.914E-30  2.081E-26  0.000E+00
   6.310E+00  6.458E+00  5.407E-15  7.252E-16  1.341E+01  4.748E-15  7.098E-16  1.495E+01  6.590E-16  3.810E-20  0.000E+00
   6.607E+00  6.763E+00  1.422E-25  9.286E-26  6.532E+01  4.189E-27  1.868E-27  4.460E+01  1.375E-25  4.313E-28  0.000E+00
   6.918E+00  7.081E+00  3.303E-17  9.648E-18  2.921E+01  2.946E-17  9.416E-18  3.197E+01  3.568E-18  4.570E-24  0.000E+00
   7.244E+00  7.415E+00  1.380E-15  6.446E-16  4.670E+01  1.380E-15  6.446E-16  4.672E+01  5.701E-19  5.426E-21  0.000E+00
   7.586E+00  7.765E+00  2.322E-30  1.465E-30  6.309E+01  2.322E-30  1.465E-30  6.309E+01  0.000E+00  4.556E-36  0.000E+00
   7.943E+00  8.130E+00  7.576E-18  5.114E-18  6.750E+01  7.576E-18  5.114E-18  6.750E+01  0.000E+00  1.371E-36  0.000E+00
   8.318E+00  8.514E+00  3.287E-30  1.655E-30  5.033E+01  3.287E-30  1.655E-30  5.033E+01  0.000E+00  4.586E-36  0.000E+00
   8.710E+00  8.915E+00  9.074E-18  5.662E-18  6.239E+01  8.357E-18  5.641E-18  6.750E+01  0.000E+00  7.172E-19  0.000E+00
   9.120E+00  9.335E+00  8.656E-23  5.843E-23  6.750E+01  0.000E+00  0.000E+00  0.000E+00  0.000E+00  8.656E-23  0.000E+00
   9.550E+00  9.775E+00  8.028E-17  5.183E-17  6.456E+01  7.670E-17  5.177E-17  6.750E+01  0.000E+00  3.582E-18  0.000E+00
   1.000E+01  1.024E+01  4.804E-17  3.108E-17  6.471E+01  4.600E-17  3.105E-17  6.750E+01  0.000E+00  2.033E-18  0.000E+00
   1.047E+01  1.072E+01  4.487E-16  3.029E-16  6.750E+01  4.487E-16  3.029E-16  6.750E+01  0.000E+00  4.069E-21  0.000E+00
   1.096E+01  1.122E+01  7.167E-17  4.838E-17  6.750E+01  1.138E-21  7.681E-22  6.750E+01  0.000E+00  7.167E-17  0.000E+00
   1.148E+01  1.175E+01  2.798E-17  1.889E-17  6.750E+01  1.471E-22  9.931E-23  6.750E+01  0.000E+00  2.798E-17  0.000E+00
   1.202E+01  1.231E+01  3.006E-16  1.644E-16  5.470E+01  4.226E-30  1.510E-30  3.573E+01  0.000E+00  3.006E-16  0.000E+00
   1.259E+01  1.289E+01  6.298E-16  4.237E-16  6.727E+01  6.276E-16  4.236E-16  6.750E+01  2.015E-20  2.154E-18  0.000E+00
   1.318E+01  1.349E+01  6.643E-13  5.600E-14  8.430E+00  1.575E-14  8.510E-15  5.405E+01  6.486E-13  2.419E-17  0.000E+00
   1.380E+01  1.413E+01  3.361E-10  3.461E-12  1.030E+00  8.893E-21  5.022E-21  5.647E+01  3.361E-10  3.043E-16  0.000E+00
   1.445E+01  1.480E+01  1.451E-14  9.732E-15  6.705E+01  1.442E-14  9.732E-15  6.750E+01  0.000E+00  9.654E-17  0.000E+00
   1.514E+01  1.549E+01  3.654E-20  2.158E-20  5.907E+01  8.071E-22  5.335E-22  6.610E+01  0.000E+00  3.573E-20  0.000E+00
   1.585E+01  1.622E+01  1.175E-13  7.383E-14  6.282E+01  1.174E-13  7.383E-14  6.286E+01  0.000E+00  8.291E-17  0.000E+00
   1.660E+01  1.699E+01  4.024E-12  2.706E-12  6.724E+01  4.024E-12  2.706E-12  6.724E+01  0.000E+00  1.101E-16  0.000E+00
   1.738E+01  1.779E+01  1.365E-16  7.302E-17  5.350E+01  1.992E-20  1.344E-20  6.746E+01  0.000E+00  1.365E-16  0.000E+00
   1.820E+01  1.863E+01  9.992E-12  6.562E-12  6.567E+01  9.992E-12  6.562E-12  6.568E+01  0.000E+00  2.017E-16  0.000E+00
   1.905E+01  1.950E+01  2.083E-11  1.263E-11  6.063E+01  2.083E-11  1.263E-11  6.063E+01  0.000E+00  2.793E-17  0.000E+00
   1.995E+01  2.042E+01  1.260E-11  8.508E-12  6.750E+01  1.260E-11  8.508E-12  6.750E+01  0.000E+00  1.316E-24  0.000E+00
   2.089E+01  2.139E+01  2.770E-11  1.707E-11  6.165E+01  2.770E-11  1.707E-11  6.165E+01  0.000E+00  7.593E-17  0.000E+00
   2.188E+01  2.239E+01  5.433E-16  3.506E-16  6.454E+01  1.478E-19  4.295E-20  2.907E+01  0.000E+00  5.432E-16  0.000E+00
   2.291E+01  2.345E+01  1.452E-10  9.784E-11  6.739E+01  1.452E-10  9.784E-11  6.739E+01  2.551E-22  1.196E-15  0.000E+00
   2.399E+01  2.455E+01  3.152E-11  1.355E-11  4.297E+01  3.152E-11  1.355E-11  4.297E+01  0.000E+00  1.224E-15  0.000E+00
   2.512E+01  2.571E+01  1.670E-11  8.601E-12  5.151E+01  1.670E-11  8.601E-12  5.152E+01  6.183E-21  1.998E-15  0.000E+00
   2.630E+01  2.692E+01  2.571E-13  1.630E-13  6.339E+01  2.560E-13  1.630E-13  6.366E+01  1.891E-23  1.122E-15  0.000E+00
   2.754E+01  2.819E+01  6.607E-10  3.086E-10  4.671E+01  6.607E-10  3.086E-10  4.671E+01  4.538E-20  1.978E-15  0.000E+00
   2.884E+01  2.952E+01  4.308E-10  1.749E-10  4.061E+01  4.308E-10  1.749E-10  4.061E+01  6.156E-19  4.154E-15  0.000E+00
   3.020E+01  3.091E+01  5.931E-10  3.633E-10  6.125E+01  5.931E-10  3.633E-10  6.125E+01  2.122E-17  9.552E-16  0.000E+00
   3.162E+01  3.237E+01  4.988E-10  2.330E-10  4.670E+01  4.988E-10  2.330E-10  4.670E+01  8.071E-17  5.153E-15  0.000E+00
   3.311E+01  3.389E+01  1.690E-10  9.126E-11  5.401E+01  1.690E-10  9.126E-11  5.401E+01  1.960E-16  2.736E-16  0.000E+00
   3.467E+01  3.549E+01  9.961E-10  2.217E-10  2.225E+01  9.961E-10  2.217E-10  2.225E+01  8.430E-16  9.078E-15  0.000E+00
   3.631E+01  3.716E+01  2.132E-09  5.230E-10  2.453E+01  2.132E-09  5.230E-10  2.453E+01  9.501E-15  9.513E-15  0.000E+00
   3.802E+01  3.891E+01  1.345E-09  3.039E-10  2.259E+01  1.345E-09  3.039E-10  2.259E+01  4.101E-14  7.543E-15  0.000E+00
   3.981E+01  4.075E+01  1.021E-09  3.155E-10  3.092E+01  1.020E-09  3.155E-10  3.093E+01  4.930E-13  6.471E-15  0.000E+00
   4.169E+01  4.267E+01  3.475E-09  7.715E-10  2.220E+01  3.474E-09  7.715E-10  2.221E+01  9.423E-13  5.727E-15  0.000E+00
   4.365E+01  4.468E+01  3.396E-09  7.451E-10  2.194E+01  3.393E-09  7.451E-10  2.196E+01  3.534E-12  1.884E-14  0.000E+00
   4.571E+01  4.679E+01  3.226E-09  5.477E-10  1.698E+01  3.212E-09  5.477E-10  1.705E+01  1.404E-11  2.443E-14  0.000E+00
   4.786E+01  4.899E+01  4.113E-09  6.623E-10  1.610E+01  4.100E-09  6.622E-10  1.615E+01  1.323E-11  3.711E-14  0.000E+00
   5.012E+01  5.130E+01  7.349E-09  1.028E-09  1.399E+01  7.328E-09  1.028E-09  1.403E+01  2.021E-11  4.864E-14  0.000E+00
   5.248E+01  5.372E+01  7.266E-09  9.741E-10  1.341E+01  7.191E-09  9.741E-10  1.355E+01  7.506E-11  1.769E-13  0.000E+00
   5.495E+01  5.625E+01  6.825E-09  8.313E-10  1.218E+01  6.672E-09  8.312E-10  1.246E+01  1.534E-10  2.581E-13  0.000E+00
   5.754E+01  5.890E+01  1.177E-08  1.142E-09  9.700E+00  1.152E-08  1.142E-09  9.908E+00  2.485E-10  2.478E-13  0.000E+00
   6.026E+01  6.168E+01  1.614E-08  1.412E-09  8.749E+00  1.571E-08  1.412E-09  8.989E+00  4.330E-10  4.576E-13  0.000E+00
   6.310E+01  6.458E+01  2.127E-08  1.469E-09  6.904E+00  2.008E-08  1.468E-09  7.311E+00  1.188E-09  5.123E-13  0.000E+00
   6.607E+01  6.763E+01  3.239E-08  1.832E-09  5.655E+00  3.055E-08  1.831E-09  5.993E+00  1.828E-09  8.581E-12  0.000E+00
   6.918E+01  7.081E+01  3.928E-08  1.921E-09  4.891E+00  3.695E-08  1.920E-09  5.197E+00  2.326E-09  2.701E-13  0.000E+00
   7.244E+01  7.415E+01  4.848E-08  1.909E-09  3.938E+00  4.560E-08  1.908E-09  4.185E+00  2.880E-09  3.256E-13  0.000E+00
   7.586E+01  7.765E+01  5.561E-08  1.883E-09  3.387E+00  5.212E-08  1.882E-09  3.612E+00  3.481E-09  8.243E-12  0.000E+00
   7.943E+01  8.130E+01  7.562E-08  2.061E-09  2.725E+00  6.923E-08  2.059E-09  2.974E+00  6.384E-09  6.502E-14  0.000E+00
   8.318E+01  8.514E+01  1.078E-07  2.270E-09  2.105E+00  9.251E-08  2.267E-09  2.451E+00  1.531E-08  9.110E-14  0.000E+00
   8.710E+01  8.915E+01  1.297E-07  2.423E-09  1.868E+00  1.132E-07  2.420E-09  2.138E+00  1.650E-08  7.908E-14  0.000E+00
   9.120E+01  9.335E+01  1.579E-07  2.676E-09  1.695E+00  1.401E-07  2.672E-09  1.908E+00  1.782E-08  9.198E-14  0.000E+00
   9.550E+01  9.775E+01  1.867E-07  2.541E-09  1.361E+00  1.672E-07  2.536E-09  1.517E+00  1.949E-08  1.155E-13  0.000E+00
   1.000E+02  1.024E+02  2.206E-07  3.481E-09  1.578E+00  1.998E-07  3.468E-09  1.736E+00  2.084E-08  1.153E-13  0.000E+00
   1.047E+02  1.072E+02  2.590E-07  3.641E-09  1.406E+00  2.344E-07  3.626E-09  1.547E+00  2.462E-08  1.376E-13  0.000E+00
   1.096E+02  1.122E+02  3.040E-07  3.899E-09  1.282E+00  2.739E-07  3.880E-09  1.417E+00  3.013E-08  1.578E-13  0.000E+00
   1.148E+02  1.175E+02  3.685E-07  4.183E-09  1.135E+00  3.329E-07  4.162E-09  1.250E+00  3.562E-08  1.585E-13  0.000E+00
   1.202E+02  1.231E+02  8.001E-07  4.434E-09  5.541E-01  3.670E-07  4.243E-09  1.156E+00  4.330E-07  1.836E-13  0.000E+00
   1.259E+02  1.289E+02  4.125E-07  4.347E-09  1.054E+00  4.088E-07  4.335E-09  1.060E+00  3.740E-09  1.988E-13  0.000E+00
   1.318E+02  1.349E+02  4.998E-07  4.482E-09  8.968E-01  4.436E-07  4.446E-09  1.002E+00  5.619E-08  2.123E-13  0.000E+00
   1.380E+02  1.413E+02  4.759E-07  4.735E-09  9.950E-01  4.759E-07  4.721E-09  9.920E-01  5.087E-12  2.330E-13  0.000E+00
   1.445E+02  1.480E+02  4.954E-07  4.674E-09  9.436E-01  4.954E-07  4.659E-09  9.405E-01  1.481E-11  2.292E-13  0.000E+00
   1.514E+02  1.549E+02  5.389E-07  4.871E-09  9.038E-01  5.389E-07  4.853E-09  9.006E-01  8.675E-12  2.512E-13  0.000E+00
   1.585E+02  1.622E+02  5.789E-07  5.172E-09  8.933E-01  5.789E-07  5.153E-09  8.901E-01  5.846E-12  2.813E-13  0.000E+00
   1.660E+02  1.699E+02  5.880E-07  4.908E-09  8.347E-01  5.880E-07  4.887E-09  8.312E-01  1.143E-11  2.938E-13  0.000E+00
   1.738E+02  1.779E+02  6.320E-07  5.196E-09  8.222E-01  6.320E-07  5.173E-09  8.186E-01  4.557E-12  2.905E-13  0.000E+00
   1.820E+02  1.863E+02  6.273E-07  5.135E-09  8.186E-01  6.273E-07  5.113E-09  8.150E-01  1.445E-11  3.045E-13  0.000E+00
   1.905E+02  1.950E+02  6.954E-07  5.327E-09  7.660E-01  6.954E-07  5.300E-09  7.622E-01  1.596E-11  2.901E-13  0.000E+00
   1.995E+02  2.042E+02  7.745E-07  5.422E-09  7.002E-01  7.744E-07  5.390E-09  6.960E-01  1.154E-11  2.772E-13  0.000E+00
   2.089E+02  2.139E+02  8.223E-07  5.572E-09  6.776E-01  8.223E-07  5.536E-09  6.733E-01  1.149E-11  3.152E-13  0.000E+00
   2.188E+02  2.239E+02  8.301E-07  5.510E-09  6.638E-01  8.301E-07  5.473E-09  6.593E-01  1.586E-11  3.051E-13  0.000E+00
   2.291E+02  2.345E+02  8.096E-07  5.430E-09  6.707E-01  8.096E-07  5.395E-09  6.664E-01  1.070E-11  3.056E-13  0.000E+00
   2.399E+02  2.455E+02  7.985E-07  5.391E-09  6.752E-01  7.984E-07  5.356E-09  6.709E-01  1.478E-11  3.254E-13  0.000E+00
   2.512E+02  2.571E+02  7.785E-07  5.320E-09  6.834E-01  7.785E-07  5.287E-09  6.791E-01  8.161E-12  3.208E-13  0.000E+00
   2.630E+02  2.692E+02  7.730E-07  5.364E-09  6.939E-01  7.730E-07  5.331E-09  6.897E-01  7.674E-12  3.171E-13  0.000E+00
   2.754E+02  2.819E+02  7.232E-07  5.115E-09  7.073E-01  7.232E-07  5.085E-09  7.031E-01  1.220E-11  3.326E-13  0.000E+00
   2.884E+02  2.952E+02  7.280E-07  5.156E-09  7.083E-01  7.280E-07  5.126E-09  7.041E-01  8.790E-12  3.258E-13  0.000E+00
   3.020E+02  3.091E+02  6.972E-07  4.993E-09  7.162E-01  6.972E-07  4.964E-09  7.121E-01  3.872E-12  3.413E-13  0.000E+00
   3.162E+02  3.237E+02  7.011E-07  5.052E-09  7.206E-01  7.011E-07  5.024E-09  7.166E-01  1.740E-11  3.427E-13  0.000E+00
   3.311E+02  3.389E+02  6.873E-07  4.941E-09  7.189E-01  6.873E-07  4.913E-09  7.148E-01  3.005E-11  3.609E-13  0.000E+00
   3.467E+02  3.549E+02  6.770E-07  4.899E-09  7.237E-01  6.770E-07  4.871E-09  7.196E-01  1.167E-11  3.653E-13  0.000E+00
   3.631E+02  3.716E+02  6.816E-07  4.940E-09  7.247E-01  6.816E-07  4.912E-09  7.207E-01  1.364E-11  3.683E-13  0.000E+00
   3.802E+02  3.891E+02  6.708E-07  4.807E-09  7.165E-01  6.708E-07  4.779E-09  7.124E-01  4.415E-12  3.775E-13  0.000E+00
   3.981E+02  4.075E+02  6.773E-07  4.798E-09  7.083E-01  6.773E-07  4.769E-09  7.042E-01  8.259E-12  4.043E-13  0.000E+00
   4.169E+02  4.267E+02  6.835E-07  4.828E-09  7.065E-01  6.835E-07  4.800E-09  7.023E-01  5.553E-12  4.165E-13  0.000E+00
   4.365E+02  4.468E+02  6.841E-07  4.818E-09  7.043E-01  6.841E-07  4.789E-09  7.001E-01  1.131E-11  4.283E-13  0.000E+00
   4.571E+02  4.679E+02  6.812E-07  4.725E-09  6.936E-01  6.812E-07  4.696E-09  6.893E-01  1.597E-11  4.201E-13  0.000E+00
   4.786E+02  4.899E+02  7.036E-07  4.813E-09  6.841E-01  7.036E-07  4.783E-09  6.798E-01  4.304E-12  4.307E-13  0.000E+00
   5.012E+02  5.130E+02  1.484E-06  7.502E-09  5.054E-01  1.484E-06  7.415E-09  4.996E-01  7.356E-12  1.191E-12  0.000E+00
   5.248E+02  5.372E+02  2.165E-07  1.603E-09  7.404E-01  2.165E-07  1.594E-09  7.365E-01  1.311E-11  9.691E-15  0.000E+00
   5.495E+02  5.625E+02  2.135E-07  1.557E-09  7.295E-01  2.134E-07  1.549E-09  7.257E-01  4.571E-11  8.707E-15  0.000E+00
   5.754E+02  5.890E+02  2.106E-07  1.515E-09  7.196E-01  2.106E-07  1.507E-09  7.155E-01  5.309E-12  9.822E-15  0.000E+00
   6.026E+02  6.168E+02  2.112E-07  1.513E-09  7.161E-01  2.112E-07  1.504E-09  7.120E-01  5.982E-12  8.459E-15  0.000E+00
   6.310E+02  6.458E+02  2.094E-07  1.475E-09  7.043E-01  2.094E-07  1.466E-09  7.002E-01  1.350E-11  7.624E-15  0.000E+00
   6.607E+02  6.763E+02  2.046E-07  1.420E-09  6.937E-01  2.046E-07  1.411E-09  6.895E-01  1.099E-11  8.146E-15  0.000E+00
   6.918E+02  7.081E+02  2.044E-07  1.408E-09  6.887E-01  2.041E-07  1.399E-09  6.854E-01  3.106E-10  8.346E-15  0.000E+00
   7.244E+02  7.415E+02  2.230E-07  1.531E-09  6.865E-01  2.230E-07  1.521E-09  6.822E-01  0.000E+00  7.889E-15  0.000E+00
   7.586E+02  7.765E+02  2.352E-07  1.619E-09  6.881E-01  2.352E-07  1.608E-09  6.838E-01  0.000E+00  7.543E-15  0.000E+00
   7.943E+02  8.130E+02  2.115E-07  1.361E-09  6.437E-01  2.115E-07  1.352E-09  6.391E-01  0.000E+00  8.165E-15  0.000E+00
   8.318E+02  8.514E+02  7.252E-06  1.253E-08  1.727E-01  7.252E-06  1.122E-08  1.548E-01  0.000E+00  8.394E-15  0.000E+00
   8.710E+02  8.915E+02  8.687E-08  8.627E-10  9.931E-01  8.687E-08  8.601E-10  9.901E-01  0.000E+00  8.401E-15  0.000E+00
   9.120E+02  9.335E+02  8.065E-08  7.536E-10  9.344E-01  8.065E-08  7.511E-10  9.313E-01  0.000E+00  8.367E-15  0.000E+00
   9.550E+02  9.775E+02  1.793E-07  1.724E-09  9.616E-01  1.793E-07  1.719E-09  9.585E-01  0.000E+00  8.410E-15  0.000E+00
   1.000E+03  1.024E+03  9.501E-07  4.506E-09  4.743E-01  9.501E-07  4.447E-09  4.681E-01  0.000E+00  9.046E-15  0.000E+00
   1.047E+03  1.072E+03  6.703E-08  6.786E-10  1.012E+00  6.703E-08  6.767E-10  1.009E+00  0.000E+00  8.767E-15  0.000E+00
   1.096E+03  1.122E+03  7.239E-08  7.425E-10  1.026E+00  7.239E-08  7.404E-10  1.023E+00  0.000E+00  9.102E-15  0.000E+00
   1.148E+03  1.175E+03  1.940E-07  1.736E-09  8.950E-01  1.940E-07  1.730E-09  8.918E-01  0.000E+00  1.011E-12  0.000E+00
   1.202E+03  1.231E+03  3.569E-06  7.744E-09  2.170E-01  3.569E-06  7.244E-09  2.030E-01  0.000E+00  2.931E-17  0.000E+00
   1.259E+03  1.289E+03  1.850E-08  3.169E-10  1.713E+00  1.850E-08  3.166E-10  1.711E+00  0.000E+00  6.458E-17  0.000E+00
   1.318E+03  1.349E+03  2.316E-07  1.983E-09  8.562E-01  2.316E-07  1.975E-09  8.528E-01  0.000E+00  1.110E-17  0.000E+00
   1.380E+03  1.413E+03  2.370E-08  4.624E-10  1.951E+00  2.370E-08  4.620E-10  1.950E+00  0.000E+00  7.010E-17  0.000E+00
   1.445E+03  1.480E+03  1.730E-08  3.227E-10  1.865E+00  1.730E-08  3.224E-10  1.864E+00  0.000E+00  7.436E-15  0.000E+00
   1.514E+03  1.549E+03  1.510E-08  2.430E-10  1.610E+00  1.510E-08  2.427E-10  1.608E+00  0.000E+00  7.054E-18  0.000E+00
   1.585E+03  1.622E+03  1.718E-08  3.209E-10  1.868E+00  1.718E-08  3.206E-10  1.867E+00  0.000E+00  3.326E-18  0.000E+00
   1.660E+03  1.699E+03  1.430E-08  2.287E-10  1.599E+00  1.430E-08  2.284E-10  1.597E+00  0.000E+00  1.342E-17  0.000E+00
   1.738E+03  1.779E+03  6.301E-07  2.909E-09  4.616E-01  6.301E-07  2.868E-09  4.552E-01  0.000E+00  2.736E-20  0.000E+00
   1.820E+03  1.863E+03  8.426E-09  1.647E-10  1.955E+00  8.426E-09  1.646E-10  1.953E+00  0.000E+00  1.083E-18  0.000E+00
   1.905E+03  1.950E+03  3.292E-08  5.917E-10  1.797E+00  3.292E-08  5.911E-10  1.796E+00  0.000E+00  1.503E-18  0.000E+00
   1.995E+03  2.042E+03  3.712E-07  2.109E-09  5.682E-01  3.712E-07  2.090E-09  5.630E-01  0.000E+00  3.285E-19  0.000E+00
   2.089E+03  2.139E+03  1.586E-08  3.810E-10  2.402E+00  1.586E-08  3.808E-10  2.401E+00  0.000E+00  5.363E-17  0.000E+00
   2.188E+03  2.239E+03  1.859E-08  4.167E-10  2.241E+00  1.859E-08  4.164E-10  2.240E+00  0.000E+00  2.197E-18  0.000E+00
   2.291E+03  2.345E+03  6.937E-09  1.842E-10  2.656E+00  6.937E-09  1.842E-10  2.654E+00  0.000E+00  3.293E-19  0.000E+00
   2.399E+03  2.455E+03  4.821E-09  1.083E-10  2.247E+00  4.821E-09  1.082E-10  2.245E+00  0.000E+00  6.447E-19  0.000E+00
   2.512E+03  2.571E+03  4.607E-07  2.108E-09  4.576E-01  4.607E-07  2.079E-09  4.512E-01  0.000E+00  6.638E-19  0.000E+00
   2.630E+03  2.692E+03  1.621E-09  5.845E-11  3.605E+00  1.621E-09  5.844E-11  3.604E+00  0.000E+00  7.179E-16  0.000E+00
   2.754E+03  2.819E+03  1.628E-09  5.388E-11  3.309E+00  1.628E-09  5.387E-11  3.308E+00  0.000E+00  0.000E+00  0.000E+00
   2.884E+03  2.952E+03  2.669E-08  4.786E-10  1.793E+00  2.669E-08  4.781E-10  1.791E+00  0.000E+00  0.000E+00  0.000E+00
   3.020E+03  3.091E+03  1.605E-09  5.618E-11  3.501E+00  1.605E-09  5.617E-11  3.500E+00  0.000E+00  0.000E+00  0.000E+00
   3.162E+03  3.237E+03  2.737E-07  1.472E-09  5.378E-01  2.737E-07  1.457E-09  5.323E-01  0.000E+00  0.000E+00  0.000E+00
   3.311E+03  3.389E+03  1.869E-08  3.805E-10  2.037E+00  1.869E-08  3.803E-10  2.035E+00  0.000E+00  0.000E+00  0.000E+00
   3.467E+03  3.549E+03  4.140E-09  1.758E-10  4.246E+00  4.140E-09  1.758E-10  4.245E+00  0.000E+00  0.000E+00  0.000E+00
   3.631E+03  3.716E+03  1.000E-30  1.000E-90  0.000E+00  0.000E+00  0.000E+00  0.000E+00  0.000E+00  0.000E+00  0.000E+00
   3.802E+03  3.891E+03  1.000E-30  1.000E-90  0.000E+00  0.000E+00  0.000E+00  0.000E+00  0.000E+00  0.000E+00  0.000E+00
   3.981E+03  4.075E+03  1.000E-30  1.000E-90  0.000E+00  0.000E+00  0.000E+00  0.000E+00  0.000E+00  0.000E+00  0.000E+00
   4.169E+03  4.267E+03  1.000E-30  1.000E-90  0.000E+00  0.000E+00  0.000E+00  0.000E+00  0.000E+00  0.000E+00  0.000E+00
   4.365E+03  4.468E+03  1.000E-30  1.000E-90  0.000E+00  0.000E+00  0.000E+00  0.000E+00  0.000E+00  0.000E+00  0.000E+00
   4.571E+03  4.679E+03  1.000E-30  1.000E-90  0.000E+00  0.000E+00  0.000E+00  0.000E+00  0.000E+00  0.000E+00  0.000E+00
   4.786E+03  4.899E+03  1.000E-30  1.000E-90  0.000E+00  0.000E+00  0.000E+00  0.000E+00  0.000E+00  0.000E+00  0.000E+00
   5.012E+03  5.025E+05  1.000E-30  1.000E-90  0.000E+00  0.000E+00  0.000E+00  0.000E+00  0.000E+00  0.000E+00  0.000E+00
      1.096E-02     0.000E+00     0.000E+00     0.000E+00
      1.202E-02     0.000E+00     0.000E+00     0.000E+00
      1.318E-02     0.000E+00     0.000E+00     0.000E+00
      1.445E-02     0.000E+00     0.000E+00     0.000E+00
      1.585E-02     0.000E+00     0.000E+00     0.000E+00
      1.738E-02     0.000E+00     0.000E+00     0.000E+00
      1.905E-02     0.000E+00     0.000E+00     0.000E+00
      2.089E-02     0.000E+00     0.000E+00     0.000E+00
      2.291E-02     0.000E+00     0.000E+00     0.000E+00
      2.512E-02     0.000E+00     0.000E+00     0.000E+00
      2.754E-02     0.000E+00     0.000E+00     0.000E+00
      3.020E-02     0.000E+00     0.000E+00     0.000E+00
      3.311E-02     0.000E+00     0.000E+00     0.000E+00
      3.631E-02     0.000E+00     0.000E+00     0.000E+00
      3.981E-02     0.000E+00     0.000E+00     0.000E+00
      4.365E-02     0.000E+00     0.000E+00     0.000E+00
      4.786E-02     0.000E+00     0.000E+00     0.000E+00
      5.248E-02     0.000E+00     0.000E+00     0.000E+00
      5.754E-02     0.000E+00     0.000E+00     0.000E+00
      6.310E-02     0.000E+00     0.000E+00     0.000E+00
      6.918E-02     0.000E+00     0.000E+00     0.000E+00
      7.586E-02     0.000E+00     0.000E+00     0.000E+00
      8.318E-02     0.000E+00     0.000E+00     0.000E+00
      9.120E-02     0.000E+00     0.000E+00     0.000E+00
      1.000E-01     0.000E+00     0.000E+00     0.000E+00
      1.096E-01     0.000E+00     0.000E+00     0.000E+00
      1.202E-01     0.000E+00     0.000E+00     0.000E+00
      1.318E-01     0.000E+00     0.000E+00     0.000E+00
      1.445E-01     0.000E+00     0.000E+00     0.000E+00
      1.585E-01     0.000E+00     0.000E+00     0.000E+00
      1.738E-01     2.639E-33     0.000E+00     0.000E+00
      1.905E-01     1.862E-32     1.021E-29     5.485E+04
      2.089E-01     2.384E-31     2.734E-34     1.147E-01
      2.291E-01     2.243E-30     1.932E-20     8.616E+11
      2.512E-01     1.128E-33     6.569E-36     5.822E-01
      2.754E-01     2.536E-13     0.000E+00     0.000E+00
      3.020E-01     5.071E-31     0.000E+00     0.000E+00
      3.311E-01     1.716E-30     5.561E-19     3.241E+13
      3.631E-01     6.688E-19     0.000E+00     0.000E+00
      3.981E-01     5.251E-31     7.356E-19     1.401E+14
      4.365E-01     1.864E-30     3.358E-20     1.802E+12
      4.786E-01     9.923E-32     4.670E-15     4.707E+18
      5.248E-01     3.277E-12     0.000E+00     0.000E+00
      5.754E-01     2.357E-28     5.666E-17     2.404E+13
      6.310E-01     2.182E-29     3.615E-15     1.657E+16
      6.918E-01     2.013E-27     7.638E-30     3.795E-01
      7.586E-01     4.888E-28     2.616E-17     5.351E+12
      8.318E-01     2.277E-12     0.000E+00     0.000E+00
      9.120E-01     1.057E-29     2.641E-17     2.498E+14
