   0.000E+00  5.000E-01  1.000E-30  1.000E-90  0.000E+00  0.000E+00  0.000E+00  0.000E+00  0.000E+00  0.000E+00  0.000E+00
   1.000E+00  1.024E+00  1.000E-30  4.725E-32  7.669E+00  5.967E-31  4.716E-32  7.903E+00  1.933E-32  5.104E-37  0.000E+00
   1.047E+00  1.072E+00  1.000E-30  1.000E-90  0.000E+00  0.000E+00  0.000E+00  0.000E+00  0.000E+00  0.000E+00  0.000E+00
   1.096E+00  1.122E+00  1.000E-30  1.000E-90  0.000E+00  0.000E+00  0.000E+00  0.000E+00  0.000E+00  0.000E+00  0.000E+00
   1.148E+00  1.175E+00  1.000E-30  1.000E-90  0.000E+00  0.000E+00  0.000E+00  0.000E+00  0.000E+00  0.000E+00  0.000E+00
   1.202E+00  1.231E+00  4.147E-29  3.981E-31  9.599E-01  4.091E-29  3.967E-31  9.695E-01  5.585E-31  2.874E-35  0.000E+00
   1.259E+00  1.289E+00  1.000E-30  1.000E-90  0.000E+00  0.000E+00  0.000E+00  0.000E+00  0.000E+00  0.000E+00  0.000E+00
   1.318E+00  1.349E+00  1.000E-30  1.000E-90  0.000E+00  0.000E+00  0.000E+00  0.000E+00  0.000E+00  0.000E+00  0.000E+00
   1.380E+00  1.413E+00  1.000E-30  2.579E-33  6.750E+01  3.821E-33  2.579E-33  6.750E+01  0.000E+00  0.000E+00  0.000E+00
   1.445E+00  1.480E+00  4.481E-30  1.188E-31  2.652E+00  4.439E-30  1.188E-31  2.675E+00  4.215E-32  3.608E-36  0.000E+00
   1.514E+00  1.549E+00  1.000E-30  2.732E-38  6.750E+01  0.000E+00  0.000E+00  0.000E+00  0.000E+00  4.047E-38  0.000E+00
   1.585E+00  1.622E+00  1.000E-30  1.000E-90  0.000E+00  0.000E+00  0.000E+00  0.000E+00  0.000E+00  0.000E+00  0.000E+00
   1.660E+00  1.699E+00  1.000E-30  1.921E-32  1.589E+01  1.193E-31  1.921E-32  1.611E+01  1.663E-33  7.829E-38  0.000E+00
   1.738E+00  1.779E+00  1.137E-27  1.740E-30  1.531E-01  1.106E-27  1.524E-30  1.378E-01  3.059E-29  7.786E-34  0.000E+00
   1.820E+00  1.863E+00  1.000E-30  2.643E-38  6.750E+01  0.000E+00  0.000E+00  0.000E+00  0.000E+00  3.915E-38  0.000E+00
   1.905E+00  1.950E+00  8.095E-30  5.464E-30  6.750E+01  8.095E-30  5.464E-30  6.750E+01  0.000E+00  0.000E+00  0.000E+00
   1.995E+00  2.042E+00  2.443E-30  1.175E-31  4.810E+00  2.410E-30  1.174E-31  4.874E+00  3.301E-32  2.001E-36  0.000E+00
   2.089E+00  2.139E+00  1.000E-30  2.287E-36  6.750E+01  0.000E+00  0.000E+00  0.000E+00  0.000E+00  3.388E-36  0.000E+00
   2.188E+00  2.239E+00  1.000E-30  1.000E-90  0.000E+00  0.000E+00  0.000E+00  0.000E+00  0.000E+00  0.000E+00  0.000E+00
   2.291E+00  2.345E+00  2.366E-27  4.928E-28  2.083E+01  2.331E-27  4.927E-28  2.114E+01  3.420E-29  1.342E-33  0.000E+00
   2.399E+00  2.455E+00  1.000E-30  1.000E-90  0.000E+00  0.000E+00  0.000E+00  0.000E+00  0.000E+00  0.000E+00  0.000E+00
   2.512E+00  2.571E+00  2.794E-25  9.144E-26  3.272E+01  2.794E-25  9.144E-26  3.273E+01  5.868E-29  4.257E-30  0.000E+00
   2.630E+00  2.692E+00  1.000E-30  1.000E-90  0.000E+00  0.000E+00  0.000E+00  0.000E+00  0.000E+00  0.000E+00  0.000E+00
   2.754E+00  2.819E+00  1.000E-30  8.081E-35  6.750E+01  1.197E-34  8.081E-35  6.750E+01  0.000E+00  0.000E+00  0.000E+00
   2.884E+00  2.952E+00  4.559E-20  2.184E-20  4.791E+01  4.389E-20  2.183E-20  4.974E+01  1.699E-21  4.453E-25  0.000E+00
   3.020E+00  3.091E+00  1.000E-30  1.000E-90  0.000E+00  0.000E+00  0.000E+00  0.000E+00  0.000E+00  0.000E+00  0.000E+00
   3.162E+00  3.237E+00  1.000E-30  1.380E-34  6.747E+01  2.045E-34  1.380E-34  6.747E+01  0.000E+00  8.828E-54  0.000E+00
   3.311E+00  3.389E+00  5.163E-21  2.980E-21  5.771E+01  5.075E-21  2.980E-21  5.871E+01  8.810E-23  5.959E-26  0.000E+00
   3.467E+00  3.549E+00  1.000E-30  1.751E-37  6.750E+01  0.000E+00  0.000E+00  0.000E+00  0.000E+00  2.595E-37  0.000E+00
   3.631E+00  3.716E+00  3.841E-21  2.290E-21  5.963E+01  3.829E-21  2.290E-21  5.981E+01  1.127E-23  2.710E-25  0.000E+00
   3.802E+00  3.891E+00  2.863E-30  1.932E-30  6.750E+01  2.863E-30  1.932E-30  6.750E+01  0.000E+00  1.481E-36  0.000E+00
   3.981E+00  4.075E+00  1.000E-30  1.000E-90  0.000E+00  0.000E+00  0.000E+00  0.000E+00  0.000E+00  0.000E+00  0.000E+00
   4.169E+00  4.267E+00  1.000E-30  2.039E-35  6.750E+01  3.020E-35  2.039E-35  6.750E+01  0.000E+00  0.000E+00  0.000E+00
   4.365E+00  4.468E+00  2.216E-28  3.772E-29  1.702E+01  2.196E-28  3.771E-29  1.718E+01  2.060E-30  2.425E-35  0.000E+00
   4.571E+00  4.679E+00  3.939E-30  2.659E-30  6.750E+01  3.939E-30  2.659E-30  6.750E+01  0.000E+00  4.646E-35  0.000E+00
   4.786E+00  4.899E+00  6.961E-30  5.537E-31  7.955E+00  6.887E-30  5.537E-31  8.039E+00  7.353E-32  3.050E-36  0.000E+00
   5.012E+00  5.130E+00  3.391E-23  2.289E-23  6.750E+01  0.000E+00  0.000E+00  0.000E+00  0.000E+00  3.391E-23  0.000E+00
   5.248E+00  5.372E+00  1.054E-21  5.325E-22  5.050E+01  1.048E-21  5.325E-22  5.080E+01  6.338E-24  3.055E-28  0.000E+00
   5.495E+00  5.625E+00  9.452E-25  6.380E-25  6.750E+01  9.452E-25  6.380E-25  6.750E+01  0.000E+00  6.131E-40  0.000E+00
   5.754E+00  5.890E+00  1.826E-22  1.217E-22  6.661E+01  1.826E-22  1.217E-22  6.661E+01  5.326E-27  1.376E-30  0.000E+00
   6.026E+00  6.168E+00  2.662E-23  8.059E-24  3.028E+01  2.662E-23  8.059E-24  3.028E+01  2.239E-30  1.108E-35  0.000E+00
   6.310E+00  6.458E+00  1.457E-17  2.950E-18  2.025E+01  1.354E-17  2.939E-18  2.171E+01  1.036E-18  5.046E-23  0.000E+00
   6.607E+00  6.763E+00  3.917E-29  1.471E-30  3.756E+00  3.797E-29  1.471E-30  3.873E+00  1.199E-30  2.735E-35  0.000E+00
   6.918E+00  7.081E+00  2.555E-21  8.186E-22  3.203E+01  1.552E-21  5.309E-22  3.421E+01  1.003E-21  8.368E-26  0.000E+00
   7.244E+00  7.415E+00  1.781E-15  8.380E-16  4.707E+01  1.780E-15  8.380E-16  4.707E+01  1.512E-19  8.231E-22  0.000E+00
   7.586E+00  7.765E+00  1.589E-30  7.693E-31  4.843E+01  1.589E-30  7.693E-31  4.843E+01  0.000E+00  4.481E-36  0.000E+00
   7.943E+00  8.130E+00  3.818E-30  1.854E-30  4.856E+01  3.818E-30  1.854E-30  4.856E+01  0.000E+00  1.263E-36  0.000E+00
   8.318E+00  8.514E+00  5.700E-30  2.288E-30  4.014E+01  5.700E-30  2.288E-30  4.014E+01  0.000E+00  3.602E-36  0.000E+00
   8.710E+00  8.915E+00  2.235E-30  1.059E-30  4.741E+01  2.235E-30  1.059E-30  4.741E+01  0.000E+00  1.167E-36  0.000E+00
   9.120E+00  9.335E+00  1.052E-17  5.878E-18  5.587E+01  1.571E-22  1.060E-22  6.745E+01  0.000E+00  1.052E-17  0.000E+00
   9.550E+00  9.775E+00  2.139E-22  1.444E-22  6.750E+01  2.139E-22  1.444E-22  6.750E+01  0.000E+00  9.013E-40  0.000E+00
   1.000E+01  1.024E+01  3.594E-19  2.426E-19  6.750E+01  1.081E-30  7.174E-31  6.633E+01  0.000E+00  3.594E-19  0.000E+00
   1.047E+01  1.072E+01  8.865E-18  5.984E-18  6.750E+01  7.664E-24  5.174E-24  6.750E+01  0.000E+00  8.865E-18  0.000E+00
   1.096E+01  1.122E+01  1.418E-17  9.571E-18  6.748E+01  1.418E-17  9.571E-18  6.750E+01  0.000E+00  4.425E-21  0.000E+00
   1.148E+01  1.175E+01  3.197E-26  2.158E-26  6.749E+01  3.197E-26  2.158E-26  6.749E+01  0.000E+00  5.233E-37  0.000E+00
   1.202E+01  1.231E+01  6.784E-16  4.579E-16  6.750E+01  6.784E-16  4.579E-16  6.750E+01  0.000E+00  6.052E-21  0.000E+00
   1.259E+01  1.289E+01  9.790E-16  6.306E-16  6.441E+01  9.331E-16  6.299E-16  6.750E+01  1.032E-20  4.587E-17  0.000E+00
   1.318E+01  1.349E+01  8.057E-14  1.042E-14  1.293E+01  9.733E-17  4.746E-17  4.876E+01  8.047E-14  2.984E-36  0.000E+00
   1.380E+01  1.413E+01  8.264E-11  1.084E-12  1.311E+00  6.698E-18  4.521E-18  6.750E+01  8.264E-11  1.597E-36  0.000E+00
   1.445E+01  1.480E+01  2.541E-19  1.715E-19  6.750E+01  2.970E-30  1.390E-30  4.682E+01  0.000E+00  2.541E-19  0.000E+00
   1.514E+01  1.549E+01  3.476E-17  1.688E-17  4.856E+01  5.589E-30  1.735E-30  3.103E+01  0.000E+00  3.476E-17  0.000E+00
   1.585E+01  1.622E+01  3.082E-13  2.067E-13  6.707E+01  3.082E-13  2.067E-13  6.708E+01  0.000E+00  3.280E-17  0.000E+00
   1.660E+01  1.699E+01  7.367E-15  4.818E-15  6.541E+01  7.327E-15  4.818E-15  6.576E+01  0.000E+00  3.961E-17  0.000E+00
   1.738E+01  1.779E+01  4.841E-13  1.372E-13  2.834E+01  4.841E-13  1.372E-13  2.834E+01  0.000E+00  5.711E-22  0.000E+00
   1.820E+01  1.863E+01  1.130E-14  6.064E-15  5.368E+01  1.124E-14  6.064E-15  5.394E+01  0.000E+00  5.466E-17  0.000E+00
   1.905E+01  1.950E+01  4.741E-12  3.199E-12  6.746E+01  4.741E-12  3.199E-12  6.747E+01  0.000E+00  1.098E-16  0.000E+00
   1.995E+01  2.042E+01  2.630E-14  1.398E-14  5.315E+01  2.620E-14  1.398E-14  5.336E+01  0.000E+00  1.017E-16  0.000E+00
   2.089E+01  2.139E+01  1.218E-11  6.045E-12  4.962E+01  1.218E-11  6.045E-12  4.962E+01  0.000E+00  8.058E-17  0.000E+00
   2.188E+01  2.239E+01  7.011E-13  3.466E-13  4.944E+01  7.011E-13  3.466E-13  4.944E+01  0.000E+00  3.527E-17  0.000E+00
   2.291E+01  2.345E+01  1.881E-11  1.244E-11  6.616E+01  1.881E-11  1.244E-11  6.616E+01  0.000E+00  4.898E-16  0.000E+00
   2.399E+01  2.455E+01  6.253E-11  3.177E-11  5.080E+01  6.253E-11  3.177E-11  5.080E+01  7.432E-29  1.301E-15  0.000E+00
   2.512E+01  2.571E+01  1.589E-12  1.071E-12  6.742E+01  1.587E-12  1.071E-12  6.750E+01  7.291E-22  1.812E-15  0.000E+00
   2.630E+01  2.692E+01  9.972E-12  3.948E-12  3.959E+01  9.971E-12  3.948E-12  3.959E+01  1.196E-20  1.500E-15  0.000E+00
   2.754E+01  2.819E+01  1.643E-10  5.378E-11  3.274E+01  1.643E-10  5.378E-11  3.274E+01  1.029E-17  6.612E-16  0.000E+00
   2.884E+01  2.952E+01  7.240E-11  3.441E-11  4.753E+01  7.240E-11  3.441E-11  4.753E+01  1.555E-18  2.547E-15  0.000E+00
   3.020E+01  3.091E+01  2.547E-10  1.078E-10  4.231E+01  2.547E-10  1.078E-10  4.231E+01  2.876E-17  7.777E-16  0.000E+00
   3.162E+01  3.237E+01  2.744E-10  8.744E-11  3.187E+01  2.744E-10  8.744E-11  3.187E+01  2.329E-16  2.203E-15  0.000E+00
   3.311E+01  3.389E+01  9.981E-11  2.954E-11  2.960E+01  9.981E-11  2.954E-11  2.960E+01  8.266E-16  3.172E-15  0.000E+00
   3.467E+01  3.549E+01  2.599E-10  7.771E-11  2.990E+01  2.599E-10  7.771E-11  2.991E+01  1.026E-14  5.613E-15  0.000E+00
   3.631E+01  3.716E+01  4.556E-10  1.068E-10  2.343E+01  4.555E-10  1.068E-10  2.344E+01  1.424E-13  4.517E-15  0.000E+00
   3.802E+01  3.891E+01  1.013E-09  2.784E-10  2.747E+01  1.013E-09  2.784E-10  2.750E+01  9.624E-13  9.152E-15  0.000E+00
   3.981E+01  4.075E+01  1.059E-09  3.216E-10  3.037E+01  1.058E-09  3.216E-10  3.039E+01  5.713E-13  6.703E-15  0.000E+00
   4.169E+01  4.267E+01  2.208E-09  4.861E-10  2.201E+01  2.205E-09  4.860E-10  2.205E+01  3.751E-12  6.625E-15  0.000E+00
   4.365E+01  4.468E+01  3.566E-09  6.395E-10  1.793E+01  3.562E-09  6.395E-10  1.795E+01  4.665E-12  1.686E-14  0.000E+00
   4.571E+01  4.679E+01  3.084E-09  5.844E-10  1.895E+01  3.075E-09  5.844E-10  1.901E+01  9.678E-12  2.964E-14  0.000E+00
   4.786E+01  4.899E+01  3.564E-09  8.139E-10  2.284E+01  3.534E-09  8.139E-10  2.303E+01  2.932E-11  3.826E-14  0.000E+00
   5.012E+01  5.130E+01  6.764E-09  9.722E-10  1.437E+01  6.724E-09  9.722E-10  1.446E+01  3.928E-11  5.250E-14  0.000E+00
   5.248E+01  5.372E+01  3.685E-09  4.574E-10  1.241E+01  3.580E-09  4.573E-10  1.277E+01  1.049E-10  1.612E-13  0.000E+00
   5.495E+01  5.625E+01  1.049E-08  1.028E-09  9.802E+00  1.031E-08  1.028E-09  9.973E+00  1.801E-10  2.399E-13  0.000E+00
   5.754E+01  5.890E+01  1.272E-08  1.039E-09  8.172E+00  1.238E-08  1.039E-09  8.391E+00  3.335E-10  2.570E-13  0.000E+00
   6.026E+01  6.168E+01  1.698E-08  1.196E-09  7.041E+00  1.651E-08  1.196E-09  7.243E+00  4.758E-10  4.379E-13  0.000E+00
   6.310E+01  6.458E+01  2.619E-08  1.414E-09  5.401E+00  2.502E-08  1.414E-09  5.650E+00  1.162E-09  4.763E-13  0.000E+00
   6.607E+01  6.763E+01  3.098E-08  1.397E-09  4.511E+00  2.929E-08  1.397E-09  4.769E+00  1.681E-09  6.518E-12  0.000E+00
   6.918E+01  7.081E+01  4.254E-08  1.506E-09  3.539E+00  4.034E-08  1.505E-09  3.730E+00  2.197E-09  2.477E-13  0.000E+00
   7.244E+01  7.415E+01  5.901E-08  1.667E-09  2.824E+00  5.627E-08  1.666E-09  2.960E+00  2.740E-09  3.268E-13  0.000E+00
   7.586E+01  7.765E+01  7.462E-08  1.887E-09  2.529E+00  7.131E-08  1.886E-09  2.645E+00  3.301E-09  6.537E-12  0.000E+00
   7.943E+01  8.130E+01  1.047E-07  1.911E-09  1.826E+00  9.957E-08  1.909E-09  1.917E+00  5.134E-09  6.796E-14  0.000E+00
   8.318E+01  8.514E+01  1.361E-07  2.249E-09  1.652E+00  1.245E-07  2.246E-09  1.803E+00  1.157E-08  8.397E-14  0.000E+00
   8.710E+01  8.915E+01  1.702E-07  2.407E-09  1.414E+00  1.568E-07  2.403E-09  1.532E+00  1.343E-08  8.824E-14  0.000E+00
   9.120E+01  9.335E+01  2.191E-07  2.551E-09  1.164E+00  2.043E-07  2.545E-09  1.246E+00  1.482E-08  1.081E-13  0.000E+00
   9.550E+01  9.775E+01  2.587E-07  2.545E-09  9.838E-01  2.426E-07  2.537E-09  1.046E+00  1.612E-08  1.198E-13  0.000E+00
   1.000E+02  1.024E+02  3.048E-07  3.923E-09  1.287E+00  2.865E-07  3.908E-09  1.364E+00  1.836E-08  1.410E-13  0.000E+00
   1.047E+02  1.072E+02  3.727E-07  4.325E-09  1.161E+00  3.512E-07  4.308E-09  1.227E+00  2.152E-08  1.605E-13  0.000E+00
   1.096E+02  1.122E+02  4.246E-07  4.445E-09  1.047E+00  3.997E-07  4.425E-09  1.107E+00  2.490E-08  1.615E-13  0.000E+00
   1.148E+02  1.175E+02  5.214E-07  5.053E-09  9.692E-01  4.903E-07  5.030E-09  1.026E+00  3.107E-08  1.833E-13  0.000E+00
   1.202E+02  1.231E+02  8.374E-07  5.192E-09  6.201E-01  5.351E-07  5.095E-09  9.521E-01  3.023E-07  1.921E-13  0.000E+00
   1.259E+02  1.289E+02  5.967E-07  5.127E-09  8.593E-01  5.932E-07  5.105E-09  8.607E-01  3.498E-09  1.975E-13  0.000E+00
   1.318E+02  1.349E+02  7.053E-07  5.623E-09  7.974E-01  6.659E-07  5.590E-09  8.395E-01  3.939E-08  2.208E-13  0.000E+00
   1.380E+02  1.413E+02  7.011E-07  5.690E-09  8.116E-01  7.011E-07  5.663E-09  8.078E-01  1.252E-11  2.324E-13  0.000E+00
   1.445E+02  1.480E+02  7.342E-07  5.763E-09  7.850E-01  7.342E-07  5.734E-09  7.810E-01  2.119E-11  2.639E-13  0.000E+00
   1.514E+02  1.549E+02  8.540E-07  5.958E-09  6.977E-01  8.540E-07  5.920E-09  6.932E-01  1.797E-11  2.705E-13  0.000E+00
   1.585E+02  1.622E+02  8.063E-07  5.970E-09  7.404E-01  8.063E-07  5.936E-09  7.362E-01  1.752E-11  2.884E-13  0.000E+00
   1.660E+02  1.699E+02  8.609E-07  6.145E-09  7.139E-01  8.609E-07  6.108E-09  7.095E-01  7.986E-12  3.101E-13  0.000E+00
   1.738E+02  1.779E+02  8.896E-07  6.238E-09  7.012E-01  8.896E-07  6.198E-09  6.968E-01  1.194E-11  3.231E-13  0.000E+00
   1.820E+02  1.863E+02  8.821E-07  6.110E-09  6.926E-01  8.821E-07  6.070E-09  6.882E-01  2.132E-11  3.175E-13  0.000E+00
   1.905E+02  1.950E+02  9.621E-07  6.310E-09  6.558E-01  9.621E-07  6.264E-09  6.511E-01  7.499E-12  3.152E-13  0.000E+00
   1.995E+02  2.042E+02  1.068E-06  6.591E-09  6.172E-01  1.068E-06  6.538E-09  6.121E-01  2.271E-11  3.134E-13  0.000E+00
   2.089E+02  2.139E+02  1.108E-06  6.654E-09  6.004E-01  1.108E-06  6.596E-09  5.953E-01  1.801E-11  3.333E-13  0.000E+00
   2.188E+02  2.239E+02  1.107E-06  6.562E-09  5.928E-01  1.107E-06  6.504E-09  5.876E-01  1.531E-11  3.155E-13  0.000E+00
   2.291E+02  2.345E+02  1.097E-06  6.485E-09  5.911E-01  1.097E-06  6.428E-09  5.858E-01  2.489E-11  3.181E-13  0.000E+00
   2.399E+02  2.455E+02  1.075E-06  6.413E-09  5.964E-01  1.075E-06  6.357E-09  5.912E-01  2.119E-11  3.178E-13  0.000E+00
   2.512E+02  2.571E+02  1.029E-06  6.213E-09  6.037E-01  1.029E-06  6.160E-09  5.986E-01  1.013E-11  3.050E-13  0.000E+00
   2.630E+02  2.692E+02  1.019E-06  6.129E-09  6.013E-01  1.019E-06  6.077E-09  5.961E-01  2.084E-11  3.325E-13  0.000E+00
   2.754E+02  2.819E+02  9.617E-07  5.973E-09  6.211E-01  9.617E-07  5.925E-09  6.161E-01  9.239E-12  3.191E-13  0.000E+00
   2.884E+02  2.952E+02  9.413E-07  5.907E-09  6.276E-01  9.413E-07  5.861E-09  6.226E-01  1.110E-11  3.169E-13  0.000E+00
   3.020E+02  3.091E+02  9.114E-07  5.761E-09  6.321E-01  9.114E-07  5.716E-09  6.272E-01  4.811E-12  3.159E-13  0.000E+00
   3.162E+02  3.237E+02  9.144E-07  5.832E-09  6.378E-01  9.144E-07  5.788E-09  6.330E-01  1.489E-11  3.305E-13  0.000E+00
   3.311E+02  3.389E+02  8.825E-07  5.649E-09  6.401E-01  8.825E-07  5.606E-09  6.352E-01  3.114E-11  3.333E-13  0.000E+00
   3.467E+02  3.549E+02  8.634E-07  5.569E-09  6.451E-01  8.633E-07  5.528E-09  6.403E-01  2.501E-11  3.465E-13  0.000E+00
   3.631E+02  3.716E+02  8.562E-07  5.531E-09  6.461E-01  8.561E-07  5.490E-09  6.413E-01  1.718E-11  3.471E-13  0.000E+00
   3.802E+02  3.891E+02  8.467E-07  5.487E-09  6.481E-01  8.467E-07  5.447E-09  6.433E-01  8.916E-12  3.587E-13  0.000E+00
   3.981E+02  4.075E+02  8.188E-07  5.338E-09  6.519E-01  8.188E-07  5.299E-09  6.471E-01  8.395E-12  3.500E-13  0.000E+00
   4.169E+02  4.267E+02  8.251E-07  5.327E-09  6.457E-01  8.251E-07  5.288E-09  6.409E-01  2.617E-11  3.747E-13  0.000E+00
   4.365E+02  4.468E+02  8.170E-07  5.295E-09  6.481E-01  8.170E-07  5.256E-09  6.433E-01  1.484E-11  3.793E-13  0.000E+00
   4.571E+02  4.679E+02  8.237E-07  5.267E-09  6.394E-01  8.237E-07  5.227E-09  6.346E-01  9.075E-12  3.970E-13  0.000E+00
   4.786E+02  4.899E+02  8.379E-07  5.259E-09  6.277E-01  8.379E-07  5.218E-09  6.227E-01  6.144E-12  4.061E-13  0.000E+00
   5.012E+02  5.130E+02  1.582E-06  7.866E-09  4.972E-01  1.582E-06  7.767E-09  4.910E-01  5.512E-12  1.091E-12  0.000E+00
   5.248E+02  5.372E+02  3.211E-07  2.230E-09  6.947E-01  3.210E-07  2.216E-09  6.903E-01  1.247E-11  1.186E-14  0.000E+00
   5.495E+02  5.625E+02  3.191E-07  2.213E-09  6.934E-01  3.191E-07  2.198E-09  6.890E-01  3.013E-11  1.193E-14  0.000E+00
   5.754E+02  5.890E+02  3.201E-07  2.182E-09  6.816E-01  3.201E-07  2.167E-09  6.771E-01  7.011E-12  1.077E-14  0.000E+00
   6.026E+02  6.168E+02  3.103E-07  2.100E-09  6.768E-01  3.103E-07  2.086E-09  6.722E-01  4.504E-12  1.036E-14  0.000E+00
   6.310E+02  6.458E+02  3.060E-07  2.077E-09  6.788E-01  3.060E-07  2.063E-09  6.742E-01  9.294E-12  1.056E-14  0.000E+00
   6.607E+02  6.763E+02  3.020E-07  2.013E-09  6.665E-01  3.020E-07  1.999E-09  6.619E-01  6.879E-12  1.037E-14  0.000E+00
   6.918E+02  7.081E+02  3.036E-07  1.992E-09  6.561E-01  3.033E-07  1.977E-09  6.519E-01  2.504E-10  9.956E-15  0.000E+00
   7.244E+02  7.415E+02  3.317E-07  2.095E-09  6.316E-01  3.317E-07  2.079E-09  6.267E-01  0.000E+00  1.114E-14  0.000E+00
   7.586E+02  7.765E+02  3.241E-07  2.102E-09  6.486E-01  3.241E-07  2.087E-09  6.438E-01  0.000E+00  1.222E-14  0.000E+00
   7.943E+02  8.130E+02  3.182E-07  1.894E-09  5.953E-01  3.182E-07  1.877E-09  5.901E-01  0.000E+00  1.042E-14  0.000E+00
   8.318E+02  8.514E+02  7.435E-06  1.326E-08  1.784E-01  7.435E-06  1.190E-08  1.601E-01  0.000E+00  1.125E-14  0.000E+00
   8.710E+02  8.915E+02  1.215E-07  1.131E-09  9.305E-01  1.215E-07  1.127E-09  9.272E-01  0.000E+00  1.103E-14  0.000E+00
   9.120E+02  9.335E+02  1.200E-07  1.079E-09  8.992E-01  1.200E-07  1.075E-09  8.958E-01  0.000E+00  1.111E-14  0.000E+00
   9.550E+02  9.775E+02  2.153E-07  1.940E-09  9.008E-01  2.153E-07  1.932E-09  8.974E-01  0.000E+00  1.078E-14  0.000E+00
   1.000E+03  1.024E+03  1.003E-06  4.807E-09  4.795E-01  1.003E-06  4.742E-09  4.730E-01  0.000E+00  1.113E-14  0.000E+00
   1.047E+03  1.072E+03  9.831E-08  9.331E-10  9.492E-01  9.831E-08  9.299E-10  9.459E-01  0.000E+00  1.031E-14  0.000E+00
   1.096E+03  1.122E+03  1.058E-07  1.008E-09  9.528E-01  1.058E-07  1.005E-09  9.495E-01  0.000E+00  1.155E-14  0.000E+00
   1.148E+03  1.175E+03  2.281E-07  1.931E-09  8.465E-01  2.281E-07  1.923E-09  8.429E-01  0.000E+00  9.297E-13  0.000E+00
   1.202E+03  1.231E+03  3.731E-06  8.320E-09  2.230E-01  3.731E-06  7.786E-09  2.087E-01  0.000E+00  7.804E-17  0.000E+00
   1.259E+03  1.289E+03  2.743E-08  4.393E-10  1.601E+00  2.743E-08  4.387E-10  1.599E+00  0.000E+00  3.050E-17  0.000E+00
   1.318E+03  1.349E+03  2.487E-07  2.140E-09  8.606E-01  2.487E-07  2.131E-09  8.570E-01  0.000E+00  1.798E-16  0.000E+00
   1.380E+03  1.413E+03  3.286E-08  5.772E-10  1.756E+00  3.286E-08  5.766E-10  1.755E+00  0.000E+00  2.993E-18  0.000E+00
   1.445E+03  1.480E+03  2.661E-08  4.583E-10  1.722E+00  2.661E-08  4.579E-10  1.721E+00  0.000E+00  6.137E-15  0.000E+00
   1.514E+03  1.549E+03  2.417E-08  3.549E-10  1.468E+00  2.417E-08  3.543E-10  1.466E+00  0.000E+00  5.684E-20  0.000E+00
   1.585E+03  1.622E+03  2.482E-08  3.992E-10  1.608E+00  2.482E-08  3.987E-10  1.606E+00  0.000E+00  1.429E-19  0.000E+00
   1.660E+03  1.699E+03  2.235E-08  3.414E-10  1.528E+00  2.235E-08  3.410E-10  1.526E+00  0.000E+00  0.000E+00  0.000E+00
   1.738E+03  1.779E+03  6.728E-07  3.153E-09  4.686E-01  6.728E-07  3.108E-09  4.620E-01  0.000E+00  7.083E-19  0.000E+00
   1.820E+03  1.863E+03  1.338E-08  2.447E-10  1.829E+00  1.338E-08  2.444E-10  1.827E+00  0.000E+00  2.672E-18  0.000E+00
   1.905E+03  1.950E+03  4.066E-08  6.746E-10  1.659E+00  4.066E-08  6.738E-10  1.657E+00  0.000E+00  0.000E+00  0.000E+00
   1.995E+03  2.042E+03  4.004E-07  2.304E-09  5.754E-01  4.004E-07  2.282E-09  5.700E-01  0.000E+00  1.287E-18  0.000E+00
   2.089E+03  2.139E+03  2.058E-08  4.415E-10  2.146E+00  2.058E-08  4.412E-10  2.144E+00  0.000E+00  2.615E-19  0.000E+00
   2.188E+03  2.239E+03  2.283E-08  4.810E-10  2.107E+00  2.283E-08  4.806E-10  2.105E+00  0.000E+00  3.795E-19  0.000E+00
   2.291E+03  2.345E+03  9.369E-09  2.203E-10  2.351E+00  9.369E-09  2.202E-10  2.350E+00  0.000E+00  5.820E-18  0.000E+00
   2.399E+03  2.455E+03  7.273E-09  1.587E-10  2.182E+00  7.273E-09  1.586E-10  2.181E+00  0.000E+00  1.007E-20  0.000E+00
   2.512E+03  2.571E+03  5.017E-07  2.326E-09  4.637E-01  5.017E-07  2.293E-09  4.570E-01  0.000E+00  0.000E+00  0.000E+00
   2.630E+03  2.692E+03  2.960E-09  9.518E-11  3.216E+00  2.960E-09  9.516E-11  3.215E+00  0.000E+00  2.839E-16  0.000E+00
   2.754E+03  2.819E+03  2.501E-09  8.531E-11  3.411E+00  2.501E-09  8.529E-11  3.410E+00  0.000E+00  0.000E+00  0.000E+00
   2.884E+03  2.952E+03  2.906E-08  5.162E-10  1.776E+00  2.906E-08  5.157E-10  1.775E+00  0.000E+00  0.000E+00  0.000E+00
   3.020E+03  3.091E+03  2.616E-09  8.434E-11  3.224E+00  2.616E-09  8.432E-11  3.223E+00  0.000E+00  0.000E+00  0.000E+00
   3.162E+03  3.237E+03  2.982E-07  1.625E-09  5.449E-01  2.982E-07  1.608E-09  5.392E-01  0.000E+00  4.818E-17  0.000E+00
   3.311E+03  3.389E+03  2.042E-08  4.230E-10  2.071E+00  2.042E-08  4.227E-10  2.070E+00  0.000E+00  0.000E+00  0.000E+00
   3.467E+03  3.549E+03  5.004E-09  2.053E-10  4.102E+00  5.004E-09  2.052E-10  4.101E+00  0.000E+00  0.000E+00  0.000E+00
   3.631E+03  3.716E+03  1.000E-30  1.000E-90  0.000E+00  0.000E+00  0.000E+00  0.000E+00  0.000E+00  0.000E+00  0.000E+00
   3.802E+03  3.891E+03  1.000E-30  1.000E-90  0.000E+00  0.000E+00  0.000E+00  0.000E+00  0.000E+00  0.000E+00  0.000E+00
   3.981E+03  4.075E+03  1.000E-30  1.000E-90  0.000E+00  0.000E+00  0.000E+00  0.000E+00  0.000E+00  0.000E+00  0.000E+00
   4.169E+03  4.267E+03  1.000E-30  1.000E-90  0.000E+00  0.000E+00  0.000E+00  0.000E+00  0.000E+00  0.000E+00  0.000E+00
   4.365E+03  4.468E+03  1.000E-30  1.000E-90  0.000E+00  0.000E+00  0.000E+00  0.000E+00  0.000E+00  0.000E+00  0.000E+00
   4.571E+03  4.679E+03  1.000E-30  1.000E-90  0.000E+00  0.000E+00  0.000E+00  0.000E+00  0.000E+00  0.000E+00  0.000E+00
   4.786E+03  4.899E+03  1.000E-30  1.000E-90  0.000E+00  0.000E+00  0.000E+00  0.000E+00  0.000E+00  0.000E+00  0.000E+00
   5.012E+03  5.025E+05  1.000E-30  1.000E-90  0.000E+00  0.000E+00  0.000E+00  0.000E+00  0.000E+00  0.000E+00  0.000E+00
      1.096E-02     0.000E+00     0.000E+00     0.000E+00
      1.202E-02     0.000E+00     0.000E+00     0.000E+00
      1.318E-02     0.000E+00     0.000E+00     0.000E+00
      1.445E-02     0.000E+00     0.000E+00     0.000E+00
      1.585E-02     0.000E+00     0.000E+00     0.000E+00
      1.738E-02     0.000E+00     0.000E+00     0.000E+00
      1.905E-02     0.000E+00     0.000E+00     0.000E+00
      2.089E-02     0.000E+00     0.000E+00     0.000E+00
      2.291E-02     0.000E+00     0.000E+00     0.000E+00
      2.512E-02     0.000E+00     0.000E+00     0.000E+00
      2.754E-02     0.000E+00     0.000E+00     0.000E+00
      3.020E-02     0.000E+00     0.000E+00     0.000E+00
      3.311E-02     0.000E+00     0.000E+00     0.000E+00
      3.631E-02     0.000E+00     0.000E+00     0.000E+00
      3.981E-02     0.000E+00     0.000E+00     0.000E+00
      4.365E-02     0.000E+00     0.000E+00     0.000E+00
      4.786E-02     0.000E+00     0.000E+00     0.000E+00
      5.248E-02     0.000E+00     0.000E+00     0.000E+00
      5.754E-02     0.000E+00     0.000E+00     0.000E+00
      6.310E-02     0.000E+00     0.000E+00     0.000E+00
      6.918E-02     0.000E+00     0.000E+00     0.000E+00
      7.586E-02     0.000E+00     0.000E+00     0.000E+00
      8.318E-02     0.000E+00     0.000E+00     0.000E+00
      9.120E-02     0.000E+00     0.000E+00     0.000E+00
      1.000E-01     0.000E+00     0.000E+00     0.000E+00
      1.096E-01     0.000E+00     0.000E+00     0.000E+00
      1.202E-01     0.000E+00     0.000E+00     0.000E+00
      1.318E-01     0.000E+00     0.000E+00     0.000E+00
      1.445E-01     0.000E+00     0.000E+00     0.000E+00
      1.585E-01     0.000E+00     0.000E+00     0.000E+00
      1.738E-01     3.003E-33     2.065E-29     6.877E+05
      1.905E-01     2.877E-32     0.000E+00     0.000E+00
      2.089E-01     4.818E-31     0.000E+00     0.000E+00
      2.291E-01     4.391E-30     3.511E-28     7.995E+03
      2.512E-01     2.694E-33     2.363E-29     8.772E+05
      2.754E-01     3.736E-11     0.000E+00     0.000E+00
      3.020E-01     9.650E-31     1.856E-22     1.923E+10
      3.311E-01     3.260E-30     4.122E-21     1.264E+11
      3.631E-01     1.422E-20     0.000E+00     0.000E+00
      3.981E-01     1.017E-30     8.590E-22     8.449E+10
      4.365E-01     3.459E-30     5.434E-23     1.571E+09
      4.786E-01     3.182E-31     1.900E-17     5.972E+15
      5.248E-01     5.628E-12     0.000E+00     0.000E+00
      5.754E-01     3.193E-28     4.807E-21     1.505E+09
      6.310E-01     5.132E-29     4.700E-15     9.159E+15
      6.918E-01     2.753E-27     3.294E-30     1.196E-01
      7.586E-01     9.638E-28     9.444E-30     9.799E-01
      8.318E-01     1.319E-12     0.000E+00     0.000E+00
      9.120E-01     1.525E-29     4.942E-30     3.241E+01
