   0.000E+00  5.000E-01  1.000E-30  1.000E-90  0.000E+00  0.000E+00  0.000E+00  0.000E+00  0.000E+00  0.000E+00  0.000E+00
   1.000E+00  1.024E+00  1.000E-30  8.261E-33  1.017E+01  7.153E-32  8.114E-33  1.134E+01  9.668E-33  3.983E-38  0.000E+00
   1.047E+00  1.072E+00  1.000E-30  1.000E-90  0.000E+00  0.000E+00  0.000E+00  0.000E+00  0.000E+00  0.000E+00  0.000E+00
   1.096E+00  1.122E+00  1.000E-30  1.000E-90  0.000E+00  0.000E+00  0.000E+00  0.000E+00  0.000E+00  0.000E+00  0.000E+00
   1.148E+00  1.175E+00  1.000E-30  1.000E-90  0.000E+00  0.000E+00  0.000E+00  0.000E+00  0.000E+00  0.000E+00  0.000E+00
   1.202E+00  1.231E+00  5.391E-30  7.599E-32  1.410E+00  5.124E-30  7.561E-32  1.476E+00  2.664E-31  1.046E-35  0.000E+00
   1.259E+00  1.289E+00  1.000E-30  1.000E-90  0.000E+00  0.000E+00  0.000E+00  0.000E+00  0.000E+00  0.000E+00  0.000E+00
   1.318E+00  1.349E+00  1.000E-30  1.000E-90  0.000E+00  0.000E+00  0.000E+00  0.000E+00  0.000E+00  0.000E+00  0.000E+00
   1.380E+00  1.413E+00  1.000E-30  1.000E-90  0.000E+00  0.000E+00  0.000E+00  0.000E+00  0.000E+00  0.000E+00  0.000E+00
   1.445E+00  1.480E+00  1.096E-29  5.646E-30  5.153E+01  1.090E-29  5.646E-30  5.182E+01  6.135E-32  2.184E-36  0.000E+00
   1.514E+00  1.549E+00  1.000E-30  1.000E-90  0.000E+00  0.000E+00  0.000E+00  0.000E+00  0.000E+00  0.000E+00  0.000E+00
   1.585E+00  1.622E+00  1.000E-30  1.000E-90  0.000E+00  0.000E+00  0.000E+00  0.000E+00  0.000E+00  0.000E+00  0.000E+00
   1.660E+00  1.699E+00  1.000E-30  1.350E-32  3.328E+01  3.725E-32  1.349E-32  3.620E+01  3.299E-33  5.616E-39  0.000E+00
   1.738E+00  1.779E+00  7.478E-22  2.053E-22  2.746E+01  7.227E-22  2.051E-22  2.838E+01  2.508E-23  2.085E-27  0.000E+00
   1.820E+00  1.863E+00  1.000E-30  1.000E-90  0.000E+00  0.000E+00  0.000E+00  0.000E+00  0.000E+00  0.000E+00  0.000E+00
   1.905E+00  1.950E+00  1.000E-30  2.919E-39  6.750E+01  0.000E+00  0.000E+00  0.000E+00  0.000E+00  4.325E-39  0.000E+00
   1.995E+00  2.042E+00  8.023E-21  3.156E-21  3.934E+01  5.658E-21  2.881E-21  5.092E+01  2.365E-21  1.890E-25  0.000E+00
   2.089E+00  2.139E+00  1.000E-30  1.000E-90  0.000E+00  0.000E+00  0.000E+00  0.000E+00  0.000E+00  0.000E+00  0.000E+00
   2.188E+00  2.239E+00  1.000E-30  1.000E-90  0.000E+00  0.000E+00  0.000E+00  0.000E+00  0.000E+00  0.000E+00  0.000E+00
   2.291E+00  2.345E+00  4.812E-16  1.045E-16  2.171E+01  4.248E-16  1.040E-16  2.448E+01  5.638E-17  5.180E-22  0.000E+00
   2.399E+00  2.455E+00  1.000E-30  4.832E-38  6.750E+01  0.000E+00  0.000E+00  0.000E+00  0.000E+00  7.159E-38  0.000E+00
   2.512E+00  2.571E+00  2.330E-16  1.234E-16  5.298E+01  4.136E-17  1.862E-17  4.502E+01  1.916E-16  6.514E-22  0.000E+00
   2.630E+00  2.692E+00  1.000E-30  5.206E-32  6.750E+01  7.713E-32  5.206E-32  6.750E+01  0.000E+00  0.000E+00  0.000E+00
   2.754E+00  2.819E+00  1.000E-30  4.590E-36  6.747E+01  6.803E-36  4.590E-36  6.747E+01  0.000E+00  0.000E+00  0.000E+00
   2.884E+00  2.952E+00  2.969E-14  7.640E-15  2.573E+01  2.901E-14  7.638E-15  2.633E+01  6.797E-16  4.915E-20  0.000E+00
   3.020E+00  3.091E+00  3.950E-30  2.666E-30  6.750E+01  3.950E-30  2.666E-30  6.750E+01  0.000E+00  2.729E-39  0.000E+00
   3.162E+00  3.237E+00  1.000E-30  3.666E-38  6.750E+01  0.000E+00  0.000E+00  0.000E+00  0.000E+00  5.431E-38  0.000E+00
   3.311E+00  3.389E+00  2.710E-16  1.239E-16  4.572E+01  2.573E-16  1.238E-16  4.813E+01  1.369E-17  2.981E-20  0.000E+00
   3.467E+00  3.549E+00  1.000E-30  6.469E-37  6.750E+01  0.000E+00  0.000E+00  0.000E+00  0.000E+00  9.584E-37  0.000E+00
   3.631E+00  3.716E+00  5.503E-15  1.983E-15  3.604E+01  4.886E-15  1.976E-15  4.044E+01  6.176E-16  8.798E-20  0.000E+00
   3.802E+00  3.891E+00  5.807E-24  3.920E-24  6.750E+01  9.351E-31  6.312E-31  6.750E+01  0.000E+00  5.807E-24  0.000E+00
   3.981E+00  4.075E+00  1.361E-30  9.187E-31  6.750E+01  1.361E-30  9.187E-31  6.750E+01  0.000E+00  5.911E-40  0.000E+00
   4.169E+00  4.267E+00  1.000E-30  9.685E-37  6.750E+01  0.000E+00  0.000E+00  0.000E+00  0.000E+00  1.435E-36  0.000E+00
   4.365E+00  4.468E+00  4.708E-18  1.225E-18  2.601E+01  3.231E-18  7.792E-19  2.411E+01  1.476E-18  6.338E-24  0.000E+00
   4.571E+00  4.679E+00  1.000E-30  6.662E-37  6.750E+01  0.000E+00  0.000E+00  0.000E+00  0.000E+00  9.869E-37  0.000E+00
   4.786E+00  4.899E+00  5.583E-26  3.769E-26  6.750E+01  5.583E-26  3.769E-26  6.750E+01  1.576E-33  4.701E-38  0.000E+00
   5.012E+00  5.130E+00  1.000E-30  1.000E-90  0.000E+00  0.000E+00  0.000E+00  0.000E+00  0.000E+00  0.000E+00  0.000E+00
   5.248E+00  5.372E+00  3.850E-14  1.331E-14  3.457E+01  3.813E-14  1.331E-14  3.491E+01  3.755E-16  2.329E-21  0.000E+00
   5.495E+00  5.625E+00  5.814E-23  3.925E-23  6.750E+01  5.814E-23  3.925E-23  6.750E+01  0.000E+00  5.827E-36  0.000E+00
   5.754E+00  5.890E+00  1.721E-15  9.036E-16  5.250E+01  1.657E-15  9.029E-16  5.448E+01  6.365E-17  9.392E-23  0.000E+00
   6.026E+00  6.168E+00  9.393E-16  5.681E-16  6.048E+01  1.969E-17  5.336E-18  2.710E+01  9.196E-16  2.692E-23  0.000E+00
   6.310E+00  6.458E+00  3.384E-12  2.882E-13  8.516E+00  3.071E-12  2.856E-13  9.301E+00  3.135E-13  1.668E-17  0.000E+00
   6.607E+00  6.763E+00  1.021E-21  3.527E-22  3.455E+01  3.255E-22  1.728E-22  5.308E+01  6.951E-22  2.542E-25  0.000E+00
   6.918E+00  7.081E+00  1.323E-13  6.282E-14  4.748E+01  1.317E-13  6.282E-14  4.771E+01  5.636E-16  7.569E-17  0.000E+00
   7.244E+00  7.415E+00  7.800E-14  3.159E-14  4.050E+01  5.451E-14  3.013E-14  5.527E+01  2.349E-14  2.243E-19  0.000E+00
   7.586E+00  7.765E+00  1.244E-16  8.397E-17  6.750E+01  1.244E-16  8.397E-17  6.750E+01  0.000E+00  0.000E+00  0.000E+00
   7.943E+00  8.130E+00  1.021E-21  6.893E-22  6.750E+01  1.021E-21  6.893E-22  6.750E+01  0.000E+00  3.399E-36  0.000E+00
   8.318E+00  8.514E+00  1.000E-30  3.626E-31  4.817E+01  7.528E-31  3.626E-31  4.817E+01  0.000E+00  1.319E-36  0.000E+00
   8.710E+00  8.915E+00  1.497E-30  7.144E-31  4.772E+01  1.497E-30  7.144E-31  4.772E+01  0.000E+00  0.000E+00  0.000E+00
   9.120E+00  9.335E+00  2.909E-16  1.537E-16  5.284E+01  2.161E-16  1.452E-16  6.718E+01  0.000E+00  7.479E-17  0.000E+00
   9.550E+00  9.775E+00  1.415E-30  6.756E-31  4.774E+01  1.415E-30  6.756E-31  4.774E+01  0.000E+00  9.369E-37  0.000E+00
   1.000E+01  1.024E+01  3.291E-18  2.140E-18  6.502E+01  1.235E-19  8.335E-20  6.750E+01  0.000E+00  3.168E-18  0.000E+00
   1.047E+01  1.072E+01  2.126E-15  1.421E-15  6.686E+01  2.105E-15  1.421E-15  6.750E+01  0.000E+00  2.013E-17  0.000E+00
   1.096E+01  1.122E+01  1.694E-13  1.138E-13  6.720E+01  1.687E-13  1.138E-13  6.750E+01  0.000E+00  7.435E-16  0.000E+00
   1.148E+01  1.175E+01  1.538E-16  9.529E-17  6.197E+01  7.503E-23  5.065E-23  6.750E+01  0.000E+00  1.538E-16  0.000E+00
   1.202E+01  1.231E+01  1.866E-15  1.155E-15  6.190E+01  1.706E-15  1.151E-15  6.750E+01  0.000E+00  1.600E-16  0.000E+00
   1.259E+01  1.289E+01  4.954E-12  3.298E-12  6.658E+01  4.953E-12  3.298E-12  6.658E+01  8.884E-17  1.603E-16  0.000E+00
   1.318E+01  1.349E+01  3.872E-12  3.493E-13  9.021E+00  3.234E-16  2.183E-16  6.748E+01  3.872E-12  2.828E-36  0.000E+00
   1.380E+01  1.413E+01  2.918E-09  2.412E-11  8.264E-01  1.951E-12  1.078E-12  5.528E+01  2.916E-09  9.299E-16  0.000E+00
   1.445E+01  1.480E+01  8.058E-15  5.269E-15  6.539E+01  7.892E-15  5.268E-15  6.675E+01  0.000E+00  1.654E-16  0.000E+00
   1.514E+01  1.549E+01  1.601E-15  6.119E-16  3.821E+01  6.751E-16  4.557E-16  6.750E+01  0.000E+00  9.263E-16  0.000E+00
   1.585E+01  1.622E+01  1.674E-11  1.002E-11  5.983E+01  1.674E-11  1.002E-11  5.983E+01  0.000E+00  2.608E-16  0.000E+00
   1.660E+01  1.699E+01  1.737E-13  1.170E-13  6.735E+01  1.733E-13  1.170E-13  6.750E+01  0.000E+00  3.904E-16  0.000E+00
   1.738E+01  1.779E+01  1.401E-11  9.455E-12  6.750E+01  1.401E-11  9.455E-12  6.750E+01  0.000E+00  7.861E-16  0.000E+00
   1.820E+01  1.863E+01  5.071E-11  3.423E-11  6.750E+01  5.071E-11  3.423E-11  6.750E+01  0.000E+00  1.258E-16  0.000E+00
   1.905E+01  1.950E+01  3.317E-11  1.802E-11  5.431E+01  3.317E-11  1.802E-11  5.431E+01  0.000E+00  9.687E-16  0.000E+00
   1.995E+01  2.042E+01  3.281E-14  2.024E-14  6.168E+01  2.996E-14  2.021E-14  6.746E+01  0.000E+00  2.853E-15  0.000E+00
   2.089E+01  2.139E+01  1.276E-10  7.377E-11  5.781E+01  1.276E-10  7.377E-11  5.781E+01  0.000E+00  5.160E-15  0.000E+00
   2.188E+01  2.239E+01  5.253E-10  2.348E-10  4.469E+01  5.253E-10  2.348E-10  4.469E+01  0.000E+00  4.552E-15  0.000E+00
   2.291E+01  2.345E+01  3.604E-10  1.815E-10  5.037E+01  3.604E-10  1.815E-10  5.037E+01  0.000E+00  3.654E-15  0.000E+00
   2.399E+01  2.455E+01  6.642E-11  3.217E-11  4.842E+01  6.642E-11  3.217E-11  4.843E+01  0.000E+00  5.087E-15  0.000E+00
   2.512E+01  2.571E+01  1.928E-10  9.836E-11  5.101E+01  1.928E-10  9.836E-11  5.101E+01  0.000E+00  3.122E-15  0.000E+00
   2.630E+01  2.692E+01  6.236E-11  2.579E-11  4.136E+01  6.236E-11  2.579E-11  4.136E+01  0.000E+00  3.606E-15  0.000E+00
   2.754E+01  2.819E+01  2.946E-10  1.759E-10  5.971E+01  2.946E-10  1.759E-10  5.971E+01  6.208E-25  1.567E-15  0.000E+00
   2.884E+01  2.952E+01  1.453E-09  4.876E-10  3.357E+01  1.453E-09  4.876E-10  3.357E+01  5.854E-24  3.459E-15  0.000E+00
   3.020E+01  3.091E+01  1.071E-09  3.440E-10  3.213E+01  1.071E-09  3.440E-10  3.213E+01  1.123E-21  1.343E-15  0.000E+00
   3.162E+01  3.237E+01  6.482E-10  3.052E-10  4.709E+01  6.481E-10  3.052E-10  4.709E+01  5.072E-18  1.355E-14  0.000E+00
   3.311E+01  3.389E+01  1.846E-09  4.350E-10  2.357E+01  1.846E-09  4.350E-10  2.357E+01  8.197E-19  7.658E-15  0.000E+00
   3.467E+01  3.549E+01  1.072E-09  3.692E-10  3.445E+01  1.072E-09  3.692E-10  3.445E+01  9.446E-18  1.504E-14  0.000E+00
   3.631E+01  3.716E+01  1.980E-09  5.205E-10  2.629E+01  1.980E-09  5.205E-10  2.629E+01  1.944E-14  4.925E-15  0.000E+00
   3.802E+01  3.891E+01  1.719E-09  4.424E-10  2.574E+01  1.719E-09  4.424E-10  2.574E+01  4.644E-15  1.312E-14  0.000E+00
   3.981E+01  4.075E+01  3.576E-09  7.692E-10  2.151E+01  3.575E-09  7.692E-10  2.152E+01  1.099E-12  8.655E-15  0.000E+00
   4.169E+01  4.267E+01  3.099E-09  6.650E-10  2.146E+01  3.099E-09  6.650E-10  2.146E+01  4.228E-13  1.456E-14  0.000E+00
   4.365E+01  4.468E+01  4.255E-09  7.759E-10  1.823E+01  4.254E-09  7.759E-10  1.824E+01  8.802E-13  1.886E-14  0.000E+00
   4.571E+01  4.679E+01  5.610E-09  7.807E-10  1.392E+01  5.608E-09  7.807E-10  1.392E+01  1.830E-12  3.072E-14  0.000E+00
   4.786E+01  4.899E+01  8.999E-09  1.175E-09  1.305E+01  8.993E-09  1.175E-09  1.306E+01  5.788E-12  3.978E-14  0.000E+00
   5.012E+01  5.130E+01  7.876E-09  1.063E-09  1.349E+01  7.857E-09  1.063E-09  1.353E+01  1.874E-11  4.612E-14  0.000E+00
   5.248E+01  5.372E+01  9.804E-09  1.041E-09  1.062E+01  9.764E-09  1.041E-09  1.066E+01  3.894E-11  1.702E-13  0.000E+00
   5.495E+01  5.625E+01  1.165E-08  1.259E-09  1.080E+01  1.152E-08  1.259E-09  1.092E+01  1.243E-10  2.545E-13  0.000E+00
   5.754E+01  5.890E+01  1.275E-08  1.279E-09  1.003E+01  1.257E-08  1.279E-09  1.017E+01  1.751E-10  2.640E-13  0.000E+00
   6.026E+01  6.168E+01  1.822E-08  1.610E-09  8.834E+00  1.789E-08  1.610E-09  8.995E+00  3.278E-10  4.646E-13  0.000E+00
   6.310E+01  6.458E+01  2.463E-08  1.664E-09  6.755E+00  2.366E-08  1.664E-09  7.032E+00  9.744E-10  4.525E-13  0.000E+00
   6.607E+01  6.763E+01  2.518E-08  1.651E-09  6.556E+00  2.362E-08  1.651E-09  6.987E+00  1.548E-09  1.217E-11  0.000E+00
   6.918E+01  7.081E+01  3.310E-08  1.884E-09  5.691E+00  3.102E-08  1.884E-09  6.072E+00  2.081E-09  2.274E-13  0.000E+00
   7.244E+01  7.415E+01  3.802E-08  2.011E-09  5.288E+00  3.550E-08  2.010E-09  5.664E+00  2.528E-09  2.969E-13  0.000E+00
   7.586E+01  7.765E+01  4.184E-08  1.802E-09  4.307E+00  3.845E-08  1.802E-09  4.685E+00  3.377E-09  1.144E-11  0.000E+00
   7.943E+01  8.130E+01  4.917E-08  1.899E-09  3.862E+00  4.259E-08  1.898E-09  4.456E+00  6.579E-09  6.605E-14  0.000E+00
   8.318E+01  8.514E+01  7.365E-08  2.087E-09  2.834E+00  5.516E-08  2.085E-09  3.779E+00  1.849E-08  6.789E-14  0.000E+00
   8.710E+01  8.915E+01  8.279E-08  2.260E-09  2.730E+00  6.439E-08  2.258E-09  3.507E+00  1.840E-08  9.084E-14  0.000E+00
   9.120E+01  9.335E+01  8.790E-08  2.214E-09  2.518E+00  6.877E-08  2.211E-09  3.215E+00  1.913E-08  1.005E-13  0.000E+00
   9.550E+01  9.775E+01  1.056E-07  2.495E-09  2.364E+00  8.676E-08  2.493E-09  2.873E+00  1.882E-08  1.012E-13  0.000E+00
   1.000E+02  1.024E+02  1.165E-07  2.685E-09  2.305E+00  9.658E-08  2.674E-09  2.768E+00  1.988E-08  1.153E-13  0.000E+00
   1.047E+02  1.072E+02  1.380E-07  2.906E-09  2.106E+00  1.151E-07  2.894E-09  2.515E+00  2.292E-08  1.209E-13  0.000E+00
   1.096E+02  1.122E+02  1.524E-07  2.871E-09  1.884E+00  1.243E-07  2.856E-09  2.298E+00  2.810E-08  1.366E-13  0.000E+00
   1.148E+02  1.175E+02  1.807E-07  2.933E-09  1.623E+00  1.466E-07  2.915E-09  1.989E+00  3.411E-08  1.378E-13  0.000E+00
   1.202E+02  1.231E+02  8.060E-07  3.409E-09  4.229E-01  1.575E-07  2.932E-09  1.862E+00  6.485E-07  1.434E-13  0.000E+00
   1.259E+02  1.289E+02  1.749E-07  2.946E-09  1.684E+00  1.716E-07  2.942E-09  1.714E+00  3.318E-09  1.646E-13  0.000E+00
   1.318E+02  1.349E+02  2.659E-07  3.048E-09  1.147E+00  1.859E-07  2.981E-09  1.603E+00  7.992E-08  1.737E-13  0.000E+00
   1.380E+02  1.413E+02  1.997E-07  3.205E-09  1.605E+00  1.997E-07  3.201E-09  1.603E+00  1.207E-12  1.876E-13  0.000E+00
   1.445E+02  1.480E+02  2.099E-07  3.054E-09  1.455E+00  2.099E-07  3.049E-09  1.453E+00  8.809E-12  2.037E-13  0.000E+00
   1.514E+02  1.549E+02  2.318E-07  3.270E-09  1.410E+00  2.318E-07  3.264E-09  1.408E+00  7.006E-12  2.132E-13  0.000E+00
   1.585E+02  1.622E+02  2.605E-07  3.477E-09  1.335E+00  2.605E-07  3.471E-09  1.332E+00  5.047E-12  2.287E-13  0.000E+00
   1.660E+02  1.699E+02  2.650E-07  3.322E-09  1.253E+00  2.650E-07  3.314E-09  1.251E+00  4.827E-12  2.493E-13  0.000E+00
   1.738E+02  1.779E+02  2.850E-07  3.380E-09  1.186E+00  2.850E-07  3.372E-09  1.183E+00  1.106E-11  2.587E-13  0.000E+00
   1.820E+02  1.863E+02  2.809E-07  3.440E-09  1.224E+00  2.809E-07  3.432E-09  1.222E+00  9.878E-12  2.641E-13  0.000E+00
   1.905E+02  1.950E+02  3.120E-07  3.475E-09  1.114E+00  3.120E-07  3.465E-09  1.111E+00  1.158E-11  2.447E-13  0.000E+00
   1.995E+02  2.042E+02  3.594E-07  3.484E-09  9.695E-01  3.593E-07  3.471E-09  9.659E-01  9.078E-12  2.563E-13  0.000E+00
   2.089E+02  2.139E+02  3.792E-07  3.511E-09  9.258E-01  3.792E-07  3.497E-09  9.221E-01  1.468E-11  2.796E-13  0.000E+00
   2.188E+02  2.239E+02  3.816E-07  3.524E-09  9.236E-01  3.816E-07  3.510E-09  9.199E-01  8.906E-12  2.715E-13  0.000E+00
   2.291E+02  2.345E+02  3.936E-07  3.561E-09  9.049E-01  3.935E-07  3.547E-09  9.012E-01  1.129E-11  2.864E-13  0.000E+00
   2.399E+02  2.455E+02  3.953E-07  3.551E-09  8.984E-01  3.953E-07  3.536E-09  8.946E-01  1.427E-11  2.951E-13  0.000E+00
   2.512E+02  2.571E+02  3.819E-07  3.499E-09  9.160E-01  3.819E-07  3.484E-09  9.123E-01  9.950E-12  2.979E-13  0.000E+00
   2.630E+02  2.692E+02  3.849E-07  3.506E-09  9.109E-01  3.849E-07  3.492E-09  9.072E-01  8.884E-12  3.155E-13  0.000E+00
   2.754E+02  2.819E+02  3.749E-07  3.476E-09  9.271E-01  3.749E-07  3.462E-09  9.234E-01  1.137E-11  3.219E-13  0.000E+00
   2.884E+02  2.952E+02  3.758E-07  3.458E-09  9.201E-01  3.758E-07  3.444E-09  9.164E-01  2.088E-12  3.290E-13  0.000E+00
   3.020E+02  3.091E+02  3.672E-07  3.391E-09  9.235E-01  3.672E-07  3.378E-09  9.198E-01  4.812E-12  3.363E-13  0.000E+00
   3.162E+02  3.237E+02  3.789E-07  3.449E-09  9.104E-01  3.789E-07  3.435E-09  9.066E-01  7.471E-12  3.541E-13  0.000E+00
   3.311E+02  3.389E+02  3.779E-07  3.444E-09  9.114E-01  3.779E-07  3.430E-09  9.077E-01  3.714E-11  3.469E-13  0.000E+00
   3.467E+02  3.549E+02  3.854E-07  3.458E-09  8.971E-01  3.854E-07  3.443E-09  8.933E-01  1.994E-11  3.822E-13  0.000E+00
   3.631E+02  3.716E+02  3.935E-07  3.494E-09  8.879E-01  3.935E-07  3.479E-09  8.841E-01  1.685E-11  3.867E-13  0.000E+00
   3.802E+02  3.891E+02  3.907E-07  3.430E-09  8.779E-01  3.907E-07  3.414E-09  8.740E-01  3.893E-12  4.116E-13  0.000E+00
   3.981E+02  4.075E+02  4.047E-07  3.459E-09  8.546E-01  4.047E-07  3.442E-09  8.505E-01  2.982E-12  4.186E-13  0.000E+00
   4.169E+02  4.267E+02  4.086E-07  3.440E-09  8.420E-01  4.086E-07  3.424E-09  8.379E-01  4.605E-12  4.436E-13  0.000E+00
   4.365E+02  4.468E+02  4.124E-07  3.418E-09  8.287E-01  4.124E-07  3.401E-09  8.246E-01  6.461E-12  4.674E-13  0.000E+00
   4.571E+02  4.679E+02  4.259E-07  3.416E-09  8.021E-01  4.259E-07  3.398E-09  7.979E-01  4.932E-12  4.769E-13  0.000E+00
   4.786E+02  4.899E+02  4.294E-07  3.408E-09  7.936E-01  4.294E-07  3.389E-09  7.893E-01  7.829E-12  4.872E-13  0.000E+00
   5.012E+02  5.130E+02  1.078E-06  5.600E-09  5.193E-01  1.078E-06  5.528E-09  5.127E-01  1.516E-12  1.355E-12  0.000E+00
   5.248E+02  5.372E+02  7.721E-08  6.492E-10  8.408E-01  7.721E-08  6.460E-10  8.367E-01  2.995E-12  4.011E-15  0.000E+00
   5.495E+02  5.625E+02  7.852E-08  6.412E-10  8.166E-01  7.848E-08  6.379E-10  8.128E-01  3.609E-11  5.184E-15  0.000E+00
   5.754E+02  5.890E+02  7.670E-08  6.203E-10  8.087E-01  7.669E-08  6.170E-10  8.045E-01  4.612E-12  5.045E-15  0.000E+00
   6.026E+02  6.168E+02  7.570E-08  6.043E-10  7.982E-01  7.570E-08  6.010E-10  7.939E-01  5.630E-12  5.006E-15  0.000E+00
   6.310E+02  6.458E+02  7.681E-08  6.039E-10  7.862E-01  7.681E-08  6.005E-10  7.819E-01  4.365E-12  4.053E-15  0.000E+00
   6.607E+02  6.763E+02  7.718E-08  5.888E-10  7.629E-01  7.717E-08  5.853E-10  7.584E-01  4.243E-12  4.608E-15  0.000E+00
   6.918E+02  7.081E+02  7.861E-08  5.882E-10  7.483E-01  7.827E-08  5.843E-10  7.465E-01  3.351E-10  4.399E-15  0.000E+00
   7.244E+02  7.415E+02  8.993E-08  7.776E-10  8.646E-01  8.993E-08  7.740E-10  8.606E-01  0.000E+00  4.515E-15  0.000E+00
   7.586E+02  7.765E+02  9.429E-08  8.231E-10  8.730E-01  9.429E-08  8.194E-10  8.690E-01  0.000E+00  4.730E-15  0.000E+00
   7.943E+02  8.130E+02  7.826E-08  5.547E-10  7.088E-01  7.826E-08  5.509E-10  7.039E-01  0.000E+00  4.755E-15  0.000E+00
   8.318E+02  8.514E+02  5.501E-06  9.140E-09  1.662E-01  5.501E-06  7.923E-09  1.440E-01  0.000E+00  4.635E-15  0.000E+00
   8.710E+02  8.915E+02  3.223E-08  4.053E-10  1.258E+00  3.223E-08  4.044E-10  1.255E+00  0.000E+00  4.962E-15  0.000E+00
   9.120E+02  9.335E+02  2.896E-08  2.988E-10  1.032E+00  2.896E-08  2.978E-10  1.028E+00  0.000E+00  4.475E-15  0.000E+00
   9.550E+02  9.775E+02  1.048E-07  1.182E-09  1.127E+00  1.048E-07  1.179E-09  1.124E+00  0.000E+00  4.534E-15  0.000E+00
   1.000E+03  1.024E+03  6.893E-07  3.284E-09  4.765E-01  6.893E-07  3.234E-09  4.692E-01  0.000E+00  4.787E-15  0.000E+00
   1.047E+03  1.072E+03  2.574E-08  2.997E-10  1.164E+00  2.574E-08  2.990E-10  1.161E+00  0.000E+00  4.663E-15  0.000E+00
   1.096E+03  1.122E+03  2.954E-08  3.969E-10  1.344E+00  2.954E-08  3.961E-10  1.341E+00  0.000E+00  5.232E-15  0.000E+00
   1.148E+03  1.175E+03  1.197E-07  1.203E-09  1.005E+00  1.197E-07  1.199E-09  1.001E+00  0.000E+00  1.111E-12  0.000E+00
   1.202E+03  1.231E+03  2.640E-06  5.574E-09  2.111E-01  2.640E-06  5.127E-09  1.942E-01  0.000E+00  2.837E-17  0.000E+00
   1.259E+03  1.289E+03  7.087E-09  1.518E-10  2.142E+00  7.087E-09  1.517E-10  2.141E+00  0.000E+00  2.184E-17  0.000E+00
   1.318E+03  1.349E+03  1.630E-07  1.412E-09  8.667E-01  1.630E-07  1.406E-09  8.627E-01  0.000E+00  2.805E-17  0.000E+00
   1.380E+03  1.413E+03  1.114E-08  2.868E-10  2.574E+00  1.114E-08  2.867E-10  2.573E+00  0.000E+00  3.570E-17  0.000E+00
   1.445E+03  1.480E+03  7.446E-09  1.894E-10  2.544E+00  7.446E-09  1.893E-10  2.543E+00  0.000E+00  8.756E-15  0.000E+00
   1.514E+03  1.549E+03  5.053E-09  9.122E-11  1.805E+00  5.053E-09  9.113E-11  1.803E+00  0.000E+00  1.957E-20  0.000E+00
   1.585E+03  1.622E+03  6.749E-09  1.627E-10  2.411E+00  6.749E-09  1.626E-10  2.410E+00  0.000E+00  1.702E-21  0.000E+00
   1.660E+03  1.699E+03  5.354E-09  9.226E-11  1.723E+00  5.354E-09  9.215E-11  1.721E+00  0.000E+00  2.312E-20  0.000E+00
   1.738E+03  1.779E+03  4.564E-07  2.075E-09  4.546E-01  4.564E-07  2.040E-09  4.470E-01  0.000E+00  0.000E+00  0.000E+00
   1.820E+03  1.863E+03  2.907E-09  6.210E-11  2.136E+00  2.907E-09  6.205E-11  2.134E+00  0.000E+00  0.000E+00  0.000E+00
   1.905E+03  1.950E+03  2.050E-08  3.992E-10  1.948E+00  2.050E-08  3.989E-10  1.946E+00  0.000E+00  6.227E-20  0.000E+00
   1.995E+03  2.042E+03  2.664E-07  1.497E-09  5.620E-01  2.664E-07  1.481E-09  5.558E-01  0.000E+00  4.929E-18  0.000E+00
   2.089E+03  2.139E+03  9.571E-09  2.631E-10  2.749E+00  9.571E-09  2.630E-10  2.747E+00  0.000E+00  9.261E-17  0.000E+00
   2.188E+03  2.239E+03  1.166E-08  2.828E-10  2.425E+00  1.166E-08  2.827E-10  2.424E+00  0.000E+00  3.022E-18  0.000E+00
   2.291E+03  2.345E+03  3.357E-09  1.255E-10  3.738E+00  3.357E-09  1.254E-10  3.737E+00  0.000E+00  3.106E-18  0.000E+00
   2.399E+03  2.455E+03  1.601E-09  3.913E-11  2.444E+00  1.601E-09  3.911E-11  2.443E+00  0.000E+00  2.668E-19  0.000E+00
   2.512E+03  2.571E+03  3.309E-07  1.490E-09  4.502E-01  3.309E-07  1.464E-09  4.425E-01  0.000E+00  7.756E-18  0.000E+00
   2.630E+03  2.692E+03  5.462E-10  2.008E-11  3.676E+00  5.462E-10  2.007E-11  3.675E+00  0.000E+00  8.779E-16  0.000E+00
   2.754E+03  2.819E+03  5.521E-10  2.128E-11  3.855E+00  5.521E-10  2.128E-11  3.854E+00  0.000E+00  0.000E+00  0.000E+00
   2.884E+03  2.952E+03  1.720E-08  3.159E-10  1.837E+00  1.720E-08  3.156E-10  1.835E+00  0.000E+00  0.000E+00  0.000E+00
   3.020E+03  3.091E+03  5.543E-10  2.000E-11  3.607E+00  5.543E-10  1.999E-11  3.606E+00  0.000E+00  0.000E+00  0.000E+00
   3.162E+03  3.237E+03  1.901E-07  1.015E-09  5.340E-01  1.901E-07  1.003E-09  5.275E-01  0.000E+00  0.000E+00  0.000E+00
   3.311E+03  3.389E+03  1.254E-08  2.565E-10  2.046E+00  1.254E-08  2.563E-10  2.044E+00  0.000E+00  0.000E+00  0.000E+00
   3.467E+03  3.549E+03  2.898E-09  1.223E-10  4.219E+00  2.898E-09  1.223E-10  4.219E+00  0.000E+00  0.000E+00  0.000E+00
   3.631E+03  3.716E+03  1.000E-30  1.000E-90  0.000E+00  0.000E+00  0.000E+00  0.000E+00  0.000E+00  0.000E+00  0.000E+00
   3.802E+03  3.891E+03  1.000E-30  1.000E-90  0.000E+00  0.000E+00  0.000E+00  0.000E+00  0.000E+00  0.000E+00  0.000E+00
   3.981E+03  4.075E+03  1.000E-30  1.000E-90  0.000E+00  0.000E+00  0.000E+00  0.000E+00  0.000E+00  0.000E+00  0.000E+00
   4.169E+03  4.267E+03  1.000E-30  1.000E-90  0.000E+00  0.000E+00  0.000E+00  0.000E+00  0.000E+00  0.000E+00  0.000E+00
   4.365E+03  4.468E+03  1.000E-30  1.000E-90  0.000E+00  0.000E+00  0.000E+00  0.000E+00  0.000E+00  0.000E+00  0.000E+00
   4.571E+03  4.679E+03  1.000E-30  1.000E-90  0.000E+00  0.000E+00  0.000E+00  0.000E+00  0.000E+00  0.000E+00  0.000E+00
   4.786E+03  4.899E+03  1.000E-30  1.000E-90  0.000E+00  0.000E+00  0.000E+00  0.000E+00  0.000E+00  0.000E+00  0.000E+00
   5.012E+03  5.025E+05  1.000E-30  1.000E-90  0.000E+00  0.000E+00  0.000E+00  0.000E+00  0.000E+00  0.000E+00  0.000E+00
      1.096E-02     0.000E+00     0.000E+00     0.000E+00
      1.202E-02     0.000E+00     0.000E+00     0.000E+00
      1.318E-02     0.000E+00     0.000E+00     0.000E+00
      1.445E-02     0.000E+00     0.000E+00     0.000E+00
      1.585E-02     0.000E+00     0.000E+00     0.000E+00
      1.738E-02     0.000E+00     0.000E+00     0.000E+00
      1.905E-02     0.000E+00     0.000E+00     0.000E+00
      2.089E-02     0.000E+00     0.000E+00     0.000E+00
      2.291E-02     0.000E+00     0.000E+00     0.000E+00
      2.512E-02     0.000E+00     0.000E+00     0.000E+00
      2.754E-02     0.000E+00     0.000E+00     0.000E+00
      3.020E-02     0.000E+00     0.000E+00     0.000E+00
      3.311E-02     0.000E+00     0.000E+00     0.000E+00
      3.631E-02     0.000E+00     0.000E+00     0.000E+00
      3.981E-02     0.000E+00     0.000E+00     0.000E+00
      4.365E-02     0.000E+00     0.000E+00     0.000E+00
      4.786E-02     0.000E+00     0.000E+00     0.000E+00
      5.248E-02     0.000E+00     0.000E+00     0.000E+00
      5.754E-02     0.000E+00     0.000E+00     0.000E+00
      6.310E-02     0.000E+00     0.000E+00     0.000E+00
      6.918E-02     0.000E+00     0.000E+00     0.000E+00
      7.586E-02     0.000E+00     0.000E+00     0.000E+00
      8.318E-02     0.000E+00     0.000E+00     0.000E+00
      9.120E-02     0.000E+00     0.000E+00     0.000E+00
      1.000E-01     0.000E+00     0.000E+00     0.000E+00
      1.096E-01     0.000E+00     0.000E+00     0.000E+00
      1.202E-01     0.000E+00     0.000E+00     0.000E+00
      1.318E-01     0.000E+00     0.000E+00     0.000E+00
      1.445E-01     0.000E+00     0.000E+00     0.000E+00
      1.585E-01     0.000E+00     0.000E+00     0.000E+00
      1.738E-01     2.893E-34     4.189E-23     1.448E+13
      1.905E-01     2.747E-33     9.376E-30     3.413E+05
      2.089E-01     6.892E-32     0.000E+00     0.000E+00
      2.291E-01     6.702E-31     1.140E-17     1.701E+15
      2.512E-01     2.547E-34     5.917E-36     2.323E+00
      2.754E-01     1.898E-12     0.000E+00     0.000E+00
      3.020E-01     1.673E-31     0.000E+00     0.000E+00
      3.311E-01     5.409E-31     1.030E-13     1.905E+19
      3.631E-01     2.687E-25     2.902E-22     1.080E+05
      3.981E-01     2.007E-31     6.380E-15     3.179E+18
      4.365E-01     8.670E-30     3.831E-15     4.418E+16
      4.786E-01     7.684E-26     1.856E-12     2.415E+15
      5.248E-01     2.875E-11     0.000E+00     0.000E+00
      5.754E-01     1.293E-28     3.690E-13     2.853E+17
      6.310E-01     4.043E-30     1.772E-13     4.381E+18
      6.918E-01     1.105E-27     4.497E-16     4.068E+13
      7.586E-01     1.679E-28     3.526E-21     2.100E+09
      8.318E-01     1.934E-12     0.000E+00     0.000E+00
      9.120E-01     5.549E-30     3.333E-30     6.006E+01
