   0.000E+00  5.000E-01  1.000E-30  1.000E-90  0.000E+00  0.000E+00  0.000E+00  0.000E+00  0.000E+00  0.000E+00  0.000E+00
   1.000E+00  1.024E+00  8.806E-30  5.874E-30  6.670E+01  8.800E-30  5.874E-30  6.674E+01  5.562E-33  2.716E-37  0.000E+00
   1.047E+00  1.072E+00  1.000E-30  1.000E-90  0.000E+00  0.000E+00  0.000E+00  0.000E+00  0.000E+00  0.000E+00  0.000E+00
   1.096E+00  1.122E+00  1.000E-30  1.000E-90  0.000E+00  0.000E+00  0.000E+00  0.000E+00  0.000E+00  0.000E+00  0.000E+00
   1.148E+00  1.175E+00  1.000E-30  1.000E-90  0.000E+00  0.000E+00  0.000E+00  0.000E+00  0.000E+00  0.000E+00  0.000E+00
   1.202E+00  1.231E+00  1.182E-29  1.548E-31  1.310E+00  1.148E-29  1.543E-31  1.344E+00  3.370E-31  1.521E-35  0.000E+00
   1.259E+00  1.289E+00  1.000E-30  1.000E-90  0.000E+00  0.000E+00  0.000E+00  0.000E+00  0.000E+00  0.000E+00  0.000E+00
   1.318E+00  1.349E+00  1.000E-30  1.000E-90  0.000E+00  0.000E+00  0.000E+00  0.000E+00  0.000E+00  0.000E+00  0.000E+00
   1.380E+00  1.413E+00  1.000E-30  1.000E-90  0.000E+00  0.000E+00  0.000E+00  0.000E+00  0.000E+00  0.000E+00  0.000E+00
   1.445E+00  1.480E+00  1.587E-30  5.216E-32  3.286E+00  1.531E-30  5.204E-32  3.399E+00  5.567E-32  1.729E-36  0.000E+00
   1.514E+00  1.549E+00  1.000E-30  1.000E-90  0.000E+00  0.000E+00  0.000E+00  0.000E+00  0.000E+00  0.000E+00  0.000E+00
   1.585E+00  1.622E+00  1.000E-30  2.380E-36  6.750E+01  0.000E+00  0.000E+00  0.000E+00  0.000E+00  3.527E-36  0.000E+00
   1.660E+00  1.699E+00  1.000E-30  4.177E-33  1.542E+01  2.365E-32  4.133E-33  1.747E+01  3.440E-33  2.734E-38  0.000E+00
   1.738E+00  1.779E+00  8.178E-28  1.067E-28  1.305E+01  7.596E-28  1.058E-28  1.393E+01  5.817E-29  1.683E-33  0.000E+00
   1.820E+00  1.863E+00  1.000E-30  1.000E-90  0.000E+00  0.000E+00  0.000E+00  0.000E+00  0.000E+00  0.000E+00  0.000E+00
   1.905E+00  1.950E+00  2.882E-30  1.945E-30  6.750E+01  2.882E-30  1.945E-30  6.750E+01  0.000E+00  0.000E+00  0.000E+00
   1.995E+00  2.042E+00  1.720E-25  4.409E-26  2.563E+01  1.058E-25  3.022E-26  2.858E+01  6.627E-26  1.016E-29  0.000E+00
   2.089E+00  2.139E+00  1.000E-30  1.718E-36  6.750E+01  0.000E+00  0.000E+00  0.000E+00  0.000E+00  2.545E-36  0.000E+00
   2.188E+00  2.239E+00  1.000E-30  1.000E-90  0.000E+00  0.000E+00  0.000E+00  0.000E+00  0.000E+00  0.000E+00  0.000E+00
   2.291E+00  2.345E+00  1.047E-18  1.888E-19  1.805E+01  8.981E-19  1.836E-19  2.045E+01  1.484E-19  2.394E-24  0.000E+00
   2.399E+00  2.455E+00  1.000E-30  2.617E-39  6.750E+01  3.877E-39  2.617E-39  6.750E+01  0.000E+00  0.000E+00  0.000E+00
   2.512E+00  2.571E+00  5.909E-18  2.806E-18  4.748E+01  5.355E-18  2.794E-18  5.217E+01  5.539E-19  4.929E-23  0.000E+00
   2.630E+00  2.692E+00  1.000E-30  1.000E-90  0.000E+00  0.000E+00  0.000E+00  0.000E+00  0.000E+00  0.000E+00  0.000E+00
   2.754E+00  2.819E+00  1.000E-30  1.000E-90  0.000E+00  0.000E+00  0.000E+00  0.000E+00  0.000E+00  0.000E+00  0.000E+00
   2.884E+00  2.952E+00  1.988E-15  5.413E-16  2.722E+01  1.931E-15  5.407E-16  2.800E+01  5.748E-17  4.599E-21  0.000E+00
   3.020E+00  3.091E+00  1.000E-30  1.000E-90  0.000E+00  0.000E+00  0.000E+00  0.000E+00  0.000E+00  0.000E+00  0.000E+00
   3.162E+00  3.237E+00  1.000E-30  3.774E-35  6.560E+01  5.753E-35  3.774E-35  6.560E+01  0.000E+00  0.000E+00  0.000E+00
   3.311E+00  3.389E+00  1.695E-14  6.270E-15  3.699E+01  1.691E-14  6.270E-15  3.708E+01  4.250E-17  1.836E-21  0.000E+00
   3.467E+00  3.549E+00  1.000E-30  7.159E-37  6.750E+01  0.000E+00  0.000E+00  0.000E+00  0.000E+00  1.061E-36  0.000E+00
   3.631E+00  3.716E+00  1.062E-14  3.491E-15  3.288E+01  1.057E-14  3.491E-15  3.302E+01  4.518E-17  9.056E-22  0.000E+00
   3.802E+00  3.891E+00  1.000E-30  1.000E-90  0.000E+00  0.000E+00  0.000E+00  0.000E+00  0.000E+00  0.000E+00  0.000E+00
   3.981E+00  4.075E+00  1.000E-30  9.143E-39  6.750E+01  0.000E+00  0.000E+00  0.000E+00  0.000E+00  1.355E-38  0.000E+00
   4.169E+00  4.267E+00  2.666E-27  1.800E-27  6.750E+01  0.000E+00  0.000E+00  0.000E+00  0.000E+00  2.666E-27  0.000E+00
   4.365E+00  4.468E+00  6.679E-19  2.883E-19  4.317E+01  6.678E-19  2.883E-19  4.317E+01  7.574E-23  3.948E-26  0.000E+00
   4.571E+00  4.679E+00  1.000E-30  5.181E-34  6.742E+01  0.000E+00  0.000E+00  0.000E+00  0.000E+00  7.685E-34  0.000E+00
   4.786E+00  4.899E+00  4.734E-22  2.998E-22  6.334E+01  4.733E-22  2.998E-22  6.334E+01  1.596E-32  9.143E-27  0.000E+00
   5.012E+00  5.130E+00  1.000E-30  9.519E-37  6.750E+01  0.000E+00  0.000E+00  0.000E+00  0.000E+00  1.410E-36  0.000E+00
   5.248E+00  5.372E+00  8.362E-17  3.765E-17  4.503E+01  8.216E-17  3.764E-17  4.582E+01  1.454E-18  2.276E-22  0.000E+00
   5.495E+00  5.625E+00  1.215E-24  8.199E-25  6.750E+01  1.215E-24  8.199E-25  6.750E+01  0.000E+00  9.977E-37  0.000E+00
   5.754E+00  5.890E+00  2.762E-17  1.635E-17  5.921E+01  2.761E-17  1.635E-17  5.923E+01  7.699E-21  9.728E-22  0.000E+00
   6.026E+00  6.168E+00  3.037E-19  8.328E-20  2.742E+01  3.013E-19  8.327E-20  2.764E+01  2.435E-21  2.776E-24  0.000E+00
   6.310E+00  6.458E+00  1.428E-13  1.932E-14  1.353E+01  1.207E-13  1.867E-14  1.546E+01  2.204E-14  6.542E-19  0.000E+00
   6.607E+00  6.763E+00  4.151E-21  1.977E-21  4.764E+01  1.191E-22  7.792E-23  6.542E+01  4.032E-21  1.644E-25  0.000E+00
   6.918E+00  7.081E+00  3.300E-16  1.014E-16  3.072E+01  2.249E-16  8.763E-17  3.897E+01  1.051E-16  3.324E-22  0.000E+00
   7.244E+00  7.415E+00  3.460E-14  1.691E-14  4.888E+01  3.430E-14  1.691E-14  4.931E+01  3.041E-16  2.912E-20  0.000E+00
   7.586E+00  7.765E+00  1.000E-30  4.242E-31  5.314E+01  7.982E-31  4.242E-31  5.314E+01  0.000E+00  7.228E-37  0.000E+00
   7.943E+00  8.130E+00  6.958E-19  4.697E-19  6.750E+01  6.958E-19  4.697E-19  6.750E+01  0.000E+00  4.048E-36  0.000E+00
   8.318E+00  8.514E+00  2.886E-22  1.948E-22  6.750E+01  1.281E-30  7.354E-31  5.742E+01  0.000E+00  2.886E-22  0.000E+00
   8.710E+00  8.915E+00  1.000E-30  1.729E-31  6.016E+01  2.874E-31  1.729E-31  6.016E+01  0.000E+00  4.806E-39  0.000E+00
   9.120E+00  9.335E+00  2.473E-16  1.669E-16  6.750E+01  1.555E-30  7.449E-31  4.790E+01  0.000E+00  2.473E-16  0.000E+00
   9.550E+00  9.775E+00  5.717E-20  3.859E-20  6.750E+01  2.466E-30  1.208E-30  4.897E+01  0.000E+00  5.717E-20  0.000E+00
   1.000E+01  1.024E+01  1.061E-15  7.162E-16  6.750E+01  1.061E-15  7.162E-16  6.750E+01  0.000E+00  1.302E-27  0.000E+00
   1.047E+01  1.072E+01  6.181E-17  4.111E-17  6.651E+01  9.126E-19  6.160E-19  6.750E+01  0.000E+00  6.090E-17  0.000E+00
   1.096E+01  1.122E+01  2.596E-30  1.024E-30  3.944E+01  2.596E-30  1.024E-30  3.944E+01  0.000E+00  1.048E-36  0.000E+00
   1.148E+01  1.175E+01  8.380E-19  5.657E-19  6.750E+01  2.831E-30  9.283E-31  3.279E+01  0.000E+00  8.380E-19  0.000E+00
   1.202E+01  1.231E+01  3.101E-22  2.000E-22  6.447E+01  3.101E-22  2.000E-22  6.447E+01  0.000E+00  2.493E-35  0.000E+00
   1.259E+01  1.289E+01  1.559E-12  1.015E-12  6.510E+01  1.502E-12  1.014E-12  6.750E+01  5.647E-14  6.093E-17  0.000E+00
   1.318E+01  1.349E+01  1.984E-12  1.636E-13  8.250E+00  1.951E-22  1.317E-22  6.750E+01  1.984E-12  5.632E-19  0.000E+00
   1.380E+01  1.413E+01  9.295E-10  8.615E-12  9.268E-01  2.225E-12  1.502E-12  6.750E+01  9.273E-10  1.344E-16  0.000E+00
   1.445E+01  1.480E+01  3.656E-16  1.544E-16  4.224E+01  2.076E-16  1.401E-16  6.750E+01  0.000E+00  1.580E-16  0.000E+00
   1.514E+01  1.549E+01  1.148E-11  7.748E-12  6.750E+01  1.148E-11  7.748E-12  6.750E+01  0.000E+00  2.415E-16  0.000E+00
   1.585E+01  1.622E+01  3.093E-12  2.071E-12  6.696E+01  3.093E-12  2.071E-12  6.696E+01  0.000E+00  2.670E-16  0.000E+00
   1.660E+01  1.699E+01  1.962E-11  1.176E-11  5.995E+01  1.962E-11  1.176E-11  5.995E+01  0.000E+00  6.312E-16  0.000E+00
   1.738E+01  1.779E+01  3.061E-11  2.016E-11  6.587E+01  3.061E-11  2.016E-11  6.587E+01  0.000E+00  2.354E-26  0.000E+00
   1.820E+01  1.863E+01  1.972E-11  1.315E-11  6.668E+01  1.971E-11  1.315E-11  6.669E+01  0.000E+00  1.476E-15  0.000E+00
   1.905E+01  1.950E+01  9.201E-11  6.210E-11  6.749E+01  9.201E-11  6.210E-11  6.749E+01  0.000E+00  1.309E-15  0.000E+00
   1.995E+01  2.042E+01  2.569E-11  1.572E-11  6.119E+01  2.568E-11  1.572E-11  6.119E+01  0.000E+00  5.421E-16  0.000E+00
   2.089E+01  2.139E+01  2.115E-14  1.181E-14  5.586E+01  1.919E-14  1.179E-14  6.142E+01  0.000E+00  1.959E-15  0.000E+00
   2.188E+01  2.239E+01  2.080E-12  1.403E-12  6.744E+01  2.079E-12  1.403E-12  6.748E+01  0.000E+00  1.439E-15  0.000E+00
   2.291E+01  2.345E+01  4.169E-11  2.265E-11  5.432E+01  4.169E-11  2.265E-11  5.432E+01  0.000E+00  1.792E-16  0.000E+00
   2.399E+01  2.455E+01  1.331E-10  5.632E-11  4.230E+01  1.331E-10  5.632E-11  4.230E+01  0.000E+00  5.716E-16  0.000E+00
   2.512E+01  2.571E+01  1.932E-10  6.778E-11  3.508E+01  1.932E-10  6.778E-11  3.508E+01  1.964E-31  1.002E-15  0.000E+00
   2.630E+01  2.692E+01  7.127E-10  2.693E-10  3.779E+01  7.126E-10  2.693E-10  3.779E+01  3.990E-27  1.993E-15  0.000E+00
   2.754E+01  2.819E+01  3.413E-10  1.395E-10  4.089E+01  3.413E-10  1.395E-10  4.089E+01  5.986E-23  4.842E-15  0.000E+00
   2.884E+01  2.952E+01  4.291E-10  2.464E-10  5.742E+01  4.291E-10  2.464E-10  5.742E+01  1.738E-20  4.928E-15  0.000E+00
   3.020E+01  3.091E+01  1.097E-09  4.033E-10  3.677E+01  1.097E-09  4.033E-10  3.677E+01  3.011E-20  1.171E-15  0.000E+00
   3.162E+01  3.237E+01  7.465E-10  3.055E-10  4.092E+01  7.465E-10  3.055E-10  4.092E+01  3.205E-19  2.978E-15  0.000E+00
   3.311E+01  3.389E+01  9.199E-10  4.234E-10  4.603E+01  9.199E-10  4.234E-10  4.603E+01  4.295E-16  6.911E-15  0.000E+00
   3.467E+01  3.549E+01  1.943E-09  4.843E-10  2.493E+01  1.943E-09  4.843E-10  2.493E+01  2.955E-16  1.277E-14  0.000E+00
   3.631E+01  3.716E+01  1.460E-09  3.295E-10  2.257E+01  1.460E-09  3.295E-10  2.257E+01  2.871E-15  1.284E-14  0.000E+00
   3.802E+01  3.891E+01  2.098E-09  5.804E-10  2.766E+01  2.098E-09  5.804E-10  2.766E+01  1.310E-13  9.544E-15  0.000E+00
   3.981E+01  4.075E+01  3.803E-09  8.018E-10  2.108E+01  3.803E-09  8.018E-10  2.108E+01  4.166E-13  1.285E-14  0.000E+00
   4.169E+01  4.267E+01  3.042E-09  6.070E-10  1.995E+01  3.042E-09  6.070E-10  1.996E+01  2.863E-13  1.411E-14  0.000E+00
   4.365E+01  4.468E+01  3.560E-09  7.102E-10  1.995E+01  3.558E-09  7.102E-10  1.996E+01  1.053E-12  1.971E-14  0.000E+00
   4.571E+01  4.679E+01  6.585E-09  9.226E-10  1.401E+01  6.580E-09  9.226E-10  1.402E+01  5.037E-12  3.028E-14  0.000E+00
   4.786E+01  4.899E+01  7.437E-09  1.064E-09  1.431E+01  7.427E-09  1.064E-09  1.433E+01  1.045E-11  2.970E-14  0.000E+00
   5.012E+01  5.130E+01  6.142E-09  8.516E-10  1.387E+01  6.110E-09  8.516E-10  1.394E+01  3.204E-11  5.618E-14  0.000E+00
   5.248E+01  5.372E+01  8.687E-09  1.069E-09  1.230E+01  8.620E-09  1.069E-09  1.240E+01  6.643E-11  1.981E-13  0.000E+00
   5.495E+01  5.625E+01  1.519E-08  1.473E-09  9.699E+00  1.507E-08  1.473E-09  9.774E+00  1.177E-10  2.457E-13  0.000E+00
   5.754E+01  5.890E+01  1.533E-08  1.378E-09  8.989E+00  1.507E-08  1.378E-09  9.139E+00  2.525E-10  2.460E-13  0.000E+00
   6.026E+01  6.168E+01  1.651E-08  1.524E-09  9.232E+00  1.609E-08  1.524E-09  9.472E+00  4.200E-10  4.364E-13  0.000E+00
   6.310E+01  6.458E+01  2.261E-08  1.577E-09  6.973E+00  2.149E-08  1.576E-09  7.335E+00  1.121E-09  4.877E-13  0.000E+00
   6.607E+01  6.763E+01  2.762E-08  1.760E-09  6.374E+00  2.593E-08  1.760E-09  6.788E+00  1.678E-09  1.017E-11  0.000E+00
   6.918E+01  7.081E+01  3.179E-08  1.591E-09  5.004E+00  2.949E-08  1.590E-09  5.392E+00  2.297E-09  2.555E-13  0.000E+00
   7.244E+01  7.415E+01  3.950E-08  1.777E-09  4.499E+00  3.662E-08  1.777E-09  4.851E+00  2.872E-09  3.038E-13  0.000E+00
   7.586E+01  7.765E+01  4.792E-08  1.900E-09  3.964E+00  4.420E-08  1.899E-09  4.297E+00  3.718E-09  9.733E-12  0.000E+00
   7.943E+01  8.130E+01  6.891E-08  2.391E-09  3.471E+00  6.213E-08  2.390E-09  3.848E+00  6.780E-09  7.029E-14  0.000E+00
   8.318E+01  8.514E+01  9.933E-08  2.672E-09  2.690E+00  8.226E-08  2.670E-09  3.246E+00  1.706E-08  8.574E-14  0.000E+00
   8.710E+01  8.915E+01  1.132E-07  2.688E-09  2.374E+00  9.497E-08  2.685E-09  2.827E+00  1.826E-08  9.222E-14  0.000E+00
   9.120E+01  9.335E+01  1.270E-07  2.423E-09  1.908E+00  1.072E-07  2.419E-09  2.258E+00  1.980E-08  8.602E-14  0.000E+00
   9.550E+01  9.775E+01  1.553E-07  2.707E-09  1.743E+00  1.351E-07  2.703E-09  2.001E+00  2.025E-08  1.183E-13  0.000E+00
   1.000E+02  1.024E+02  1.725E-07  3.233E-09  1.874E+00  1.505E-07  3.221E-09  2.141E+00  2.207E-08  1.293E-13  0.000E+00
   1.047E+02  1.072E+02  1.886E-07  3.191E-09  1.692E+00  1.627E-07  3.176E-09  1.951E+00  2.584E-08  1.361E-13  0.000E+00
   1.096E+02  1.122E+02  2.301E-07  3.583E-09  1.557E+00  1.998E-07  3.567E-09  1.785E+00  3.028E-08  1.329E-13  0.000E+00
   1.148E+02  1.175E+02  2.674E-07  3.686E-09  1.378E+00  2.300E-07  3.667E-09  1.594E+00  3.738E-08  1.712E-13  0.000E+00
   1.202E+02  1.231E+02  8.021E-07  4.052E-09  5.052E-01  2.642E-07  3.758E-09  1.422E+00  5.378E-07  1.605E-13  0.000E+00
   1.259E+02  1.289E+02  2.985E-07  3.957E-09  1.326E+00  2.949E-07  3.950E-09  1.340E+00  3.615E-09  1.848E-13  0.000E+00
   1.318E+02  1.349E+02  3.657E-07  3.692E-09  1.010E+00  2.965E-07  3.645E-09  1.229E+00  6.918E-08  1.822E-13  0.000E+00
   1.380E+02  1.413E+02  3.302E-07  4.010E-09  1.214E+00  3.302E-07  4.002E-09  1.212E+00  4.475E-12  2.143E-13  0.000E+00
   1.445E+02  1.480E+02  3.597E-07  4.175E-09  1.161E+00  3.597E-07  4.166E-09  1.158E+00  7.346E-13  2.248E-13  0.000E+00
   1.514E+02  1.549E+02  3.761E-07  4.130E-09  1.098E+00  3.761E-07  4.120E-09  1.096E+00  1.159E-12  2.519E-13  0.000E+00
   1.585E+02  1.622E+02  3.909E-07  4.127E-09  1.056E+00  3.909E-07  4.116E-09  1.053E+00  7.725E-12  2.471E-13  0.000E+00
   1.660E+02  1.699E+02  4.246E-07  4.223E-09  9.945E-01  4.246E-07  4.210E-09  9.916E-01  3.850E-12  2.824E-13  0.000E+00
   1.738E+02  1.779E+02  4.392E-07  4.305E-09  9.800E-01  4.392E-07  4.292E-09  9.771E-01  7.084E-12  2.876E-13  0.000E+00
   1.820E+02  1.863E+02  4.387E-07  4.252E-09  9.694E-01  4.386E-07  4.239E-09  9.664E-01  8.016E-12  2.728E-13  0.000E+00
   1.905E+02  1.950E+02  4.925E-07  4.434E-09  9.003E-01  4.925E-07  4.418E-09  8.970E-01  2.649E-12  2.790E-13  0.000E+00
   1.995E+02  2.042E+02  5.681E-07  4.652E-09  8.188E-01  5.681E-07  4.631E-09  8.152E-01  1.087E-11  2.919E-13  0.000E+00
   2.089E+02  2.139E+02  5.984E-07  4.587E-09  7.665E-01  5.984E-07  4.564E-09  7.627E-01  8.721E-12  2.878E-13  0.000E+00
   2.188E+02  2.239E+02  6.037E-07  4.555E-09  7.546E-01  6.037E-07  4.532E-09  7.507E-01  1.561E-11  2.905E-13  0.000E+00
   2.291E+02  2.345E+02  6.006E-07  4.552E-09  7.580E-01  6.005E-07  4.529E-09  7.541E-01  6.508E-12  2.937E-13  0.000E+00
   2.399E+02  2.455E+02  5.885E-07  4.507E-09  7.659E-01  5.885E-07  4.485E-09  7.621E-01  6.996E-12  3.057E-13  0.000E+00
   2.512E+02  2.571E+02  5.817E-07  4.463E-09  7.672E-01  5.817E-07  4.440E-09  7.633E-01  6.416E-12  3.225E-13  0.000E+00
   2.630E+02  2.692E+02  5.823E-07  4.547E-09  7.809E-01  5.823E-07  4.525E-09  7.771E-01  8.520E-12  3.125E-13  0.000E+00
   2.754E+02  2.819E+02  5.603E-07  4.441E-09  7.925E-01  5.603E-07  4.420E-09  7.888E-01  2.533E-12  3.259E-13  0.000E+00
   2.884E+02  2.952E+02  5.502E-07  4.404E-09  8.004E-01  5.502E-07  4.383E-09  7.967E-01  6.719E-12  3.235E-13  0.000E+00
   3.020E+02  3.091E+02  5.484E-07  4.360E-09  7.951E-01  5.484E-07  4.340E-09  7.914E-01  1.481E-11  3.352E-13  0.000E+00
   3.162E+02  3.237E+02  5.405E-07  4.312E-09  7.977E-01  5.405E-07  4.292E-09  7.940E-01  8.395E-12  3.448E-13  0.000E+00
   3.311E+02  3.389E+02  5.442E-07  4.389E-09  8.066E-01  5.442E-07  4.370E-09  8.029E-01  1.731E-11  3.569E-13  0.000E+00
   3.467E+02  3.549E+02  5.473E-07  4.350E-09  7.948E-01  5.473E-07  4.330E-09  7.911E-01  1.624E-11  3.666E-13  0.000E+00
   3.631E+02  3.716E+02  5.394E-07  4.293E-09  7.959E-01  5.394E-07  4.273E-09  7.922E-01  5.243E-12  3.624E-13  0.000E+00
   3.802E+02  3.891E+02  5.477E-07  4.284E-09  7.821E-01  5.477E-07  4.263E-09  7.784E-01  1.084E-11  3.985E-13  0.000E+00
   3.981E+02  4.075E+02  5.497E-07  4.267E-09  7.763E-01  5.497E-07  4.246E-09  7.725E-01  9.226E-12  3.977E-13  0.000E+00
   4.169E+02  4.267E+02  5.427E-07  4.212E-09  7.761E-01  5.427E-07  4.191E-09  7.723E-01  3.349E-12  4.175E-13  0.000E+00
   4.365E+02  4.468E+02  5.680E-07  4.274E-09  7.525E-01  5.680E-07  4.252E-09  7.486E-01  7.453E-12  4.279E-13  0.000E+00
   4.571E+02  4.679E+02  5.710E-07  4.261E-09  7.462E-01  5.710E-07  4.238E-09  7.422E-01  1.003E-11  4.315E-13  0.000E+00
   4.786E+02  4.899E+02  5.866E-07  4.292E-09  7.317E-01  5.866E-07  4.268E-09  7.277E-01  9.479E-12  4.678E-13  0.000E+00
   5.012E+02  5.130E+02  1.317E-06  6.735E-09  5.115E-01  1.317E-06  6.658E-09  5.057E-01  7.058E-12  1.311E-12  0.000E+00
   5.248E+02  5.372E+02  1.444E-07  1.126E-09  7.796E-01  1.444E-07  1.120E-09  7.758E-01  3.659E-12  6.880E-15  0.000E+00
   5.495E+02  5.625E+02  1.421E-07  1.093E-09  7.691E-01  1.420E-07  1.087E-09  7.655E-01  3.384E-11  6.350E-15  0.000E+00
   5.754E+02  5.890E+02  1.415E-07  1.077E-09  7.612E-01  1.415E-07  1.072E-09  7.574E-01  7.812E-12  6.360E-15  0.000E+00
   6.026E+02  6.168E+02  1.401E-07  1.044E-09  7.452E-01  1.401E-07  1.039E-09  7.413E-01  8.708E-12  6.483E-15  0.000E+00
   6.310E+02  6.458E+02  1.379E-07  1.028E-09  7.455E-01  1.379E-07  1.023E-09  7.416E-01  6.258E-12  6.213E-15  0.000E+00
   6.607E+02  6.763E+02  1.393E-07  1.010E-09  7.254E-01  1.393E-07  1.005E-09  7.214E-01  1.044E-11  6.553E-15  0.000E+00
   6.918E+02  7.081E+02  1.408E-07  9.988E-10  7.096E-01  1.405E-07  9.929E-10  7.068E-01  2.751E-10  6.096E-15  0.000E+00
   7.244E+02  7.415E+02  1.541E-07  1.164E-09  7.549E-01  1.541E-07  1.158E-09  7.510E-01  0.000E+00  5.242E-15  0.000E+00
   7.586E+02  7.765E+02  1.589E-07  1.213E-09  7.636E-01  1.589E-07  1.207E-09  7.597E-01  0.000E+00  6.674E-15  0.000E+00
   7.943E+02  8.130E+02  1.429E-07  9.567E-10  6.696E-01  1.429E-07  9.504E-10  6.652E-01  0.000E+00  6.268E-15  0.000E+00
   8.318E+02  8.514E+02  6.637E-06  1.126E-08  1.696E-01  6.637E-06  1.004E-08  1.513E-01  0.000E+00  5.909E-15  0.000E+00
   8.710E+02  8.915E+02  5.820E-08  6.241E-10  1.072E+00  5.820E-08  6.225E-10  1.070E+00  0.000E+00  6.444E-15  0.000E+00
   9.120E+02  9.335E+02  5.350E-08  5.274E-10  9.859E-01  5.350E-08  5.258E-10  9.829E-01  0.000E+00  6.586E-15  0.000E+00
   9.550E+02  9.775E+02  1.396E-07  1.457E-09  1.044E+00  1.396E-07  1.453E-09  1.041E+00  0.000E+00  6.019E-15  0.000E+00
   1.000E+03  1.024E+03  8.484E-07  4.028E-09  4.748E-01  8.484E-07  3.975E-09  4.685E-01  0.000E+00  6.433E-15  0.000E+00
   1.047E+03  1.072E+03  4.556E-08  4.927E-10  1.081E+00  4.556E-08  4.915E-10  1.079E+00  0.000E+00  7.096E-15  0.000E+00
   1.096E+03  1.122E+03  5.158E-08  5.892E-10  1.142E+00  5.158E-08  5.879E-10  1.140E+00  0.000E+00  6.923E-15  0.000E+00
   1.148E+03  1.175E+03  1.605E-07  1.515E-09  9.439E-01  1.605E-07  1.510E-09  9.407E-01  0.000E+00  1.066E-12  0.000E+00
   1.202E+03  1.231E+03  3.239E-06  6.924E-09  2.138E-01  3.239E-06  6.463E-09  1.995E-01  0.000E+00  1.273E-17  0.000E+00
   1.259E+03  1.289E+03  1.224E-08  2.239E-10  1.829E+00  1.224E-08  2.237E-10  1.827E+00  0.000E+00  3.574E-17  0.000E+00
   1.318E+03  1.349E+03  2.016E-07  1.756E-09  8.708E-01  2.016E-07  1.749E-09  8.674E-01  0.000E+00  3.504E-17  0.000E+00
   1.380E+03  1.413E+03  1.681E-08  3.754E-10  2.234E+00  1.681E-08  3.751E-10  2.232E+00  0.000E+00  3.189E-17  0.000E+00
   1.445E+03  1.480E+03  1.286E-08  2.799E-10  2.177E+00  1.286E-08  2.797E-10  2.176E+00  0.000E+00  9.184E-15  0.000E+00
   1.514E+03  1.549E+03  9.186E-09  1.589E-10  1.730E+00  9.186E-09  1.588E-10  1.729E+00  0.000E+00  7.390E-22  0.000E+00
   1.585E+03  1.622E+03  1.100E-08  2.244E-10  2.039E+00  1.100E-08  2.242E-10  2.038E+00  0.000E+00  7.929E-18  0.000E+00
   1.660E+03  1.699E+03  9.223E-09  1.521E-10  1.650E+00  9.223E-09  1.520E-10  1.648E+00  0.000E+00  1.131E-21  0.000E+00
   1.738E+03  1.779E+03  5.693E-07  2.593E-09  4.555E-01  5.693E-07  2.556E-09  4.490E-01  0.000E+00  1.025E-18  0.000E+00
   1.820E+03  1.863E+03  5.278E-09  1.054E-10  1.996E+00  5.278E-09  1.053E-10  1.995E+00  0.000E+00  2.465E-20  0.000E+00
   1.905E+03  1.950E+03  2.751E-08  5.163E-10  1.877E+00  2.751E-08  5.159E-10  1.875E+00  0.000E+00  6.230E-21  0.000E+00
   1.995E+03  2.042E+03  3.360E-07  1.884E-09  5.608E-01  3.360E-07  1.866E-09  5.555E-01  0.000E+00  3.794E-20  0.000E+00
   2.089E+03  2.139E+03  1.337E-08  3.327E-10  2.489E+00  1.337E-08  3.326E-10  2.488E+00  0.000E+00  2.690E-20  0.000E+00
   2.188E+03  2.239E+03  1.656E-08  3.769E-10  2.276E+00  1.656E-08  3.767E-10  2.275E+00  0.000E+00  1.221E-20  0.000E+00
   2.291E+03  2.345E+03  4.875E-09  1.485E-10  3.046E+00  4.875E-09  1.484E-10  3.045E+00  0.000E+00  5.724E-18  0.000E+00
   2.399E+03  2.455E+03  2.880E-09  6.746E-11  2.342E+00  2.880E-09  6.742E-11  2.341E+00  0.000E+00  8.892E-20  0.000E+00
   2.512E+03  2.571E+03  4.051E-07  1.847E-09  4.559E-01  4.051E-07  1.820E-09  4.494E-01  0.000E+00  0.000E+00  0.000E+00
   2.630E+03  2.692E+03  9.783E-10  3.537E-11  3.615E+00  9.783E-10  3.536E-11  3.614E+00  0.000E+00  3.696E-16  0.000E+00
   2.754E+03  2.819E+03  1.100E-09  3.883E-11  3.531E+00  1.100E-09  3.882E-11  3.530E+00  0.000E+00  0.000E+00  0.000E+00
   2.884E+03  2.952E+03  2.239E-08  4.074E-10  1.820E+00  2.239E-08  4.070E-10  1.818E+00  0.000E+00  0.000E+00  0.000E+00
   3.020E+03  3.091E+03  1.022E-09  3.518E-11  3.443E+00  1.022E-09  3.517E-11  3.443E+00  0.000E+00  0.000E+00  0.000E+00
   3.162E+03  3.237E+03  2.383E-07  1.277E-09  5.358E-01  2.383E-07  1.263E-09  5.303E-01  0.000E+00  0.000E+00  0.000E+00
   3.311E+03  3.389E+03  1.596E-08  3.284E-10  2.058E+00  1.596E-08  3.282E-10  2.056E+00  0.000E+00  0.000E+00  0.000E+00
   3.467E+03  3.549E+03  4.133E-09  1.645E-10  3.979E+00  4.133E-09  1.644E-10  3.978E+00  0.000E+00  0.000E+00  0.000E+00
   3.631E+03  3.716E+03  1.000E-30  1.000E-90  0.000E+00  0.000E+00  0.000E+00  0.000E+00  0.000E+00  0.000E+00  0.000E+00
   3.802E+03  3.891E+03  1.000E-30  1.000E-90  0.000E+00  0.000E+00  0.000E+00  0.000E+00  0.000E+00  0.000E+00  0.000E+00
   3.981E+03  4.075E+03  1.000E-30  1.000E-90  0.000E+00  0.000E+00  0.000E+00  0.000E+00  0.000E+00  0.000E+00  0.000E+00
   4.169E+03  4.267E+03  1.000E-30  1.000E-90  0.000E+00  0.000E+00  0.000E+00  0.000E+00  0.000E+00  0.000E+00  0.000E+00
   4.365E+03  4.468E+03  1.000E-30  1.000E-90  0.000E+00  0.000E+00  0.000E+00  0.000E+00  0.000E+00  0.000E+00  0.000E+00
   4.571E+03  4.679E+03  1.000E-30  1.000E-90  0.000E+00  0.000E+00  0.000E+00  0.000E+00  0.000E+00  0.000E+00  0.000E+00
   4.786E+03  4.899E+03  1.000E-30  1.000E-90  0.000E+00  0.000E+00  0.000E+00  0.000E+00  0.000E+00  0.000E+00  0.000E+00
   5.012E+03  5.025E+05  1.000E-30  1.000E-90  0.000E+00  0.000E+00  0.000E+00  0.000E+00  0.000E+00  0.000E+00  0.000E+00
      1.096E-02     0.000E+00     0.000E+00     0.000E+00
      1.202E-02     0.000E+00     0.000E+00     0.000E+00
      1.318E-02     0.000E+00     0.000E+00     0.000E+00
      1.445E-02     0.000E+00     0.000E+00     0.000E+00
      1.585E-02     0.000E+00     0.000E+00     0.000E+00
      1.738E-02     0.000E+00     0.000E+00     0.000E+00
      1.905E-02     0.000E+00     0.000E+00     0.000E+00
      2.089E-02     0.000E+00     0.000E+00     0.000E+00
      2.291E-02     0.000E+00     0.000E+00     0.000E+00
      2.512E-02     0.000E+00     0.000E+00     0.000E+00
      2.754E-02     0.000E+00     0.000E+00     0.000E+00
      3.020E-02     0.000E+00     0.000E+00     0.000E+00
      3.311E-02     0.000E+00     0.000E+00     0.000E+00
      3.631E-02     0.000E+00     0.000E+00     0.000E+00
      3.981E-02     0.000E+00     0.000E+00     0.000E+00
      4.365E-02     0.000E+00     0.000E+00     0.000E+00
      4.786E-02     0.000E+00     0.000E+00     0.000E+00
      5.248E-02     0.000E+00     0.000E+00     0.000E+00
      5.754E-02     0.000E+00     0.000E+00     0.000E+00
      6.310E-02     0.000E+00     0.000E+00     0.000E+00
      6.918E-02     0.000E+00     0.000E+00     0.000E+00
      7.586E-02     0.000E+00     0.000E+00     0.000E+00
      8.318E-02     0.000E+00     0.000E+00     0.000E+00
      9.120E-02     0.000E+00     0.000E+00     0.000E+00
      1.000E-01     0.000E+00     0.000E+00     0.000E+00
      1.096E-01     0.000E+00     0.000E+00     0.000E+00
      1.202E-01     0.000E+00     0.000E+00     0.000E+00
      1.318E-01     0.000E+00     0.000E+00     0.000E+00
      1.445E-01     0.000E+00     0.000E+00     0.000E+00
      1.585E-01     0.000E+00     0.000E+00     0.000E+00
      1.738E-01     8.729E-34     0.000E+00     0.000E+00
      1.905E-01     8.739E-33     0.000E+00     0.000E+00
      2.089E-01     1.477E-31     1.754E-26     1.188E+07
      2.291E-01     1.332E-30     2.684E-18     2.015E+14
      2.512E-01     1.343E-33     4.605E-33     3.430E+02
      2.754E-01     6.280E-12     0.000E+00     0.000E+00
      3.020E-01     3.187E-31     0.000E+00     0.000E+00
      3.311E-01     9.739E-31     2.915E-16     2.993E+16
      3.631E-01     6.761E-23     6.062E-24     8.966E+00
      3.981E-01     3.356E-31     1.155E-16     3.440E+16
      4.365E-01     1.015E-30     5.616E-19     5.532E+13
      4.786E-01     2.354E-23     1.244E-13     5.287E+11
      5.248E-01     3.848E-12     0.000E+00     0.000E+00
      5.754E-01     1.888E-28     5.955E-16     3.154E+14
      6.310E-01     1.056E-29     9.487E-14     8.987E+17
      6.918E-01     1.549E-27     1.804E-30     1.164E-01
      7.586E-01     2.944E-28     2.403E-18     8.161E+11
      8.318E-01     2.905E-13     0.000E+00     0.000E+00
      9.120E-01     7.786E-30     8.066E-31     1.036E+01
