   0.000E+00  5.000E-01  1.000E-30  1.000E-90  0.000E+00  0.000E+00  0.000E+00  0.000E+00  0.000E+00  0.000E+00  0.000E+00
   1.000E+00  1.024E+00  1.000E-30  5.395E-32  7.422E+00  7.112E-31  5.391E-32  7.580E+00  1.560E-32  3.289E-37  0.000E+00
   1.047E+00  1.072E+00  1.000E-30  1.000E-90  0.000E+00  0.000E+00  0.000E+00  0.000E+00  0.000E+00  0.000E+00  0.000E+00
   1.096E+00  1.122E+00  1.000E-30  1.730E-39  6.750E+01  0.000E+00  0.000E+00  0.000E+00  0.000E+00  2.562E-39  0.000E+00
   1.148E+00  1.175E+00  1.000E-30  1.000E-90  0.000E+00  0.000E+00  0.000E+00  0.000E+00  0.000E+00  0.000E+00  0.000E+00
   1.202E+00  1.231E+00  5.585E-29  5.184E-31  9.283E-01  5.538E-29  5.165E-31  9.327E-01  4.677E-31  3.478E-35  0.000E+00
   1.259E+00  1.289E+00  1.000E-30  1.000E-90  0.000E+00  0.000E+00  0.000E+00  0.000E+00  0.000E+00  0.000E+00  0.000E+00
   1.318E+00  1.349E+00  1.000E-30  1.000E-90  0.000E+00  0.000E+00  0.000E+00  0.000E+00  0.000E+00  0.000E+00  0.000E+00
   1.380E+00  1.413E+00  1.000E-30  1.000E-90  0.000E+00  0.000E+00  0.000E+00  0.000E+00  0.000E+00  0.000E+00  0.000E+00
   1.445E+00  1.480E+00  6.229E-30  1.608E-31  2.581E+00  6.158E-30  1.607E-31  2.609E+00  7.149E-32  4.194E-36  0.000E+00
   1.514E+00  1.549E+00  1.000E-30  1.000E-90  0.000E+00  0.000E+00  0.000E+00  0.000E+00  0.000E+00  0.000E+00  0.000E+00
   1.585E+00  1.622E+00  1.000E-30  1.000E-90  0.000E+00  0.000E+00  0.000E+00  0.000E+00  0.000E+00  0.000E+00  0.000E+00
   1.660E+00  1.699E+00  1.000E-30  2.491E-32  1.592E+01  1.536E-31  2.490E-32  1.621E+01  2.867E-33  1.135E-37  0.000E+00
   1.738E+00  1.779E+00  1.559E-27  2.210E-30  1.417E-01  1.527E-27  1.875E-30  1.228E-01  3.195E-29  9.540E-34  0.000E+00
   1.820E+00  1.863E+00  1.000E-30  1.000E-90  0.000E+00  0.000E+00  0.000E+00  0.000E+00  0.000E+00  0.000E+00  0.000E+00
   1.905E+00  1.950E+00  1.000E-30  1.000E-90  0.000E+00  0.000E+00  0.000E+00  0.000E+00  0.000E+00  0.000E+00  0.000E+00
   1.995E+00  2.042E+00  4.554E-30  1.615E-31  3.546E+00  4.484E-30  1.614E-31  3.598E+00  6.974E-32  2.934E-36  0.000E+00
   2.089E+00  2.139E+00  1.000E-30  1.000E-90  0.000E+00  0.000E+00  0.000E+00  0.000E+00  0.000E+00  0.000E+00  0.000E+00
   2.188E+00  2.239E+00  1.000E-30  1.000E-90  0.000E+00  0.000E+00  0.000E+00  0.000E+00  0.000E+00  0.000E+00  0.000E+00
   2.291E+00  2.345E+00  1.577E-27  7.424E-30  4.707E-01  1.553E-27  7.326E-30  4.718E-01  2.437E-29  1.086E-33  0.000E+00
   2.399E+00  2.455E+00  1.000E-30  1.000E-90  0.000E+00  0.000E+00  0.000E+00  0.000E+00  0.000E+00  0.000E+00  0.000E+00
   2.512E+00  2.571E+00  1.348E-29  3.760E-30  2.789E+01  1.343E-29  3.760E-30  2.799E+01  5.177E-32  3.838E-35  0.000E+00
   2.630E+00  2.692E+00  1.000E-30  3.535E-35  6.750E+01  5.237E-35  3.535E-35  6.750E+01  0.000E+00  0.000E+00  0.000E+00
   2.754E+00  2.819E+00  2.118E-30  1.430E-30  6.750E+01  2.118E-30  1.430E-30  6.750E+01  0.000E+00  0.000E+00  0.000E+00
   2.884E+00  2.952E+00  5.633E-23  2.177E-23  3.865E+01  5.431E-23  2.173E-23  4.001E+01  2.018E-24  9.478E-29  0.000E+00
   3.020E+00  3.091E+00  4.570E-30  3.085E-30  6.750E+01  4.570E-30  3.085E-30  6.750E+01  0.000E+00  1.043E-37  0.000E+00
   3.162E+00  3.237E+00  1.000E-30  2.690E-33  6.750E+01  3.985E-33  2.690E-33  6.750E+01  0.000E+00  0.000E+00  0.000E+00
   3.311E+00  3.389E+00  8.417E-26  4.034E-26  4.793E+01  8.415E-26  4.034E-26  4.794E+01  1.583E-29  2.485E-33  0.000E+00
   3.467E+00  3.549E+00  1.000E-30  1.000E-90  0.000E+00  0.000E+00  0.000E+00  0.000E+00  0.000E+00  0.000E+00  0.000E+00
   3.631E+00  3.716E+00  4.124E-21  2.768E-21  6.711E+01  4.124E-21  2.768E-21  6.711E+01  9.062E-28  8.424E-27  0.000E+00
   3.802E+00  3.891E+00  1.000E-30  1.000E-90  0.000E+00  0.000E+00  0.000E+00  0.000E+00  0.000E+00  0.000E+00  0.000E+00
   3.981E+00  4.075E+00  1.000E-30  2.411E-36  6.750E+01  0.000E+00  0.000E+00  0.000E+00  0.000E+00  3.572E-36  0.000E+00
   4.169E+00  4.267E+00  1.000E-30  1.000E-90  0.000E+00  0.000E+00  0.000E+00  0.000E+00  0.000E+00  0.000E+00  0.000E+00
   4.365E+00  4.468E+00  1.058E-21  6.015E-22  5.683E+01  1.058E-21  6.015E-22  5.683E+01  1.782E-30  7.596E-30  0.000E+00
   4.571E+00  4.679E+00  4.381E-30  2.957E-30  6.750E+01  4.381E-30  2.957E-30  6.750E+01  0.000E+00  9.755E-38  0.000E+00
   4.786E+00  4.899E+00  1.750E-29  3.312E-30  1.892E+01  1.740E-29  3.312E-30  1.903E+01  1.004E-31  1.708E-36  0.000E+00
   5.012E+00  5.130E+00  1.000E-30  1.000E-90  0.000E+00  0.000E+00  0.000E+00  0.000E+00  0.000E+00  0.000E+00  0.000E+00
   5.248E+00  5.372E+00  6.014E-26  2.144E-26  3.565E+01  5.935E-26  2.144E-26  3.612E+01  7.926E-28  1.776E-31  0.000E+00
   5.495E+00  5.625E+00  1.000E-30  7.639E-32  6.750E+01  1.132E-31  7.639E-32  6.750E+01  0.000E+00  0.000E+00  0.000E+00
   5.754E+00  5.890E+00  3.281E-25  1.853E-25  5.647E+01  3.281E-25  1.853E-25  5.647E+01  3.836E-30  1.755E-33  0.000E+00
   6.026E+00  6.168E+00  1.519E-24  2.399E-25  1.579E+01  1.519E-24  2.399E-25  1.579E+01  2.298E-30  5.917E-34  0.000E+00
   6.310E+00  6.458E+00  1.469E-19  2.413E-20  1.642E+01  1.441E-19  2.410E-20  1.672E+01  2.781E-21  8.577E-26  0.000E+00
   6.607E+00  6.763E+00  6.555E-29  2.282E-30  3.482E+00  6.395E-29  2.281E-30  3.568E+00  1.604E-30  2.850E-35  0.000E+00
   6.918E+00  7.081E+00  1.947E-20  1.144E-20  5.878E+01  2.025E-21  8.476E-22  4.185E+01  1.744E-20  9.319E-28  0.000E+00
   7.244E+00  7.415E+00  3.134E-18  1.359E-18  4.336E+01  3.134E-18  1.359E-18  4.336E+01  6.321E-25  4.109E-24  0.000E+00
   7.586E+00  7.765E+00  1.154E-26  7.618E-27  6.603E+01  1.154E-26  7.618E-27  6.603E+01  0.000E+00  3.388E-36  0.000E+00
   7.943E+00  8.130E+00  2.791E-23  1.884E-23  6.750E+01  2.791E-23  1.884E-23  6.750E+01  0.000E+00  4.195E-37  0.000E+00
   8.318E+00  8.514E+00  4.738E-30  2.261E-30  4.773E+01  4.738E-30  2.261E-30  4.773E+01  0.000E+00  2.831E-36  0.000E+00
   8.710E+00  8.915E+00  8.148E-30  2.827E-30  3.469E+01  8.148E-30  2.827E-30  3.469E+01  0.000E+00  4.770E-37  0.000E+00
   9.120E+00  9.335E+00  3.532E-18  2.384E-18  6.750E+01  2.959E-31  1.606E-31  5.429E+01  0.000E+00  3.532E-18  0.000E+00
   9.550E+00  9.775E+00  8.606E-21  5.808E-21  6.749E+01  3.865E-30  1.923E-30  4.975E+01  0.000E+00  8.606E-21  0.000E+00
   1.000E+01  1.024E+01  2.969E-23  2.004E-23  6.750E+01  2.969E-23  2.004E-23  6.750E+01  0.000E+00  1.527E-36  0.000E+00
   1.047E+01  1.072E+01  9.809E-18  6.506E-18  6.632E+01  3.651E-22  2.464E-22  6.750E+01  0.000E+00  9.809E-18  0.000E+00
   1.096E+01  1.122E+01  1.708E-17  1.153E-17  6.750E+01  7.327E-22  4.946E-22  6.750E+01  0.000E+00  1.708E-17  0.000E+00
   1.148E+01  1.175E+01  2.009E-21  1.356E-21  6.750E+01  2.009E-21  1.356E-21  6.750E+01  0.000E+00  4.446E-36  0.000E+00
   1.202E+01  1.231E+01  1.606E-18  1.084E-18  6.750E+01  4.518E-30  1.612E-30  3.567E+01  0.000E+00  1.606E-18  0.000E+00
   1.259E+01  1.289E+01  2.235E-16  1.215E-16  5.437E+01  7.115E-30  2.224E-30  3.126E+01  1.727E-16  5.082E-17  0.000E+00
   1.318E+01  1.349E+01  4.212E-14  6.617E-15  1.571E+01  3.094E-16  2.045E-16  6.609E+01  4.179E-14  2.631E-17  0.000E+00
   1.380E+01  1.413E+01  3.299E-11  5.173E-13  1.568E+00  1.965E-20  1.327E-20  6.750E+01  3.299E-11  4.926E-18  0.000E+00
   1.445E+01  1.480E+01  8.844E-16  5.923E-16  6.697E+01  8.775E-16  5.923E-16  6.750E+01  0.000E+00  6.907E-18  0.000E+00
   1.514E+01  1.549E+01  8.959E-17  5.147E-17  5.745E+01  9.358E-30  2.253E-30  2.408E+01  0.000E+00  8.959E-17  0.000E+00
   1.585E+01  1.622E+01  3.627E-18  2.440E-18  6.728E+01  1.189E-20  8.021E-21  6.744E+01  0.000E+00  3.616E-18  0.000E+00
   1.660E+01  1.699E+01  2.862E-13  1.932E-13  6.749E+01  2.862E-13  1.932E-13  6.750E+01  0.000E+00  3.932E-17  0.000E+00
   1.738E+01  1.779E+01  3.704E-14  2.408E-14  6.501E+01  3.700E-14  2.408E-14  6.509E+01  0.000E+00  4.213E-17  0.000E+00
   1.820E+01  1.863E+01  1.826E-12  5.055E-13  2.768E+01  1.826E-12  5.055E-13  2.768E+01  0.000E+00  7.112E-17  0.000E+00
   1.905E+01  1.950E+01  1.481E-12  9.688E-13  6.542E+01  1.481E-12  9.688E-13  6.542E+01  0.000E+00  1.136E-16  0.000E+00
   1.995E+01  2.042E+01  1.851E-15  7.191E-16  3.884E+01  1.471E-15  6.986E-16  4.751E+01  0.000E+00  3.808E-16  0.000E+00
   2.089E+01  2.139E+01  2.197E-12  1.483E-12  6.747E+01  2.197E-12  1.483E-12  6.750E+01  0.000E+00  8.246E-16  0.000E+00
   2.188E+01  2.239E+01  2.387E-15  1.410E-15  5.905E+01  2.326E-15  1.409E-15  6.060E+01  0.000E+00  6.164E-17  0.000E+00
   2.291E+01  2.345E+01  3.765E-12  1.825E-12  4.847E+01  3.764E-12  1.825E-12  4.847E+01  0.000E+00  1.374E-16  0.000E+00
   2.399E+01  2.455E+01  9.090E-12  5.044E-12  5.549E+01  9.089E-12  5.044E-12  5.549E+01  1.689E-21  8.929E-16  0.000E+00
   2.512E+01  2.571E+01  3.265E-12  1.595E-12  4.886E+01  3.264E-12  1.595E-12  4.888E+01  9.355E-18  1.309E-15  0.000E+00
   2.630E+01  2.692E+01  9.453E-12  5.997E-12  6.344E+01  9.453E-12  5.997E-12  6.344E+01  5.840E-21  6.015E-16  0.000E+00
   2.754E+01  2.819E+01  8.889E-11  5.879E-11  6.614E+01  8.889E-11  5.879E-11  6.614E+01  7.205E-18  1.498E-15  0.000E+00
   2.884E+01  2.952E+01  1.822E-10  6.383E-11  3.504E+01  1.822E-10  6.383E-11  3.504E+01  1.912E-17  2.186E-15  0.000E+00
   3.020E+01  3.091E+01  8.252E-10  1.803E-10  2.185E+01  8.252E-10  1.803E-10  2.185E+01  3.611E-15  7.335E-17  0.000E+00
   3.162E+01  3.237E+01  3.207E-10  1.135E-10  3.539E+01  3.207E-10  1.135E-10  3.539E+01  4.971E-15  1.043E-15  0.000E+00
   3.311E+01  3.389E+01  4.491E-11  2.535E-11  5.646E+01  4.491E-11  2.535E-11  5.646E+01  3.839E-16  3.193E-15  0.000E+00
   3.467E+01  3.549E+01  1.178E-10  3.178E-11  2.697E+01  1.178E-10  3.178E-11  2.698E+01  2.100E-14  1.868E-15  0.000E+00
   3.631E+01  3.716E+01  1.931E-10  6.671E-11  3.455E+01  1.929E-10  6.671E-11  3.458E+01  1.540E-13  2.948E-15  0.000E+00
   3.802E+01  3.891E+01  1.075E-09  3.312E-10  3.081E+01  1.074E-09  3.312E-10  3.084E+01  9.934E-13  5.708E-15  0.000E+00
   3.981E+01  4.075E+01  9.956E-10  2.068E-10  2.078E+01  9.943E-10  2.068E-10  2.080E+01  1.242E-12  5.905E-15  0.000E+00
   4.169E+01  4.267E+01  5.856E-10  1.423E-10  2.429E+01  5.823E-10  1.423E-10  2.443E+01  3.301E-12  1.078E-14  0.000E+00
   4.365E+01  4.468E+01  6.895E-10  1.376E-10  1.996E+01  6.815E-10  1.376E-10  2.019E+01  7.990E-12  1.081E-14  0.000E+00
   4.571E+01  4.679E+01  1.950E-09  3.425E-10  1.757E+01  1.934E-09  3.425E-10  1.771E+01  1.587E-11  2.450E-14  0.000E+00
   4.786E+01  4.899E+01  3.367E-09  5.192E-10  1.542E+01  3.339E-09  5.192E-10  1.555E+01  2.738E-11  3.493E-14  0.000E+00
   5.012E+01  5.130E+01  4.014E-09  5.122E-10  1.276E+01  3.941E-09  5.122E-10  1.300E+01  7.339E-11  5.800E-14  0.000E+00
   5.248E+01  5.372E+01  6.341E-09  6.924E-10  1.092E+01  6.228E-09  6.923E-10  1.112E+01  1.134E-10  1.552E-13  0.000E+00
   5.495E+01  5.625E+01  7.931E-09  5.028E-10  6.339E+00  7.722E-09  5.026E-10  6.508E+00  2.086E-10  2.273E-13  0.000E+00
   5.754E+01  5.890E+01  1.286E-08  7.702E-10  5.988E+00  1.257E-08  7.700E-10  6.128E+00  2.956E-10  2.504E-13  0.000E+00
   6.026E+01  6.168E+01  1.751E-08  8.159E-10  4.661E+00  1.701E-08  8.156E-10  4.794E+00  4.926E-10  4.165E-13  0.000E+00
   6.310E+01  6.458E+01  2.554E-08  1.181E-09  4.625E+00  2.443E-08  1.181E-09  4.834E+00  1.113E-09  4.755E-13  0.000E+00
   6.607E+01  6.763E+01  3.791E-08  1.116E-09  2.942E+00  3.630E-08  1.115E-09  3.071E+00  1.614E-09  5.557E-12  0.000E+00
   6.918E+01  7.081E+01  5.058E-08  1.245E-09  2.461E+00  4.862E-08  1.244E-09  2.558E+00  1.955E-09  2.447E-13  0.000E+00
   7.244E+01  7.415E+01  6.854E-08  1.566E-09  2.284E+00  6.626E-08  1.565E-09  2.361E+00  2.282E-09  3.338E-13  0.000E+00
   7.586E+01  7.765E+01  9.533E-08  1.846E-09  1.936E+00  9.243E-08  1.844E-09  1.995E+00  2.896E-09  5.530E-12  0.000E+00
   7.943E+01  8.130E+01  1.232E-07  1.832E-09  1.486E+00  1.187E-07  1.829E-09  1.541E+00  4.523E-09  5.987E-14  0.000E+00
   8.318E+01  8.514E+01  1.644E-07  2.187E-09  1.330E+00  1.550E-07  2.183E-09  1.408E+00  9.422E-09  8.449E-14  0.000E+00
   8.710E+01  8.915E+01  2.107E-07  2.257E-09  1.071E+00  1.997E-07  2.251E-09  1.127E+00  1.103E-08  1.040E-13  0.000E+00
   9.120E+01  9.335E+01  2.597E-07  2.247E-09  8.653E-01  2.475E-07  2.238E-09  9.042E-01  1.216E-08  1.083E-13  0.000E+00
   9.550E+01  9.775E+01  3.162E-07  2.692E-09  8.514E-01  3.030E-07  2.681E-09  8.849E-01  1.321E-08  1.268E-13  0.000E+00
   1.000E+02  1.024E+02  3.685E-07  4.213E-09  1.143E+00  3.537E-07  4.198E-09  1.187E+00  1.483E-08  1.319E-13  0.000E+00
   1.047E+02  1.072E+02  4.486E-07  4.783E-09  1.066E+00  4.301E-07  4.765E-09  1.108E+00  1.849E-08  1.535E-13  0.000E+00
   1.096E+02  1.122E+02  5.102E-07  4.960E-09  9.723E-01  4.885E-07  4.939E-09  1.011E+00  2.168E-08  1.713E-13  0.000E+00
   1.148E+02  1.175E+02  5.772E-07  5.095E-09  8.826E-01  5.505E-07  5.068E-09  9.207E-01  2.667E-08  1.782E-13  0.000E+00
   1.202E+02  1.231E+02  8.817E-07  5.657E-09  6.416E-01  6.516E-07  5.591E-09  8.580E-01  2.301E-07  2.143E-13  0.000E+00
   1.259E+02  1.289E+02  7.344E-07  5.935E-09  8.081E-01  7.315E-07  5.907E-09  8.075E-01  2.946E-09  2.238E-13  0.000E+00
   1.318E+02  1.349E+02  8.135E-07  6.055E-09  7.443E-01  7.819E-07  6.018E-09  7.697E-01  3.163E-08  2.434E-13  0.000E+00
   1.380E+02  1.413E+02  8.491E-07  6.290E-09  7.408E-01  8.491E-07  6.255E-09  7.366E-01  9.831E-12  2.564E-13  0.000E+00
   1.445E+02  1.480E+02  8.949E-07  6.466E-09  7.226E-01  8.949E-07  6.428E-09  7.183E-01  6.195E-12  2.750E-13  0.000E+00
   1.514E+02  1.549E+02  1.089E-06  6.494E-09  5.963E-01  1.089E-06  6.437E-09  5.911E-01  1.066E-12  2.844E-13  0.000E+00
   1.585E+02  1.622E+02  9.560E-07  6.597E-09  6.900E-01  9.560E-07  6.554E-09  6.856E-01  1.709E-11  3.108E-13  0.000E+00
   1.660E+02  1.699E+02  1.020E-06  6.823E-09  6.686E-01  1.020E-06  6.775E-09  6.640E-01  1.483E-11  3.254E-13  0.000E+00
   1.738E+02  1.779E+02  1.032E-06  6.714E-09  6.508E-01  1.032E-06  6.665E-09  6.460E-01  9.533E-12  3.314E-13  0.000E+00
   1.820E+02  1.863E+02  1.047E-06  6.730E-09  6.429E-01  1.047E-06  6.679E-09  6.381E-01  1.241E-11  3.167E-13  0.000E+00
   1.905E+02  1.950E+02  1.125E-06  7.066E-09  6.279E-01  1.125E-06  7.010E-09  6.230E-01  1.703E-11  3.126E-13  0.000E+00
   1.995E+02  2.042E+02  1.205E-06  7.090E-09  5.885E-01  1.205E-06  7.026E-09  5.832E-01  1.494E-11  3.161E-13  0.000E+00
   2.089E+02  2.139E+02  1.249E-06  7.111E-09  5.695E-01  1.249E-06  7.043E-09  5.641E-01  2.343E-11  3.218E-13  0.000E+00
   2.188E+02  2.239E+02  1.263E-06  7.087E-09  5.613E-01  1.263E-06  7.018E-09  5.558E-01  9.610E-12  3.213E-13  0.000E+00
   2.291E+02  2.345E+02  1.248E-06  7.072E-09  5.668E-01  1.248E-06  7.004E-09  5.613E-01  2.599E-11  3.288E-13  0.000E+00
   2.399E+02  2.455E+02  1.220E-06  6.905E-09  5.660E-01  1.220E-06  6.838E-09  5.605E-01  1.450E-11  3.175E-13  0.000E+00
   2.512E+02  2.571E+02  1.176E-06  6.776E-09  5.760E-01  1.176E-06  6.713E-09  5.707E-01  3.044E-12  3.281E-13  0.000E+00
   2.630E+02  2.692E+02  1.196E-06  6.676E-09  5.581E-01  1.196E-06  6.609E-09  5.525E-01  6.673E-12  3.035E-13  0.000E+00
   2.754E+02  2.819E+02  1.080E-06  6.383E-09  5.908E-01  1.080E-06  6.326E-09  5.856E-01  2.431E-12  3.139E-13  0.000E+00
   2.884E+02  2.952E+02  1.067E-06  6.312E-09  5.915E-01  1.067E-06  6.256E-09  5.863E-01  1.913E-11  3.234E-13  0.000E+00
   3.020E+02  3.091E+02  1.027E-06  6.167E-09  6.008E-01  1.026E-06  6.114E-09  5.956E-01  1.368E-11  3.017E-13  0.000E+00
   3.162E+02  3.237E+02  1.004E-06  6.102E-09  6.079E-01  1.004E-06  6.051E-09  6.028E-01  4.897E-12  3.313E-13  0.000E+00
   3.311E+02  3.389E+02  9.745E-07  5.941E-09  6.096E-01  9.745E-07  5.891E-09  6.045E-01  1.130E-11  3.262E-13  0.000E+00
   3.467E+02  3.549E+02  9.654E-07  5.929E-09  6.141E-01  9.654E-07  5.880E-09  6.091E-01  9.722E-12  3.376E-13  0.000E+00
   3.631E+02  3.716E+02  9.390E-07  5.788E-09  6.164E-01  9.390E-07  5.741E-09  6.113E-01  8.259E-12  3.363E-13  0.000E+00
   3.802E+02  3.891E+02  9.305E-07  5.741E-09  6.170E-01  9.305E-07  5.694E-09  6.120E-01  4.361E-12  3.428E-13  0.000E+00
   3.981E+02  4.075E+02  9.257E-07  5.745E-09  6.206E-01  9.257E-07  5.699E-09  6.156E-01  1.191E-11  3.535E-13  0.000E+00
   4.169E+02  4.267E+02  8.994E-07  5.552E-09  6.174E-01  8.994E-07  5.507E-09  6.123E-01  5.520E-12  3.583E-13  0.000E+00
   4.365E+02  4.468E+02  8.941E-07  5.517E-09  6.170E-01  8.941E-07  5.472E-09  6.120E-01  1.001E-11  3.726E-13  0.000E+00
   4.571E+02  4.679E+02  8.758E-07  5.425E-09  6.194E-01  8.758E-07  5.381E-09  6.144E-01  7.994E-12  3.649E-13  0.000E+00
   4.786E+02  4.899E+02  8.929E-07  5.314E-09  5.951E-01  8.929E-07  5.267E-09  5.899E-01  9.956E-12  3.738E-13  0.000E+00
   5.012E+02  5.130E+02  1.577E-06  7.799E-09  4.944E-01  1.577E-06  7.700E-09  4.881E-01  1.174E-11  1.003E-12  0.000E+00
   5.248E+02  5.372E+02  3.993E-07  2.703E-09  6.769E-01  3.993E-07  2.684E-09  6.723E-01  1.490E-11  1.297E-14  0.000E+00
   5.495E+02  5.625E+02  3.839E-07  2.590E-09  6.746E-01  3.839E-07  2.572E-09  6.701E-01  4.291E-11  1.302E-14  0.000E+00
   5.754E+02  5.890E+02  3.788E-07  2.532E-09  6.686E-01  3.787E-07  2.515E-09  6.640E-01  1.137E-11  1.311E-14  0.000E+00
   6.026E+02  6.168E+02  3.743E-07  2.476E-09  6.613E-01  3.743E-07  2.458E-09  6.566E-01  1.032E-11  1.328E-14  0.000E+00
   6.310E+02  6.458E+02  3.712E-07  2.444E-09  6.584E-01  3.712E-07  2.427E-09  6.537E-01  1.586E-11  1.343E-14  0.000E+00
   6.607E+02  6.763E+02  3.653E-07  2.370E-09  6.488E-01  3.653E-07  2.353E-09  6.440E-01  8.017E-12  1.209E-14  0.000E+00
   6.918E+02  7.081E+02  3.642E-07  2.334E-09  6.408E-01  3.640E-07  2.317E-09  6.364E-01  2.085E-10  1.281E-14  0.000E+00
   7.244E+02  7.415E+02  4.120E-07  2.455E-09  5.959E-01  4.120E-07  2.434E-09  5.907E-01  0.000E+00  1.260E-14  0.000E+00
   7.586E+02  7.765E+02  3.890E-07  2.446E-09  6.288E-01  3.890E-07  2.427E-09  6.239E-01  0.000E+00  1.254E-14  0.000E+00
   7.943E+02  8.130E+02  4.117E-07  2.255E-09  5.477E-01  4.117E-07  2.231E-09  5.420E-01  0.000E+00  1.209E-14  0.000E+00
   8.318E+02  8.514E+02  7.233E-06  1.327E-08  1.835E-01  7.233E-06  1.199E-08  1.658E-01  0.000E+00  1.220E-14  0.000E+00
   8.710E+02  8.915E+02  1.479E-07  1.339E-09  9.050E-01  1.479E-07  1.333E-09  9.016E-01  0.000E+00  1.154E-14  0.000E+00
   9.120E+02  9.335E+02  1.435E-07  1.270E-09  8.849E-01  1.435E-07  1.265E-09  8.814E-01  0.000E+00  1.235E-14  0.000E+00
   9.550E+02  9.775E+02  2.393E-07  2.033E-09  8.497E-01  2.393E-07  2.024E-09  8.460E-01  0.000E+00  1.116E-14  0.000E+00
   1.000E+03  1.024E+03  1.008E-06  4.874E-09  4.835E-01  1.008E-06  4.809E-09  4.771E-01  0.000E+00  1.220E-14  0.000E+00
   1.047E+03  1.072E+03  1.198E-07  1.123E-09  9.374E-01  1.198E-07  1.119E-09  9.341E-01  0.000E+00  1.272E-14  0.000E+00
   1.096E+03  1.122E+03  1.223E-07  1.139E-09  9.309E-01  1.223E-07  1.135E-09  9.276E-01  0.000E+00  1.233E-14  0.000E+00
   1.148E+03  1.175E+03  2.484E-07  2.048E-09  8.243E-01  2.484E-07  2.038E-09  8.205E-01  0.000E+00  8.652E-13  0.000E+00
   1.202E+03  1.231E+03  3.675E-06  8.386E-09  2.282E-01  3.675E-06  7.873E-09  2.142E-01  0.000E+00  5.354E-17  0.000E+00
   1.259E+03  1.289E+03  3.376E-08  5.195E-10  1.539E+00  3.376E-08  5.188E-10  1.537E+00  0.000E+00  7.075E-17  0.000E+00
   1.318E+03  1.349E+03  2.576E-07  2.212E-09  8.586E-01  2.576E-07  2.203E-09  8.550E-01  0.000E+00  5.829E-17  0.000E+00
   1.380E+03  1.413E+03  3.782E-08  6.133E-10  1.622E+00  3.782E-08  6.125E-10  1.620E+00  0.000E+00  6.557E-17  0.000E+00
   1.445E+03  1.480E+03  3.011E-08  4.785E-10  1.589E+00  3.011E-08  4.779E-10  1.587E+00  0.000E+00  6.021E-15  0.000E+00
   1.514E+03  1.549E+03  3.055E-08  4.091E-10  1.339E+00  3.055E-08  4.084E-10  1.337E+00  0.000E+00  6.885E-20  0.000E+00
   1.585E+03  1.622E+03  2.950E-08  4.659E-10  1.579E+00  2.950E-08  4.653E-10  1.577E+00  0.000E+00  4.576E-20  0.000E+00
   1.660E+03  1.699E+03  2.722E-08  4.126E-10  1.516E+00  2.722E-08  4.120E-10  1.513E+00  0.000E+00  0.000E+00  0.000E+00
   1.738E+03  1.779E+03  6.728E-07  3.209E-09  4.770E-01  6.728E-07  3.165E-09  4.705E-01  0.000E+00  8.457E-19  0.000E+00
   1.820E+03  1.863E+03  1.555E-08  2.834E-10  1.822E+00  1.555E-08  2.831E-10  1.821E+00  0.000E+00  4.841E-19  0.000E+00
   1.905E+03  1.950E+03  4.222E-08  6.820E-10  1.615E+00  4.222E-08  6.812E-10  1.613E+00  0.000E+00  4.274E-18  0.000E+00
   1.995E+03  2.042E+03  4.073E-07  2.362E-09  5.800E-01  4.073E-07  2.340E-09  5.746E-01  0.000E+00  6.460E-18  0.000E+00
   2.089E+03  2.139E+03  2.076E-08  4.496E-10  2.166E+00  2.076E-08  4.493E-10  2.164E+00  0.000E+00  8.989E-18  0.000E+00
   2.188E+03  2.239E+03  2.491E-08  4.971E-10  1.996E+00  2.491E-08  4.967E-10  1.994E+00  0.000E+00  1.263E-18  0.000E+00
   2.291E+03  2.345E+03  1.128E-08  2.570E-10  2.278E+00  1.128E-08  2.568E-10  2.277E+00  0.000E+00  9.396E-19  0.000E+00
   2.399E+03  2.455E+03  9.303E-09  1.989E-10  2.138E+00  9.303E-09  1.988E-10  2.137E+00  0.000E+00  2.386E-20  0.000E+00
   2.512E+03  2.571E+03  5.075E-07  2.389E-09  4.707E-01  5.075E-07  2.355E-09  4.641E-01  0.000E+00  1.812E-18  0.000E+00
   2.630E+03  2.692E+03  3.395E-09  1.132E-10  3.333E+00  3.395E-09  1.131E-10  3.332E+00  0.000E+00  5.730E-16  0.000E+00
   2.754E+03  2.819E+03  3.588E-09  1.145E-10  3.192E+00  3.588E-09  1.145E-10  3.191E+00  0.000E+00  0.000E+00  0.000E+00
   2.884E+03  2.952E+03  3.019E-08  5.366E-10  1.778E+00  3.019E-08  5.361E-10  1.776E+00  0.000E+00  0.000E+00  0.000E+00
   3.020E+03  3.091E+03  2.839E-09  9.514E-11  3.351E+00  2.839E-09  9.512E-11  3.350E+00  0.000E+00  0.000E+00  0.000E+00
   3.162E+03  3.237E+03  3.019E-07  1.671E-09  5.533E-01  3.019E-07  1.654E-09  5.477E-01  0.000E+00  0.000E+00  0.000E+00
   3.311E+03  3.389E+03  2.085E-08  4.340E-10  2.081E+00  2.085E-08  4.337E-10  2.080E+00  0.000E+00  0.000E+00  0.000E+00
   3.467E+03  3.549E+03  4.849E-09  2.099E-10  4.328E+00  4.849E-09  2.098E-10  4.327E+00  0.000E+00  0.000E+00  0.000E+00
   3.631E+03  3.716E+03  1.000E-30  1.000E-90  0.000E+00  0.000E+00  0.000E+00  0.000E+00  0.000E+00  0.000E+00  0.000E+00
   3.802E+03  3.891E+03  1.000E-30  1.000E-90  0.000E+00  0.000E+00  0.000E+00  0.000E+00  0.000E+00  0.000E+00  0.000E+00
   3.981E+03  4.075E+03  1.000E-30  1.000E-90  0.000E+00  0.000E+00  0.000E+00  0.000E+00  0.000E+00  0.000E+00  0.000E+00
   4.169E+03  4.267E+03  1.000E-30  1.000E-90  0.000E+00  0.000E+00  0.000E+00  0.000E+00  0.000E+00  0.000E+00  0.000E+00
   4.365E+03  4.468E+03  1.000E-30  1.000E-90  0.000E+00  0.000E+00  0.000E+00  0.000E+00  0.000E+00  0.000E+00  0.000E+00
   4.571E+03  4.679E+03  1.000E-30  1.000E-90  0.000E+00  0.000E+00  0.000E+00  0.000E+00  0.000E+00  0.000E+00  0.000E+00
   4.786E+03  4.899E+03  1.000E-30  1.000E-90  0.000E+00  0.000E+00  0.000E+00  0.000E+00  0.000E+00  0.000E+00  0.000E+00
   5.012E+03  5.025E+05  1.000E-30  1.000E-90  0.000E+00  0.000E+00  0.000E+00  0.000E+00  0.000E+00  0.000E+00  0.000E+00
      1.096E-02     0.000E+00     0.000E+00     0.000E+00
      1.202E-02     0.000E+00     0.000E+00     0.000E+00
      1.318E-02     0.000E+00     0.000E+00     0.000E+00
      1.445E-02     0.000E+00     0.000E+00     0.000E+00
      1.585E-02     0.000E+00     0.000E+00     0.000E+00
      1.738E-02     0.000E+00     0.000E+00     0.000E+00
      1.905E-02     0.000E+00     0.000E+00     0.000E+00
      2.089E-02     0.000E+00     0.000E+00     0.000E+00
      2.291E-02     0.000E+00     0.000E+00     0.000E+00
      2.512E-02     0.000E+00     0.000E+00     0.000E+00
      2.754E-02     0.000E+00     0.000E+00     0.000E+00
      3.020E-02     0.000E+00     0.000E+00     0.000E+00
      3.311E-02     0.000E+00     0.000E+00     0.000E+00
      3.631E-02     0.000E+00     0.000E+00     0.000E+00
      3.981E-02     0.000E+00     0.000E+00     0.000E+00
      4.365E-02     0.000E+00     0.000E+00     0.000E+00
      4.786E-02     0.000E+00     0.000E+00     0.000E+00
      5.248E-02     0.000E+00     0.000E+00     0.000E+00
      5.754E-02     0.000E+00     0.000E+00     0.000E+00
      6.310E-02     0.000E+00     0.000E+00     0.000E+00
      6.918E-02     0.000E+00     0.000E+00     0.000E+00
      7.586E-02     0.000E+00     0.000E+00     0.000E+00
      8.318E-02     0.000E+00     0.000E+00     0.000E+00
      9.120E-02     0.000E+00     0.000E+00     0.000E+00
      1.000E-01     0.000E+00     0.000E+00     0.000E+00
      1.096E-01     0.000E+00     0.000E+00     0.000E+00
      1.202E-01     0.000E+00     0.000E+00     0.000E+00
      1.318E-01     0.000E+00     0.000E+00     0.000E+00
      1.445E-01     0.000E+00     0.000E+00     0.000E+00
      1.585E-01     0.000E+00     0.000E+00     0.000E+00
      1.738E-01     4.442E-33     0.000E+00     0.000E+00
      1.905E-01     3.866E-32     0.000E+00     0.000E+00
      2.089E-01     6.634E-31     0.000E+00     0.000E+00
      2.291E-01     6.262E-30     5.599E-21     8.940E+10
      2.512E-01     3.621E-33     2.628E-29     7.260E+05
      2.754E-01     7.717E-13     0.000E+00     0.000E+00
      3.020E-01     1.405E-30     0.000E+00     0.000E+00
      3.311E-01     4.952E-30     1.660E-25     3.352E+06
      3.631E-01     1.307E-18     0.000E+00     0.000E+00
      3.981E-01     1.293E-30     1.308E-24     1.012E+08
      4.365E-01     4.527E-30     1.618E-24     3.574E+07
      4.786E-01     5.058E-31     1.554E-19     3.072E+13
      5.248E-01     4.324E-11     0.000E+00     0.000E+00
      5.754E-01     3.849E-28     6.721E-20     1.746E+10
      6.310E-01     8.117E-29     7.622E-18     9.391E+12
      6.918E-01     3.323E-27     4.080E-26     1.228E+03
      7.586E-01     1.444E-27     9.636E-23     6.671E+06
      8.318E-01     1.257E-13     0.000E+00     0.000E+00
      9.120E-01     1.972E-29     1.319E-29     6.685E+01
