   0.000E+00  5.000E-01  1.000E-30  1.000E-90  0.000E+00  0.000E+00  0.000E+00  0.000E+00  0.000E+00  0.000E+00  0.000E+00
   1.000E+00  1.024E+00  1.000E-30  3.854E-32  1.157E+01  3.267E-31  3.852E-32  1.179E+01  6.470E-33  3.638E-37  0.000E+00
   1.047E+00  1.072E+00  1.000E-30  1.000E-90  0.000E+00  0.000E+00  0.000E+00  0.000E+00  0.000E+00  0.000E+00  0.000E+00
   1.096E+00  1.122E+00  1.000E-30  1.000E-90  0.000E+00  0.000E+00  0.000E+00  0.000E+00  0.000E+00  0.000E+00  0.000E+00
   1.148E+00  1.175E+00  1.000E-30  1.000E-90  0.000E+00  0.000E+00  0.000E+00  0.000E+00  0.000E+00  0.000E+00  0.000E+00
   1.202E+00  1.231E+00  2.790E-29  2.788E-31  9.993E-01  2.745E-29  2.779E-31  1.012E+00  4.472E-31  2.427E-35  0.000E+00
   1.259E+00  1.289E+00  9.135E-30  6.166E-30  6.750E+01  9.135E-30  6.166E-30  6.750E+01  0.000E+00  0.000E+00  0.000E+00
   1.318E+00  1.349E+00  1.000E-30  1.000E-90  0.000E+00  0.000E+00  0.000E+00  0.000E+00  0.000E+00  0.000E+00  0.000E+00
   1.380E+00  1.413E+00  1.000E-30  1.000E-90  0.000E+00  0.000E+00  0.000E+00  0.000E+00  0.000E+00  0.000E+00  0.000E+00
   1.445E+00  1.480E+00  3.817E-30  1.219E-31  3.193E+00  3.765E-30  1.218E-31  3.235E+00  5.149E-32  3.152E-36  0.000E+00
   1.514E+00  1.549E+00  1.000E-30  9.419E-33  6.750E+01  1.395E-32  9.419E-33  6.750E+01  0.000E+00  0.000E+00  0.000E+00
   1.585E+00  1.622E+00  1.000E-30  1.000E-90  0.000E+00  0.000E+00  0.000E+00  0.000E+00  0.000E+00  0.000E+00  0.000E+00
   1.660E+00  1.699E+00  1.000E-30  1.650E-32  1.769E+01  9.056E-32  1.650E-32  1.822E+01  2.735E-33  3.208E-38  0.000E+00
   1.738E+00  1.779E+00  8.502E-28  1.396E-30  1.642E-01  8.213E-28  1.260E-30  1.535E-01  2.897E-29  6.713E-34  0.000E+00
   1.820E+00  1.863E+00  1.000E-30  1.000E-90  0.000E+00  0.000E+00  0.000E+00  0.000E+00  0.000E+00  0.000E+00  0.000E+00
   1.905E+00  1.950E+00  1.000E-30  1.000E-90  0.000E+00  0.000E+00  0.000E+00  0.000E+00  0.000E+00  0.000E+00  0.000E+00
   1.995E+00  2.042E+00  1.484E-30  6.770E-32  4.563E+00  1.405E-30  6.754E-32  4.808E+00  7.909E-32  2.329E-36  0.000E+00
   2.089E+00  2.139E+00  1.000E-30  1.000E-90  0.000E+00  0.000E+00  0.000E+00  0.000E+00  0.000E+00  0.000E+00  0.000E+00
   2.188E+00  2.239E+00  1.000E-30  1.736E-36  6.750E+01  0.000E+00  0.000E+00  0.000E+00  0.000E+00  2.572E-36  0.000E+00
   2.291E+00  2.345E+00  3.199E-24  7.276E-25  2.274E+01  3.193E-24  7.276E-25  2.278E+01  5.921E-27  1.734E-30  0.000E+00
   2.399E+00  2.455E+00  1.000E-30  1.000E-90  0.000E+00  0.000E+00  0.000E+00  0.000E+00  0.000E+00  0.000E+00  0.000E+00
   2.512E+00  2.571E+00  1.863E-22  9.686E-23  5.200E+01  1.859E-22  9.686E-23  5.209E+01  3.094E-25  9.064E-29  0.000E+00
   2.630E+00  2.692E+00  1.000E-30  1.000E-90  0.000E+00  0.000E+00  0.000E+00  0.000E+00  0.000E+00  0.000E+00  0.000E+00
   2.754E+00  2.819E+00  1.000E-30  1.000E-90  0.000E+00  0.000E+00  0.000E+00  0.000E+00  0.000E+00  0.000E+00  0.000E+00
   2.884E+00  2.952E+00  3.185E-19  8.794E-20  2.761E+01  3.151E-19  8.793E-20  2.790E+01  3.393E-21  7.874E-25  0.000E+00
   3.020E+00  3.091E+00  3.275E-30  2.210E-30  6.750E+01  3.275E-30  2.210E-30  6.750E+01  0.000E+00  0.000E+00  0.000E+00
   3.162E+00  3.237E+00  1.000E-30  2.837E-38  6.749E+01  8.917E-42  6.019E-42  6.750E+01  0.000E+00  4.203E-38  0.000E+00
   3.311E+00  3.389E+00  1.806E-17  1.014E-17  5.613E+01  1.806E-17  1.014E-17  5.613E+01  1.182E-22  9.155E-26  0.000E+00
   3.467E+00  3.549E+00  1.000E-30  1.275E-38  6.648E+01  1.894E-38  1.275E-38  6.729E+01  0.000E+00  2.312E-40  0.000E+00
   3.631E+00  3.716E+00  5.197E-18  1.676E-18  3.225E+01  5.063E-18  1.675E-18  3.309E+01  1.339E-19  5.858E-25  0.000E+00
   3.802E+00  3.891E+00  1.000E-30  1.000E-90  0.000E+00  0.000E+00  0.000E+00  0.000E+00  0.000E+00  0.000E+00  0.000E+00
   3.981E+00  4.075E+00  1.000E-30  1.000E-90  0.000E+00  0.000E+00  0.000E+00  0.000E+00  0.000E+00  0.000E+00  0.000E+00
   4.169E+00  4.267E+00  1.497E-29  5.834E-30  3.897E+01  1.497E-29  5.834E-30  3.897E+01  0.000E+00  3.814E-38  0.000E+00
   4.365E+00  4.468E+00  1.422E-23  8.861E-24  6.234E+01  1.421E-23  8.861E-24  6.234E+01  1.178E-27  2.720E-31  0.000E+00
   4.571E+00  4.679E+00  4.233E-30  2.021E-30  4.775E+01  4.233E-30  2.021E-30  4.775E+01  0.000E+00  1.975E-37  0.000E+00
   4.786E+00  4.899E+00  1.220E-29  3.113E-30  2.552E+01  1.214E-29  3.113E-30  2.563E+01  5.369E-32  5.318E-36  0.000E+00
   5.012E+00  5.130E+00  1.000E-30  9.869E-39  6.750E+01  0.000E+00  0.000E+00  0.000E+00  0.000E+00  1.462E-38  0.000E+00
   5.248E+00  5.372E+00  2.312E-20  9.211E-21  3.984E+01  1.929E-20  8.984E-21  4.658E+01  3.833E-21  1.183E-26  0.000E+00
   5.495E+00  5.625E+00  2.814E-28  1.900E-28  6.750E+01  2.814E-28  1.900E-28  6.750E+01  0.000E+00  8.421E-36  0.000E+00
   5.754E+00  5.890E+00  1.408E-22  4.266E-23  3.029E+01  3.375E-23  8.828E-24  2.616E+01  1.070E-22  1.578E-26  0.000E+00
   6.026E+00  6.168E+00  1.592E-20  1.047E-20  6.574E+01  1.590E-20  1.047E-20  6.584E+01  2.415E-23  4.777E-27  0.000E+00
   6.310E+00  6.458E+00  6.106E-16  1.397E-16  2.288E+01  6.004E-16  1.397E-16  2.326E+01  7.495E-18  2.744E-18  0.000E+00
   6.607E+00  6.763E+00  2.427E-27  1.425E-27  5.873E+01  2.114E-27  1.409E-27  6.667E+01  1.094E-30  3.116E-28  0.000E+00
   6.918E+00  7.081E+00  5.882E-18  1.353E-18  2.300E+01  5.882E-18  1.353E-18  2.300E+01  2.691E-23  1.047E-23  0.000E+00
   7.244E+00  7.415E+00  1.351E-16  5.605E-17  4.148E+01  1.350E-16  5.605E-17  4.150E+01  6.731E-20  8.123E-22  0.000E+00
   7.586E+00  7.765E+00  3.729E-30  1.809E-30  4.851E+01  3.729E-30  1.809E-30  4.851E+01  0.000E+00  1.610E-36  0.000E+00
   7.943E+00  8.130E+00  3.320E-22  2.241E-22  6.750E+01  3.320E-22  2.241E-22  6.750E+01  0.000E+00  9.130E-37  0.000E+00
   8.318E+00  8.514E+00  4.456E-25  3.008E-25  6.750E+01  3.829E-30  1.900E-30  4.961E+01  0.000E+00  4.456E-25  0.000E+00
   8.710E+00  8.915E+00  4.861E-22  3.281E-22  6.750E+01  4.861E-22  3.281E-22  6.750E+01  0.000E+00  3.831E-36  0.000E+00
   9.120E+00  9.335E+00  4.803E-21  3.242E-21  6.750E+01  4.803E-21  3.242E-21  6.750E+01  0.000E+00  8.676E-41  0.000E+00
   9.550E+00  9.775E+00  1.947E-30  9.553E-31  4.907E+01  1.947E-30  9.553E-31  4.907E+01  0.000E+00  1.022E-36  0.000E+00
   1.000E+01  1.024E+01  1.751E-19  1.182E-19  6.750E+01  1.751E-19  1.182E-19  6.750E+01  0.000E+00  3.241E-41  0.000E+00
   1.047E+01  1.072E+01  5.776E-28  3.880E-28  6.718E+01  5.776E-28  3.880E-28  6.718E+01  0.000E+00  4.135E-37  0.000E+00
   1.096E+01  1.122E+01  4.842E-22  3.268E-22  6.750E+01  2.718E-30  1.330E-30  4.893E+01  0.000E+00  4.842E-22  0.000E+00
   1.148E+01  1.175E+01  3.956E-19  2.670E-19  6.750E+01  1.964E-30  8.241E-31  4.196E+01  0.000E+00  3.956E-19  0.000E+00
   1.202E+01  1.231E+01  1.159E-17  5.899E-18  5.090E+01  1.950E-21  1.057E-21  5.419E+01  0.000E+00  1.159E-17  0.000E+00
   1.259E+01  1.289E+01  3.032E-17  2.046E-17  6.749E+01  2.908E-30  1.168E-30  4.018E+01  3.032E-17  6.294E-37  0.000E+00
   1.318E+01  1.349E+01  4.895E-13  1.302E-13  2.659E+01  1.905E-13  1.270E-13  6.665E+01  2.989E-13  2.803E-17  0.000E+00
   1.380E+01  1.413E+01  1.787E-10  2.027E-12  1.134E+00  2.952E-18  1.988E-18  6.734E+01  1.787E-10  1.492E-19  0.000E+00
   1.445E+01  1.480E+01  1.101E-18  7.409E-19  6.727E+01  1.185E-26  3.510E-27  2.961E+01  0.000E+00  1.101E-18  0.000E+00
   1.514E+01  1.549E+01  4.789E-17  2.475E-17  5.169E+01  1.456E-18  9.823E-19  6.747E+01  0.000E+00  4.643E-17  0.000E+00
   1.585E+01  1.622E+01  3.760E-13  2.537E-13  6.748E+01  3.759E-13  2.537E-13  6.750E+01  0.000E+00  8.803E-17  0.000E+00
   1.660E+01  1.699E+01  5.381E-13  2.463E-13  4.576E+01  5.381E-13  2.463E-13  4.576E+01  0.000E+00  6.552E-19  0.000E+00
   1.738E+01  1.779E+01  1.111E-11  4.796E-12  4.316E+01  1.111E-11  4.796E-12  4.316E+01  0.000E+00  3.024E-16  0.000E+00
   1.820E+01  1.863E+01  1.711E-16  6.306E-17  3.685E+01  7.009E-21  3.723E-21  5.312E+01  0.000E+00  1.711E-16  0.000E+00
   1.905E+01  1.950E+01  8.361E-15  3.249E-15  3.886E+01  8.135E-15  3.246E-15  3.990E+01  0.000E+00  2.255E-16  0.000E+00
   1.995E+01  2.042E+01  3.626E-12  2.444E-12  6.741E+01  3.626E-12  2.444E-12  6.741E+01  0.000E+00  1.714E-16  0.000E+00
   2.089E+01  2.139E+01  3.400E-12  2.287E-12  6.727E+01  3.399E-12  2.287E-12  6.728E+01  0.000E+00  6.404E-16  0.000E+00
   2.188E+01  2.239E+01  1.519E-11  1.025E-11  6.749E+01  1.519E-11  1.025E-11  6.750E+01  0.000E+00  1.397E-15  0.000E+00
   2.291E+01  2.345E+01  1.870E-13  1.095E-13  5.855E+01  1.855E-13  1.095E-13  5.902E+01  0.000E+00  1.488E-15  0.000E+00
   2.399E+01  2.455E+01  2.448E-10  1.372E-10  5.605E+01  2.448E-10  1.372E-10  5.605E+01  1.673E-36  1.116E-15  0.000E+00
   2.512E+01  2.571E+01  1.145E-11  4.956E-12  4.327E+01  1.145E-11  4.956E-12  4.328E+01  3.206E-30  1.468E-15  0.000E+00
   2.630E+01  2.692E+01  2.856E-11  1.913E-11  6.698E+01  2.855E-11  1.913E-11  6.698E+01  3.805E-20  3.053E-15  0.000E+00
   2.754E+01  2.819E+01  1.102E-10  3.755E-11  3.408E+01  1.102E-10  3.755E-11  3.408E+01  1.328E-20  3.616E-15  0.000E+00
   2.884E+01  2.952E+01  1.474E-10  7.572E-11  5.136E+01  1.474E-10  7.572E-11  5.136E+01  4.143E-19  1.433E-15  0.000E+00
   3.020E+01  3.091E+01  7.124E-10  2.734E-10  3.838E+01  7.124E-10  2.734E-10  3.838E+01  1.832E-17  1.820E-15  0.000E+00
   3.162E+01  3.237E+01  1.361E-10  4.508E-11  3.312E+01  1.361E-10  4.508E-11  3.312E+01  1.083E-17  3.191E-15  0.000E+00
   3.311E+01  3.389E+01  3.920E-10  1.204E-10  3.072E+01  3.920E-10  1.204E-10  3.072E+01  9.152E-15  3.844E-15  0.000E+00
   3.467E+01  3.549E+01  7.364E-11  3.324E-11  4.513E+01  7.363E-11  3.324E-11  4.514E+01  6.922E-15  3.426E-15  0.000E+00
   3.631E+01  3.716E+01  5.013E-10  2.063E-10  4.115E+01  5.013E-10  2.063E-10  4.115E+01  1.282E-14  8.377E-15  0.000E+00
   3.802E+01  3.891E+01  6.803E-10  2.302E-10  3.384E+01  6.802E-10  2.302E-10  3.384E+01  5.695E-14  7.570E-15  0.000E+00
   3.981E+01  4.075E+01  9.784E-10  3.711E-10  3.793E+01  9.782E-10  3.711E-10  3.793E+01  1.892E-13  6.536E-15  0.000E+00
   4.169E+01  4.267E+01  1.818E-09  4.545E-10  2.501E+01  1.816E-09  4.545E-10  2.503E+01  1.659E-12  7.960E-15  0.000E+00
   4.365E+01  4.468E+01  4.227E-09  7.579E-10  1.793E+01  4.223E-09  7.579E-10  1.795E+01  3.894E-12  1.444E-14  0.000E+00
   4.571E+01  4.679E+01  3.721E-09  6.372E-10  1.712E+01  3.713E-09  6.372E-10  1.716E+01  8.491E-12  2.810E-14  0.000E+00
   4.786E+01  4.899E+01  5.489E-09  9.016E-10  1.643E+01  5.468E-09  9.016E-10  1.649E+01  2.035E-11  3.459E-14  0.000E+00
   5.012E+01  5.130E+01  4.896E-09  6.218E-10  1.270E+01  4.854E-09  6.217E-10  1.281E+01  4.266E-11  4.890E-14  0.000E+00
   5.248E+01  5.372E+01  5.520E-09  6.474E-10  1.173E+01  5.429E-09  6.473E-10  1.192E+01  9.068E-11  1.762E-13  0.000E+00
   5.495E+01  5.625E+01  8.922E-09  1.025E-09  1.149E+01  8.762E-09  1.025E-09  1.170E+01  1.590E-10  2.330E-13  0.000E+00
   5.754E+01  5.890E+01  1.029E-08  9.496E-10  9.232E+00  1.002E-08  9.495E-10  9.475E+00  2.647E-10  2.480E-13  0.000E+00
   6.026E+01  6.168E+01  1.598E-08  1.208E-09  7.564E+00  1.546E-08  1.208E-09  7.815E+00  5.145E-10  4.761E-13  0.000E+00
   6.310E+01  6.458E+01  1.997E-08  1.211E-09  6.062E+00  1.880E-08  1.211E-09  6.440E+00  1.176E-09  4.893E-13  0.000E+00
   6.607E+01  6.763E+01  3.389E-08  1.713E-09  5.056E+00  3.212E-08  1.713E-09  5.332E+00  1.758E-09  7.576E-12  0.000E+00
   6.918E+01  7.081E+01  4.070E-08  1.792E-09  4.402E+00  3.846E-08  1.791E-09  4.657E+00  2.239E-09  2.436E-13  0.000E+00
   7.244E+01  7.415E+01  4.710E-08  1.755E-09  3.725E+00  4.431E-08  1.754E-09  3.958E+00  2.793E-09  2.900E-13  0.000E+00
   7.586E+01  7.765E+01  6.749E-08  1.940E-09  2.874E+00  6.383E-08  1.939E-09  3.037E+00  3.649E-09  7.413E-12  0.000E+00
   7.943E+01  8.130E+01  8.940E-08  2.125E-09  2.377E+00  8.367E-08  2.124E-09  2.538E+00  5.724E-09  6.981E-14  0.000E+00
   8.318E+01  8.514E+01  1.177E-07  2.237E-09  1.900E+00  1.040E-07  2.234E-09  2.148E+00  1.372E-08  7.433E-14  0.000E+00
   8.710E+01  8.915E+01  1.472E-07  2.167E-09  1.471E+00  1.317E-07  2.163E-09  1.642E+00  1.555E-08  8.349E-14  0.000E+00
   9.120E+01  9.335E+01  1.868E-07  2.511E-09  1.344E+00  1.705E-07  2.507E-09  1.470E+00  1.631E-08  9.915E-14  0.000E+00
   9.550E+01  9.775E+01  2.192E-07  2.662E-09  1.214E+00  2.021E-07  2.656E-09  1.314E+00  1.716E-08  1.130E-13  0.000E+00
   1.000E+02  1.024E+02  2.658E-07  3.829E-09  1.440E+00  2.465E-07  3.817E-09  1.548E+00  1.931E-08  1.339E-13  0.000E+00
   1.047E+02  1.072E+02  3.114E-07  4.033E-09  1.295E+00  2.885E-07  4.018E-09  1.393E+00  2.289E-08  1.489E-13  0.000E+00
   1.096E+02  1.122E+02  3.632E-07  4.143E-09  1.140E+00  3.351E-07  4.124E-09  1.231E+00  2.819E-08  1.617E-13  0.000E+00
   1.148E+02  1.175E+02  4.220E-07  4.494E-09  1.065E+00  3.877E-07  4.472E-09  1.154E+00  3.432E-08  1.719E-13  0.000E+00
   1.202E+02  1.231E+02  8.079E-07  4.667E-09  5.777E-01  4.380E-07  4.525E-09  1.033E+00  3.700E-07  1.904E-13  0.000E+00
   1.259E+02  1.289E+02  5.036E-07  4.941E-09  9.811E-01  5.000E-07  4.925E-09  9.851E-01  3.673E-09  2.063E-13  0.000E+00
   1.318E+02  1.349E+02  5.896E-07  5.013E-09  8.503E-01  5.409E-07  4.980E-09  9.207E-01  4.868E-08  2.046E-13  0.000E+00
   1.380E+02  1.413E+02  5.755E-07  5.135E-09  8.923E-01  5.754E-07  5.116E-09  8.891E-01  9.376E-12  2.309E-13  0.000E+00
   1.445E+02  1.480E+02  6.128E-07  5.303E-09  8.654E-01  6.127E-07  5.282E-09  8.620E-01  6.991E-12  2.431E-13  0.000E+00
   1.514E+02  1.549E+02  6.704E-07  5.348E-09  7.977E-01  6.704E-07  5.323E-09  7.941E-01  1.292E-11  2.609E-13  0.000E+00
   1.585E+02  1.622E+02  6.856E-07  5.524E-09  8.057E-01  6.856E-07  5.499E-09  8.021E-01  1.687E-11  2.801E-13  0.000E+00
   1.660E+02  1.699E+02  7.080E-07  5.464E-09  7.717E-01  7.080E-07  5.437E-09  7.679E-01  1.245E-11  3.219E-13  0.000E+00
   1.738E+02  1.779E+02  7.612E-07  5.825E-09  7.652E-01  7.612E-07  5.795E-09  7.614E-01  9.187E-12  3.105E-13  0.000E+00
   1.820E+02  1.863E+02  7.301E-07  5.472E-09  7.494E-01  7.301E-07  5.443E-09  7.455E-01  1.451E-11  3.086E-13  0.000E+00
   1.905E+02  1.950E+02  8.019E-07  5.743E-09  7.162E-01  8.019E-07  5.710E-09  7.121E-01  9.930E-12  3.109E-13  0.000E+00
   1.995E+02  2.042E+02  9.152E-07  5.986E-09  6.541E-01  9.152E-07  5.945E-09  6.496E-01  2.164E-11  2.974E-13  0.000E+00
   2.089E+02  2.139E+02  9.319E-07  5.901E-09  6.333E-01  9.319E-07  5.858E-09  6.286E-01  1.065E-11  3.209E-13  0.000E+00
   2.188E+02  2.239E+02  9.725E-07  6.048E-09  6.219E-01  9.724E-07  6.002E-09  6.172E-01  1.067E-11  3.147E-13  0.000E+00
   2.291E+02  2.345E+02  9.469E-07  5.987E-09  6.323E-01  9.469E-07  5.943E-09  6.276E-01  8.786E-12  3.149E-13  0.000E+00
   2.399E+02  2.455E+02  9.255E-07  5.873E-09  6.346E-01  9.255E-07  5.830E-09  6.300E-01  1.922E-11  3.143E-13  0.000E+00
   2.512E+02  2.571E+02  8.940E-07  5.722E-09  6.400E-01  8.940E-07  5.681E-09  6.354E-01  1.350E-11  3.259E-13  0.000E+00
   2.630E+02  2.692E+02  8.748E-07  5.627E-09  6.432E-01  8.748E-07  5.587E-09  6.386E-01  7.969E-12  3.107E-13  0.000E+00
   2.754E+02  2.819E+02  8.556E-07  5.611E-09  6.558E-01  8.556E-07  5.572E-09  6.513E-01  1.105E-11  3.280E-13  0.000E+00
   2.884E+02  2.952E+02  8.244E-07  5.447E-09  6.607E-01  8.244E-07  5.410E-09  6.563E-01  2.151E-11  3.392E-13  0.000E+00
   3.020E+02  3.091E+02  8.198E-07  5.514E-09  6.726E-01  8.198E-07  5.478E-09  6.682E-01  9.897E-12  3.209E-13  0.000E+00
   3.162E+02  3.237E+02  7.945E-07  5.370E-09  6.759E-01  7.945E-07  5.336E-09  6.716E-01  5.869E-12  3.309E-13  0.000E+00
   3.311E+02  3.389E+02  7.646E-07  5.198E-09  6.798E-01  7.646E-07  5.165E-09  6.755E-01  2.529E-11  3.491E-13  0.000E+00
   3.467E+02  3.549E+02  7.695E-07  5.225E-09  6.791E-01  7.694E-07  5.192E-09  6.748E-01  1.849E-11  3.543E-13  0.000E+00
   3.631E+02  3.716E+02  7.614E-07  5.161E-09  6.778E-01  7.614E-07  5.128E-09  6.735E-01  2.439E-11  3.573E-13  0.000E+00
   3.802E+02  3.891E+02  7.404E-07  5.086E-09  6.870E-01  7.403E-07  5.055E-09  6.828E-01  1.869E-11  3.703E-13  0.000E+00
   3.981E+02  4.075E+02  7.516E-07  5.123E-09  6.815E-01  7.516E-07  5.090E-09  6.772E-01  5.452E-12  3.737E-13  0.000E+00
   4.169E+02  4.267E+02  7.534E-07  5.117E-09  6.792E-01  7.534E-07  5.084E-09  6.748E-01  3.072E-12  3.798E-13  0.000E+00
   4.365E+02  4.468E+02  7.424E-07  5.001E-09  6.735E-01  7.424E-07  4.968E-09  6.692E-01  7.382E-12  3.987E-13  0.000E+00
   4.571E+02  4.679E+02  7.400E-07  4.974E-09  6.721E-01  7.400E-07  4.941E-09  6.678E-01  3.715E-12  4.066E-13  0.000E+00
   4.786E+02  4.899E+02  7.696E-07  5.059E-09  6.574E-01  7.696E-07  5.025E-09  6.529E-01  5.782E-12  4.309E-13  0.000E+00
   5.012E+02  5.130E+02  1.557E-06  7.760E-09  4.983E-01  1.557E-06  7.668E-09  4.924E-01  9.954E-12  1.169E-12  0.000E+00
   5.248E+02  5.372E+02  2.637E-07  1.896E-09  7.192E-01  2.636E-07  1.885E-09  7.151E-01  5.391E-12  9.782E-15  0.000E+00
   5.495E+02  5.625E+02  2.621E-07  1.865E-09  7.116E-01  2.620E-07  1.854E-09  7.076E-01  4.381E-11  9.984E-15  0.000E+00
   5.754E+02  5.890E+02  2.553E-07  1.793E-09  7.024E-01  2.553E-07  1.782E-09  6.982E-01  2.857E-12  9.587E-15  0.000E+00
   6.026E+02  6.168E+02  2.573E-07  1.789E-09  6.954E-01  2.573E-07  1.778E-09  6.912E-01  5.470E-12  1.014E-14  0.000E+00
   6.310E+02  6.458E+02  2.541E-07  1.745E-09  6.870E-01  2.540E-07  1.734E-09  6.827E-01  1.181E-11  9.127E-15  0.000E+00
   6.607E+02  6.763E+02  2.559E-07  1.728E-09  6.751E-01  2.559E-07  1.716E-09  6.708E-01  9.285E-12  8.897E-15  0.000E+00
   6.918E+02  7.081E+02  2.521E-07  1.679E-09  6.661E-01  2.518E-07  1.668E-09  6.622E-01  2.173E-10  8.851E-15  0.000E+00
   7.244E+02  7.415E+02  2.740E-07  1.823E-09  6.654E-01  2.740E-07  1.811E-09  6.609E-01  0.000E+00  9.034E-15  0.000E+00
   7.586E+02  7.765E+02  2.780E-07  1.862E-09  6.697E-01  2.780E-07  1.850E-09  6.653E-01  0.000E+00  9.090E-15  0.000E+00
   7.943E+02  8.130E+02  2.602E-07  1.606E-09  6.174E-01  2.602E-07  1.594E-09  6.126E-01  0.000E+00  9.337E-15  0.000E+00
   8.318E+02  8.514E+02  7.425E-06  1.300E-08  1.752E-01  7.425E-06  1.169E-08  1.575E-01  0.000E+00  9.727E-15  0.000E+00
   8.710E+02  8.915E+02  1.035E-07  1.002E-09  9.684E-01  1.035E-07  9.993E-10  9.654E-01  0.000E+00  9.379E-15  0.000E+00
   9.120E+02  9.335E+02  9.675E-08  9.053E-10  9.358E-01  9.675E-08  9.023E-10  9.326E-01  0.000E+00  9.136E-15  0.000E+00
   9.550E+02  9.775E+02  2.004E-07  1.864E-09  9.302E-01  2.004E-07  1.858E-09  9.271E-01  0.000E+00  9.122E-15  0.000E+00
   1.000E+03  1.024E+03  9.912E-07  4.699E-09  4.740E-01  9.912E-07  4.637E-09  4.678E-01  0.000E+00  9.799E-15  0.000E+00
   1.047E+03  1.072E+03  8.314E-08  8.143E-10  9.795E-01  8.314E-08  8.118E-10  9.765E-01  0.000E+00  1.092E-14  0.000E+00
   1.096E+03  1.122E+03  8.884E-08  8.732E-10  9.829E-01  8.884E-08  8.706E-10  9.799E-01  0.000E+00  1.026E-14  0.000E+00
   1.148E+03  1.175E+03  2.134E-07  1.861E-09  8.718E-01  2.134E-07  1.854E-09  8.685E-01  0.000E+00  9.741E-13  0.000E+00
   1.202E+03  1.231E+03  3.682E-06  8.071E-09  2.192E-01  3.682E-06  7.561E-09  2.053E-01  0.000E+00  1.109E-16  0.000E+00
   1.259E+03  1.289E+03  2.213E-08  3.592E-10  1.623E+00  2.213E-08  3.588E-10  1.621E+00  0.000E+00  7.277E-17  0.000E+00
   1.318E+03  1.349E+03  2.379E-07  2.056E-09  8.643E-01  2.379E-07  2.048E-09  8.609E-01  0.000E+00  6.174E-17  0.000E+00
   1.380E+03  1.413E+03  2.749E-08  5.176E-10  1.883E+00  2.749E-08  5.172E-10  1.881E+00  0.000E+00  3.060E-17  0.000E+00
   1.445E+03  1.480E+03  2.187E-08  3.918E-10  1.791E+00  2.187E-08  3.914E-10  1.790E+00  0.000E+00  7.002E-15  0.000E+00
   1.514E+03  1.549E+03  1.941E-08  2.976E-10  1.533E+00  1.941E-08  2.972E-10  1.531E+00  0.000E+00  5.864E-18  0.000E+00
   1.585E+03  1.622E+03  1.930E-08  3.318E-10  1.719E+00  1.930E-08  3.315E-10  1.717E+00  0.000E+00  1.050E-18  0.000E+00
   1.660E+03  1.699E+03  1.732E-08  2.706E-10  1.562E+00  1.732E-08  2.703E-10  1.561E+00  0.000E+00  1.937E-22  0.000E+00
   1.738E+03  1.779E+03  6.606E-07  3.068E-09  4.644E-01  6.606E-07  3.025E-09  4.580E-01  0.000E+00  1.002E-19  0.000E+00
   1.820E+03  1.863E+03  1.067E-08  2.088E-10  1.957E+00  1.067E-08  2.087E-10  1.956E+00  0.000E+00  1.321E-20  0.000E+00
   1.905E+03  1.950E+03  3.685E-08  6.335E-10  1.719E+00  3.685E-08  6.328E-10  1.717E+00  0.000E+00  6.299E-20  0.000E+00
   1.995E+03  2.042E+03  3.946E-07  2.237E-09  5.669E-01  3.946E-07  2.217E-09  5.617E-01  0.000E+00  5.999E-21  0.000E+00
   2.089E+03  2.139E+03  1.859E-08  4.223E-10  2.272E+00  1.859E-08  4.220E-10  2.271E+00  0.000E+00  2.953E-19  0.000E+00
   2.188E+03  2.239E+03  1.933E-08  4.200E-10  2.172E+00  1.933E-08  4.198E-10  2.171E+00  0.000E+00  0.000E+00  0.000E+00
   2.291E+03  2.345E+03  8.034E-09  2.079E-10  2.588E+00  8.034E-09  2.078E-10  2.586E+00  0.000E+00  0.000E+00  0.000E+00
   2.399E+03  2.455E+03  6.011E-09  1.328E-10  2.208E+00  6.011E-09  1.327E-10  2.207E+00  0.000E+00  1.106E-21  0.000E+00
   2.512E+03  2.571E+03  4.860E-07  2.233E-09  4.594E-01  4.860E-07  2.201E-09  4.529E-01  0.000E+00  3.553E-18  0.000E+00
   2.630E+03  2.692E+03  2.178E-09  7.297E-11  3.350E+00  2.178E-09  7.295E-11  3.349E+00  0.000E+00  4.317E-16  0.000E+00
   2.754E+03  2.819E+03  2.222E-09  7.329E-11  3.299E+00  2.222E-09  7.327E-11  3.298E+00  0.000E+00  0.000E+00  0.000E+00
   2.884E+03  2.952E+03  2.668E-08  4.825E-10  1.808E+00  2.668E-08  4.820E-10  1.807E+00  0.000E+00  0.000E+00  0.000E+00
   3.020E+03  3.091E+03  1.988E-09  6.847E-11  3.443E+00  1.988E-09  6.846E-11  3.443E+00  0.000E+00  0.000E+00  0.000E+00
   3.162E+03  3.237E+03  2.841E-07  1.546E-09  5.442E-01  2.841E-07  1.531E-09  5.388E-01  0.000E+00  0.000E+00  0.000E+00
   3.311E+03  3.389E+03  1.953E-08  4.018E-10  2.058E+00  1.953E-08  4.015E-10  2.056E+00  0.000E+00  0.000E+00  0.000E+00
   3.467E+03  3.549E+03  5.138E-09  2.066E-10  4.021E+00  5.138E-09  2.066E-10  4.021E+00  0.000E+00  0.000E+00  0.000E+00
   3.631E+03  3.716E+03  1.000E-30  1.000E-90  0.000E+00  0.000E+00  0.000E+00  0.000E+00  0.000E+00  0.000E+00  0.000E+00
   3.802E+03  3.891E+03  1.000E-30  1.000E-90  0.000E+00  0.000E+00  0.000E+00  0.000E+00  0.000E+00  0.000E+00  0.000E+00
   3.981E+03  4.075E+03  1.000E-30  1.000E-90  0.000E+00  0.000E+00  0.000E+00  0.000E+00  0.000E+00  0.000E+00  0.000E+00
   4.169E+03  4.267E+03  1.000E-30  1.000E-90  0.000E+00  0.000E+00  0.000E+00  0.000E+00  0.000E+00  0.000E+00  0.000E+00
   4.365E+03  4.468E+03  1.000E-30  1.000E-90  0.000E+00  0.000E+00  0.000E+00  0.000E+00  0.000E+00  0.000E+00  0.000E+00
   4.571E+03  4.679E+03  1.000E-30  1.000E-90  0.000E+00  0.000E+00  0.000E+00  0.000E+00  0.000E+00  0.000E+00  0.000E+00
   4.786E+03  4.899E+03  1.000E-30  1.000E-90  0.000E+00  0.000E+00  0.000E+00  0.000E+00  0.000E+00  0.000E+00  0.000E+00
   5.012E+03  5.025E+05  1.000E-30  1.000E-90  0.000E+00  0.000E+00  0.000E+00  0.000E+00  0.000E+00  0.000E+00  0.000E+00
      1.096E-02     0.000E+00     0.000E+00     0.000E+00
      1.202E-02     0.000E+00     0.000E+00     0.000E+00
      1.318E-02     0.000E+00     0.000E+00     0.000E+00
      1.445E-02     0.000E+00     0.000E+00     0.000E+00
      1.585E-02     0.000E+00     0.000E+00     0.000E+00
      1.738E-02     0.000E+00     0.000E+00     0.000E+00
      1.905E-02     0.000E+00     0.000E+00     0.000E+00
      2.089E-02     0.000E+00     0.000E+00     0.000E+00
      2.291E-02     0.000E+00     0.000E+00     0.000E+00
      2.512E-02     0.000E+00     0.000E+00     0.000E+00
      2.754E-02     0.000E+00     0.000E+00     0.000E+00
      3.020E-02     0.000E+00     0.000E+00     0.000E+00
      3.311E-02     0.000E+00     0.000E+00     0.000E+00
      3.631E-02     0.000E+00     0.000E+00     0.000E+00
      3.981E-02     0.000E+00     0.000E+00     0.000E+00
      4.365E-02     0.000E+00     0.000E+00     0.000E+00
      4.786E-02     0.000E+00     0.000E+00     0.000E+00
      5.248E-02     0.000E+00     0.000E+00     0.000E+00
      5.754E-02     0.000E+00     0.000E+00     0.000E+00
      6.310E-02     0.000E+00     0.000E+00     0.000E+00
      6.918E-02     0.000E+00     0.000E+00     0.000E+00
      7.586E-02     0.000E+00     0.000E+00     0.000E+00
      8.318E-02     0.000E+00     0.000E+00     0.000E+00
      9.120E-02     0.000E+00     0.000E+00     0.000E+00
      1.000E-01     0.000E+00     0.000E+00     0.000E+00
      1.096E-01     0.000E+00     0.000E+00     0.000E+00
      1.202E-01     0.000E+00     0.000E+00     0.000E+00
      1.318E-01     0.000E+00     0.000E+00     0.000E+00
      1.445E-01     0.000E+00     0.000E+00     0.000E+00
      1.585E-01     0.000E+00     0.000E+00     0.000E+00
      1.738E-01     2.609E-33     0.000E+00     0.000E+00
      1.905E-01     1.954E-32     0.000E+00     0.000E+00
      2.089E-01     3.271E-31     5.686E-29     1.739E+04
      2.291E-01     3.069E-30     8.248E-23     2.688E+09
      2.512E-01     1.614E-33     1.797E-29     1.113E+06
      2.754E-01     2.785E-12     0.000E+00     0.000E+00
      3.020E-01     6.901E-31     0.000E+00     0.000E+00
      3.311E-01     2.320E-30     7.131E-20     3.074E+12
      3.631E-01     2.697E-19     0.000E+00     0.000E+00
      3.981E-01     1.406E-29     3.012E-22     2.142E+09
      4.365E-01     2.855E-30     7.058E-20     2.473E+12
      4.786E-01     1.909E-28     8.996E-16     4.714E+14
      5.248E-01     5.820E-12     0.000E+00     0.000E+00
      5.754E-01     2.718E-28     7.946E-18     2.924E+12
      6.310E-01     3.314E-29     3.144E-16     9.484E+14
      6.918E-01     2.335E-27     9.464E-30     4.053E-01
      7.586E-01     6.692E-28     1.146E-21     1.713E+08
      8.318E-01     5.733E-12     0.000E+00     0.000E+00
      9.120E-01     1.237E-29     1.531E-21     1.237E+10
