   0.000E+00  5.000E-01  1.000E-30  1.000E-90  0.000E+00  0.000E+00  0.000E+00  0.000E+00  0.000E+00  0.000E+00  0.000E+00
   1.000E+00  1.024E+00  2.731E-30  1.558E-31  5.704E+00  2.711E-30  1.557E-31  5.744E+00  1.981E-32  4.848E-37  0.000E+00
   1.047E+00  1.072E+00  1.000E-30  1.000E-90  0.000E+00  0.000E+00  0.000E+00  0.000E+00  0.000E+00  0.000E+00  0.000E+00
   1.096E+00  1.122E+00  1.000E-30  1.000E-90  0.000E+00  0.000E+00  0.000E+00  0.000E+00  0.000E+00  0.000E+00  0.000E+00
   1.148E+00  1.175E+00  1.000E-30  1.000E-90  0.000E+00  0.000E+00  0.000E+00  0.000E+00  0.000E+00  0.000E+00  0.000E+00
   1.202E+00  1.231E+00  1.350E-28  9.631E-31  7.131E-01  1.345E-28  9.587E-31  7.126E-01  5.194E-31  4.754E-35  0.000E+00
   1.259E+00  1.289E+00  1.000E-30  1.000E-90  0.000E+00  0.000E+00  0.000E+00  0.000E+00  0.000E+00  0.000E+00  0.000E+00
   1.318E+00  1.349E+00  1.000E-30  1.000E-90  0.000E+00  0.000E+00  0.000E+00  0.000E+00  0.000E+00  0.000E+00  0.000E+00
   1.380E+00  1.413E+00  1.000E-30  1.000E-90  0.000E+00  0.000E+00  0.000E+00  0.000E+00  0.000E+00  0.000E+00  0.000E+00
   1.445E+00  1.480E+00  1.610E-29  3.359E-31  2.086E+00  1.606E-29  3.357E-31  2.091E+00  4.615E-32  5.716E-36  0.000E+00
   1.514E+00  1.549E+00  1.000E-30  1.000E-90  0.000E+00  0.000E+00  0.000E+00  0.000E+00  0.000E+00  0.000E+00  0.000E+00
   1.585E+00  1.622E+00  1.000E-30  1.000E-90  0.000E+00  0.000E+00  0.000E+00  0.000E+00  0.000E+00  0.000E+00  0.000E+00
   1.660E+00  1.699E+00  1.000E-30  6.992E-32  1.195E+01  5.815E-31  6.992E-32  1.202E+01  3.877E-33  2.216E-37  0.000E+00
   1.738E+00  1.779E+00  3.538E-27  3.768E-30  1.065E-01  3.504E-27  2.938E-30  8.386E-02  3.384E-29  1.499E-33  0.000E+00
   1.820E+00  1.863E+00  1.000E-30  1.000E-90  0.000E+00  0.000E+00  0.000E+00  0.000E+00  0.000E+00  0.000E+00  0.000E+00
   1.905E+00  1.950E+00  1.000E-30  5.840E-35  6.750E+01  8.652E-35  5.840E-35  6.750E+01  0.000E+00  0.000E+00  0.000E+00
   1.995E+00  2.042E+00  6.593E-30  1.889E-31  2.866E+00  6.554E-30  1.888E-31  2.881E+00  3.866E-32  3.856E-36  0.000E+00
   2.089E+00  2.139E+00  1.000E-30  1.000E-90  0.000E+00  0.000E+00  0.000E+00  0.000E+00  0.000E+00  0.000E+00  0.000E+00
   2.188E+00  2.239E+00  1.000E-30  1.000E-90  0.000E+00  0.000E+00  0.000E+00  0.000E+00  0.000E+00  0.000E+00  0.000E+00
   2.291E+00  2.345E+00  3.424E-27  4.813E-30  1.406E-01  3.398E-27  4.231E-30  1.245E-01  2.604E-29  1.650E-33  0.000E+00
   2.399E+00  2.455E+00  1.000E-30  1.000E-90  0.000E+00  0.000E+00  0.000E+00  0.000E+00  0.000E+00  0.000E+00  0.000E+00
   2.512E+00  2.571E+00  3.239E-30  1.479E-31  4.565E+00  3.168E-30  1.477E-31  4.662E+00  7.118E-32  2.416E-36  0.000E+00
   2.630E+00  2.692E+00  1.000E-30  1.415E-38  6.750E+01  0.000E+00  0.000E+00  0.000E+00  0.000E+00  2.097E-38  0.000E+00
   2.754E+00  2.819E+00  2.524E-30  1.703E-30  6.750E+01  2.524E-30  1.703E-30  6.750E+01  0.000E+00  0.000E+00  0.000E+00
   2.884E+00  2.952E+00  8.764E-28  2.632E-30  3.003E-01  8.676E-28  2.566E-30  2.957E-01  8.721E-30  4.563E-34  0.000E+00
   3.020E+00  3.091E+00  1.000E-30  5.057E-36  5.440E+01  0.000E+00  0.000E+00  0.000E+00  0.000E+00  9.295E-36  0.000E+00
   3.162E+00  3.237E+00  1.000E-30  3.381E-36  4.785E+01  7.067E-36  3.381E-36  4.785E+01  0.000E+00  9.810E-43  0.000E+00
   3.311E+00  3.389E+00  1.908E-30  1.033E-31  5.413E+00  1.903E-30  1.033E-31  5.427E+00  4.952E-33  7.432E-36  0.000E+00
   3.467E+00  3.549E+00  1.000E-30  8.384E-35  6.750E+01  1.242E-34  8.384E-35  6.750E+01  0.000E+00  0.000E+00  0.000E+00
   3.631E+00  3.716E+00  1.151E-27  4.299E-29  3.736E+00  1.140E-27  4.299E-29  3.771E+00  1.102E-29  6.272E-34  0.000E+00
   3.802E+00  3.891E+00  1.000E-30  5.889E-38  6.750E+01  0.000E+00  0.000E+00  0.000E+00  0.000E+00  8.724E-38  0.000E+00
   3.981E+00  4.075E+00  1.000E-30  2.165E-36  6.750E+01  0.000E+00  0.000E+00  0.000E+00  0.000E+00  3.207E-36  0.000E+00
   4.169E+00  4.267E+00  8.259E-30  4.253E-30  5.149E+01  8.259E-30  4.253E-30  5.149E+01  0.000E+00  1.699E-36  0.000E+00
   4.365E+00  4.468E+00  2.312E-28  3.249E-30  1.405E+00  2.294E-28  3.246E-30  1.415E+00  1.859E-30  2.639E-35  0.000E+00
   4.571E+00  4.679E+00  1.000E-30  1.326E-36  6.750E+01  0.000E+00  0.000E+00  0.000E+00  0.000E+00  1.964E-36  0.000E+00
   4.786E+00  4.899E+00  5.328E-29  4.714E-30  8.847E+00  5.300E-29  4.714E-30  8.894E+00  2.818E-31  3.706E-36  0.000E+00
   5.012E+00  5.130E+00  1.000E-30  4.239E-32  6.750E+01  6.280E-32  4.239E-32  6.750E+01  0.000E+00  6.081E-39  0.000E+00
   5.248E+00  5.372E+00  3.535E-28  2.292E-30  6.484E-01  3.477E-28  2.280E-30  6.557E-01  5.754E-30  5.246E-35  0.000E+00
   5.495E+00  5.625E+00  3.213E-30  2.041E-30  6.352E+01  3.213E-30  2.041E-30  6.352E+01  0.000E+00  1.378E-36  0.000E+00
   5.754E+00  5.890E+00  4.390E-29  3.007E-30  6.849E+00  4.359E-29  3.007E-30  6.899E+00  3.190E-31  6.165E-36  0.000E+00
   6.026E+00  6.168E+00  1.040E-26  2.574E-27  2.475E+01  1.040E-26  2.574E-27  2.476E+01  2.284E-30  9.535E-36  0.000E+00
   6.310E+00  6.458E+00  1.334E-23  1.310E-25  9.824E-01  1.333E-23  1.307E-25  9.802E-01  2.303E-27  1.067E-32  0.000E+00
   6.607E+00  6.763E+00  1.961E-28  2.114E-30  1.078E+00  1.937E-28  2.109E-30  1.089E+00  2.415E-30  4.531E-35  0.000E+00
   6.918E+00  7.081E+00  7.653E-26  3.904E-27  5.101E+00  7.566E-26  3.904E-27  5.159E+00  8.619E-28  1.761E-32  0.000E+00
   7.244E+00  7.415E+00  9.226E-25  5.867E-25  6.360E+01  9.225E-25  5.867E-25  6.360E+01  2.447E-29  1.685E-31  0.000E+00
   7.586E+00  7.765E+00  1.000E-30  4.335E-37  6.731E+01  0.000E+00  0.000E+00  0.000E+00  0.000E+00  6.440E-37  0.000E+00
   7.943E+00  8.130E+00  2.132E-30  1.398E-30  6.555E+01  2.132E-30  1.398E-30  6.555E+01  0.000E+00  6.645E-37  0.000E+00
   8.318E+00  8.514E+00  1.326E-23  8.947E-24  6.750E+01  4.855E-29  3.040E-29  6.261E+01  0.000E+00  1.326E-23  0.000E+00
   8.710E+00  8.915E+00  1.000E-30  5.349E-34  6.706E+01  7.925E-34  5.349E-34  6.750E+01  0.000E+00  5.207E-36  0.000E+00
   9.120E+00  9.335E+00  7.914E-30  2.844E-30  3.594E+01  7.914E-30  2.844E-30  3.594E+01  0.000E+00  2.580E-36  0.000E+00
   9.550E+00  9.775E+00  1.579E-20  1.066E-20  6.750E+01  5.002E-30  2.276E-30  4.551E+01  0.000E+00  1.579E-20  0.000E+00
   1.000E+01  1.024E+01  1.894E-18  1.278E-18  6.750E+01  1.059E-29  3.284E-30  3.101E+01  0.000E+00  1.894E-18  0.000E+00
   1.047E+01  1.072E+01  9.340E-30  3.241E-30  3.471E+01  9.340E-30  3.241E-30  3.471E+01  0.000E+00  4.962E-37  0.000E+00
   1.096E+01  1.122E+01  1.073E-21  7.240E-22  6.750E+01  1.073E-21  7.240E-22  6.750E+01  0.000E+00  3.313E-36  0.000E+00
   1.148E+01  1.175E+01  7.407E-18  5.000E-18  6.750E+01  3.450E-24  2.329E-24  6.750E+01  0.000E+00  7.407E-18  0.000E+00
   1.202E+01  1.231E+01  1.575E-19  8.023E-20  5.093E+01  6.096E-23  4.115E-23  6.750E+01  0.000E+00  1.575E-19  0.000E+00
   1.259E+01  1.289E+01  2.187E-21  8.735E-22  3.994E+01  3.071E-22  1.999E-22  6.510E+01  1.880E-21  1.598E-29  0.000E+00
   1.318E+01  1.349E+01  2.472E-15  4.458E-16  1.803E+01  2.374E-30  1.123E-30  4.729E+01  2.471E-15  8.237E-19  0.000E+00
   1.380E+01  1.413E+01  1.500E-12  3.713E-14  2.475E+00  5.018E-22  3.386E-22  6.748E+01  1.500E-12  7.916E-20  0.000E+00
   1.445E+01  1.480E+01  3.104E-17  2.021E-17  6.510E+01  6.432E-30  2.027E-30  3.151E+01  0.000E+00  3.104E-17  0.000E+00
   1.514E+01  1.549E+01  3.973E-18  2.544E-18  6.405E+01  3.764E-18  2.540E-18  6.750E+01  0.000E+00  2.091E-19  0.000E+00
   1.585E+01  1.622E+01  1.396E-20  8.659E-21  6.202E+01  1.189E-21  8.025E-22  6.750E+01  0.000E+00  1.277E-20  0.000E+00
   1.660E+01  1.699E+01  4.910E-17  2.648E-17  5.393E+01  1.644E-21  6.532E-22  3.973E+01  0.000E+00  4.910E-17  0.000E+00
   1.738E+01  1.779E+01  4.276E-18  2.668E-18  6.240E+01  6.794E-20  3.922E-20  5.772E+01  0.000E+00  4.208E-18  0.000E+00
   1.820E+01  1.863E+01  3.943E-14  2.660E-14  6.746E+01  3.941E-14  2.660E-14  6.750E+01  0.000E+00  2.171E-17  0.000E+00
   1.905E+01  1.950E+01  2.920E-13  1.971E-13  6.749E+01  2.920E-13  1.971E-13  6.749E+01  0.000E+00  4.999E-25  0.000E+00
   1.995E+01  2.042E+01  1.716E-17  6.958E-18  4.056E+01  7.625E-21  3.914E-21  5.132E+01  0.000E+00  1.715E-17  0.000E+00
   2.089E+01  2.139E+01  1.660E-15  1.090E-15  6.567E+01  1.615E-15  1.090E-15  6.750E+01  0.000E+00  4.516E-17  0.000E+00
   2.188E+01  2.239E+01  4.491E-15  2.910E-15  6.480E+01  4.311E-15  2.909E-15  6.748E+01  0.000E+00  1.794E-16  0.000E+00
   2.291E+01  2.345E+01  8.958E-14  5.967E-14  6.661E+01  8.957E-14  5.967E-14  6.661E+01  3.210E-33  8.258E-18  0.000E+00
   2.399E+01  2.455E+01  6.866E-14  2.033E-14  2.961E+01  6.851E-14  2.033E-14  2.968E+01  2.214E-24  1.505E-16  0.000E+00
   2.512E+01  2.571E+01  1.425E-13  7.589E-14  5.324E+01  1.418E-13  7.589E-14  5.353E+01  3.620E-19  7.819E-16  0.000E+00
   2.630E+01  2.692E+01  2.959E-12  1.317E-12  4.452E+01  2.959E-12  1.317E-12  4.452E+01  2.092E-17  9.183E-17  0.000E+00
   2.754E+01  2.819E+01  3.488E-12  2.138E-12  6.128E+01  3.488E-12  2.138E-12  6.128E+01  1.680E-17  3.691E-16  0.000E+00
   2.884E+01  2.952E+01  5.466E-12  3.235E-12  5.919E+01  5.449E-12  3.235E-12  5.938E+01  1.609E-14  1.005E-15  0.000E+00
   3.020E+01  3.091E+01  1.472E-11  5.089E-12  3.457E+01  1.471E-11  5.089E-12  3.459E+01  4.501E-15  6.872E-16  0.000E+00
   3.162E+01  3.237E+01  2.500E-11  1.156E-11  4.625E+01  2.498E-11  1.156E-11  4.629E+01  2.407E-14  3.978E-16  0.000E+00
   3.311E+01  3.389E+01  2.772E-11  8.520E-12  3.074E+01  2.760E-11  8.520E-12  3.087E+01  1.184E-13  1.471E-15  0.000E+00
   3.467E+01  3.549E+01  3.016E-11  3.656E-12  1.212E+01  2.954E-11  3.650E-12  1.236E+01  6.190E-13  1.627E-15  0.000E+00
   3.631E+01  3.716E+01  2.368E-10  7.245E-11  3.059E+01  2.349E-10  7.244E-11  3.084E+01  1.911E-12  2.420E-15  0.000E+00
   3.802E+01  3.891E+01  3.506E-10  6.540E-11  1.865E+01  3.490E-10  6.540E-11  1.874E+01  1.632E-12  3.199E-15  0.000E+00
   3.981E+01  4.075E+01  5.849E-10  5.593E-11  9.562E+00  5.767E-10  5.586E-11  9.686E+00  8.241E-12  5.590E-15  0.000E+00
   4.169E+01  4.267E+01  8.403E-10  6.799E-11  8.091E+00  8.303E-10  6.797E-11  8.186E+00  9.970E-12  8.988E-15  0.000E+00
   4.365E+01  4.468E+01  1.690E-09  9.881E-11  5.845E+00  1.670E-09  9.877E-11  5.913E+00  2.010E-11  2.035E-14  0.000E+00
   4.571E+01  4.679E+01  2.868E-09  1.647E-10  5.742E+00  2.826E-09  1.646E-10  5.825E+00  4.215E-11  3.381E-14  0.000E+00
   4.786E+01  4.899E+01  5.419E-09  2.346E-10  4.329E+00  5.360E-09  2.344E-10  4.374E+00  5.905E-11  4.906E-14  0.000E+00
   5.012E+01  5.130E+01  8.413E-09  3.213E-10  3.819E+00  8.320E-09  3.212E-10  3.860E+00  9.214E-11  6.867E-14  0.000E+00
   5.248E+01  5.372E+01  1.440E-08  6.314E-10  4.386E+00  1.425E-08  6.313E-10  4.431E+00  1.494E-10  1.453E-13  0.000E+00
   5.495E+01  5.625E+01  2.143E-08  5.848E-10  2.729E+00  2.116E-08  5.845E-10  2.762E+00  2.642E-10  1.946E-13  0.000E+00
   5.754E+01  5.890E+01  2.955E-08  6.389E-10  2.162E+00  2.916E-08  6.384E-10  2.190E+00  3.896E-10  2.115E-13  0.000E+00
   6.026E+01  6.168E+01  4.559E-08  8.652E-10  1.898E+00  4.498E-08  8.644E-10  1.922E+00  6.048E-10  3.517E-13  0.000E+00
   6.310E+01  6.458E+01  5.921E-08  8.705E-10  1.470E+00  5.809E-08  8.692E-10  1.496E+00  1.116E-09  4.086E-13  0.000E+00
   6.607E+01  6.763E+01  8.205E-08  1.009E-09  1.229E+00  8.060E-08  1.007E-09  1.249E+00  1.439E-09  3.216E-12  0.000E+00
   6.918E+01  7.081E+01  1.127E-07  1.278E-09  1.134E+00  1.111E-07  1.275E-09  1.147E+00  1.569E-09  2.192E-13  0.000E+00
   7.244E+01  7.415E+01  1.466E-07  1.433E-09  9.774E-01  1.448E-07  1.429E-09  9.872E-01  1.830E-09  2.908E-13  0.000E+00
   7.586E+01  7.765E+01  1.892E-07  1.636E-09  8.644E-01  1.871E-07  1.630E-09  8.715E-01  2.152E-09  3.245E-12  0.000E+00
   7.943E+01  8.130E+01  2.306E-07  1.738E-09  7.536E-01  2.278E-07  1.731E-09  7.597E-01  2.781E-09  7.155E-14  0.000E+00
   8.318E+01  8.514E+01  3.047E-07  1.948E-09  6.394E-01  2.998E-07  1.937E-09  6.462E-01  4.911E-09  9.140E-14  0.000E+00
   8.710E+01  8.915E+01  3.663E-07  2.137E-09  5.835E-01  3.605E-07  2.123E-09  5.889E-01  5.822E-09  1.025E-13  0.000E+00
   9.120E+01  9.335E+01  4.581E-07  2.583E-09  5.639E-01  4.514E-07  2.565E-09  5.682E-01  6.742E-09  1.232E-13  0.000E+00
   9.550E+01  9.775E+01  5.334E-07  2.470E-09  4.632E-01  5.259E-07  2.444E-09  4.648E-01  7.506E-09  1.454E-13  0.000E+00
   1.000E+02  1.024E+02  6.053E-07  5.556E-09  9.179E-01  5.966E-07  5.539E-09  9.284E-01  8.687E-09  1.614E-13  0.000E+00
   1.047E+02  1.072E+02  7.226E-07  6.125E-09  8.475E-01  7.125E-07  6.103E-09  8.566E-01  1.017E-08  1.719E-13  0.000E+00
   1.096E+02  1.122E+02  8.041E-07  6.393E-09  7.951E-01  7.920E-07  6.368E-09  8.040E-01  1.211E-08  1.967E-13  0.000E+00
   1.148E+02  1.175E+02  9.323E-07  6.915E-09  7.416E-01  9.173E-07  6.884E-09  7.504E-01  1.505E-08  2.189E-13  0.000E+00
   1.202E+02  1.231E+02  1.103E-06  7.173E-09  6.502E-01  1.007E-06  7.136E-09  7.088E-01  9.629E-08  2.329E-13  0.000E+00
   1.259E+02  1.289E+02  1.095E-06  7.512E-09  6.859E-01  1.094E-06  7.475E-09  6.835E-01  1.727E-09  2.464E-13  0.000E+00
   1.318E+02  1.349E+02  1.201E-06  7.804E-09  6.499E-01  1.187E-06  7.761E-09  6.536E-01  1.347E-08  2.578E-13  0.000E+00
   1.380E+02  1.413E+02  1.226E-06  7.822E-09  6.382E-01  1.226E-06  7.777E-09  6.346E-01  9.665E-12  2.864E-13  0.000E+00
   1.445E+02  1.480E+02  1.285E-06  7.909E-09  6.153E-01  1.285E-06  7.860E-09  6.115E-01  1.698E-11  2.937E-13  0.000E+00
   1.514E+02  1.549E+02  2.099E-06  8.488E-09  4.044E-01  2.099E-06  8.366E-09  3.986E-01  1.741E-11  3.028E-13  0.000E+00
   1.585E+02  1.622E+02  1.307E-06  8.117E-09  6.210E-01  1.307E-06  8.068E-09  6.172E-01  1.700E-11  3.221E-13  0.000E+00
   1.660E+02  1.699E+02  1.355E-06  8.312E-09  6.135E-01  1.355E-06  8.260E-09  6.097E-01  1.349E-11  3.299E-13  0.000E+00
   1.738E+02  1.779E+02  1.361E-06  8.110E-09  5.961E-01  1.361E-06  8.057E-09  5.922E-01  2.066E-11  3.489E-13  0.000E+00
   1.820E+02  1.863E+02  1.382E-06  8.149E-09  5.895E-01  1.382E-06  8.094E-09  5.855E-01  1.179E-11  3.274E-13  0.000E+00
   1.905E+02  1.950E+02  1.451E-06  8.234E-09  5.675E-01  1.451E-06  8.174E-09  5.633E-01  2.059E-11  3.127E-13  0.000E+00
   1.995E+02  2.042E+02  1.497E-06  8.214E-09  5.487E-01  1.497E-06  8.150E-09  5.444E-01  1.234E-11  3.070E-13  0.000E+00
   2.089E+02  2.139E+02  1.547E-06  8.192E-09  5.297E-01  1.547E-06  8.124E-09  5.253E-01  2.357E-11  3.312E-13  0.000E+00
   2.188E+02  2.239E+02  1.535E-06  8.068E-09  5.256E-01  1.535E-06  8.000E-09  5.211E-01  2.057E-11  3.196E-13  0.000E+00
   2.291E+02  2.345E+02  1.508E-06  7.878E-09  5.223E-01  1.508E-06  7.810E-09  5.179E-01  9.490E-12  3.069E-13  0.000E+00
   2.399E+02  2.455E+02  1.475E-06  7.759E-09  5.259E-01  1.475E-06  7.693E-09  5.214E-01  8.980E-12  3.027E-13  0.000E+00
   2.512E+02  2.571E+02  1.452E-06  7.652E-09  5.270E-01  1.452E-06  7.588E-09  5.226E-01  1.890E-11  3.099E-13  0.000E+00
   2.630E+02  2.692E+02  1.605E-06  7.463E-09  4.651E-01  1.605E-06  7.383E-09  4.601E-01  2.751E-11  2.962E-13  0.000E+00
   2.754E+02  2.819E+02  1.300E-06  7.064E-09  5.435E-01  1.300E-06  7.008E-09  5.392E-01  5.505E-12  2.931E-13  0.000E+00
   2.884E+02  2.952E+02  1.269E-06  7.026E-09  5.535E-01  1.269E-06  6.973E-09  5.493E-01  1.529E-11  3.057E-13  0.000E+00
   3.020E+02  3.091E+02  1.214E-06  6.694E-09  5.514E-01  1.214E-06  6.643E-09  5.472E-01  1.394E-11  2.840E-13  0.000E+00
   3.162E+02  3.237E+02  1.160E-06  6.507E-09  5.611E-01  1.160E-06  6.459E-09  5.569E-01  1.536E-11  2.946E-13  0.000E+00
   3.311E+02  3.389E+02  1.142E-06  6.422E-09  5.624E-01  1.142E-06  6.374E-09  5.582E-01  1.913E-11  2.925E-13  0.000E+00
   3.467E+02  3.549E+02  1.109E-06  6.271E-09  5.655E-01  1.109E-06  6.225E-09  5.613E-01  7.831E-12  2.918E-13  0.000E+00
   3.631E+02  3.716E+02  1.075E-06  6.109E-09  5.685E-01  1.075E-06  6.065E-09  5.644E-01  4.468E-12  2.819E-13  0.000E+00
   3.802E+02  3.891E+02  1.053E-06  5.968E-09  5.670E-01  1.053E-06  5.925E-09  5.629E-01  3.103E-11  2.864E-13  0.000E+00
   3.981E+02  4.075E+02  1.034E-06  5.856E-09  5.666E-01  1.034E-06  5.813E-09  5.624E-01  1.435E-11  2.876E-13  0.000E+00
   4.169E+02  4.267E+02  9.961E-07  5.670E-09  5.692E-01  9.961E-07  5.629E-09  5.651E-01  8.102E-12  3.082E-13  0.000E+00
   4.365E+02  4.468E+02  9.779E-07  5.603E-09  5.729E-01  9.779E-07  5.563E-09  5.688E-01  8.083E-12  2.853E-13  0.000E+00
   4.571E+02  4.679E+02  9.564E-07  5.464E-09  5.713E-01  9.564E-07  5.425E-09  5.672E-01  1.188E-11  2.987E-13  0.000E+00
   4.786E+02  4.899E+02  1.092E-06  5.403E-09  4.947E-01  1.092E-06  5.352E-09  4.900E-01  7.423E-12  2.949E-13  0.000E+00
   5.012E+02  5.130E+02  1.424E-06  7.017E-09  4.929E-01  1.424E-06  6.950E-09  4.882E-01  5.504E-12  7.414E-13  0.000E+00
   5.248E+02  5.372E+02  5.354E-07  3.492E-09  6.523E-01  5.354E-07  3.473E-09  6.487E-01  6.405E-12  1.840E-14  0.000E+00
   5.495E+02  5.625E+02  5.245E-07  3.413E-09  6.508E-01  5.244E-07  3.394E-09  6.473E-01  9.555E-12  1.808E-14  0.000E+00
   5.754E+02  5.890E+02  5.180E-07  3.353E-09  6.473E-01  5.180E-07  3.334E-09  6.437E-01  6.912E-12  1.545E-14  0.000E+00
   6.026E+02  6.168E+02  4.995E-07  3.251E-09  6.509E-01  4.995E-07  3.233E-09  6.473E-01  1.300E-11  1.704E-14  0.000E+00
   6.310E+02  6.458E+02  5.076E-07  3.253E-09  6.408E-01  5.076E-07  3.234E-09  6.372E-01  5.603E-12  1.657E-14  0.000E+00
   6.607E+02  6.763E+02  4.976E-07  3.176E-09  6.384E-01  4.976E-07  3.158E-09  6.347E-01  1.068E-11  1.741E-14  0.000E+00
   6.918E+02  7.081E+02  4.875E-07  3.055E-09  6.265E-01  4.874E-07  3.036E-09  6.230E-01  1.488E-10  1.509E-14  0.000E+00
   7.244E+02  7.415E+02  6.764E-07  3.155E-09  4.664E-01  6.764E-07  3.121E-09  4.614E-01  0.000E+00  1.571E-14  0.000E+00
   7.586E+02  7.765E+02  4.934E-07  3.075E-09  6.232E-01  4.934E-07  3.057E-09  6.195E-01  0.000E+00  1.528E-14  0.000E+00
   7.943E+02  8.130E+02  7.612E-07  3.068E-09  4.030E-01  7.612E-07  3.024E-09  3.972E-01  0.000E+00  1.497E-14  0.000E+00
   8.318E+02  8.514E+02  5.725E-06  1.177E-08  2.056E-01  5.725E-06  1.110E-08  1.939E-01  0.000E+00  1.528E-14  0.000E+00
   8.710E+02  8.915E+02  1.995E-07  1.788E-09  8.964E-01  1.995E-07  1.783E-09  8.938E-01  0.000E+00  1.486E-14  0.000E+00
   9.120E+02  9.335E+02  1.855E-07  1.690E-09  9.108E-01  1.855E-07  1.685E-09  9.082E-01  0.000E+00  1.513E-14  0.000E+00
   9.550E+02  9.775E+02  2.622E-07  2.161E-09  8.242E-01  2.622E-07  2.154E-09  8.214E-01  0.000E+00  1.498E-14  0.000E+00
   1.000E+03  1.024E+03  8.746E-07  4.405E-09  5.037E-01  8.746E-07  4.364E-09  4.990E-01  0.000E+00  1.654E-14  0.000E+00
   1.047E+03  1.072E+03  1.550E-07  1.463E-09  9.433E-01  1.550E-07  1.459E-09  9.408E-01  0.000E+00  1.637E-14  0.000E+00
   1.096E+03  1.122E+03  1.617E-07  1.495E-09  9.241E-01  1.617E-07  1.490E-09  9.216E-01  0.000E+00  1.603E-14  0.000E+00
   1.148E+03  1.175E+03  2.611E-07  2.093E-09  8.017E-01  2.611E-07  2.086E-09  7.988E-01  0.000E+00  6.829E-13  0.000E+00
   1.202E+03  1.231E+03  3.043E-06  7.619E-09  2.504E-01  3.043E-06  7.330E-09  2.409E-01  0.000E+00  6.244E-17  0.000E+00
   1.259E+03  1.289E+03  4.733E-08  7.051E-10  1.490E+00  4.733E-08  7.044E-10  1.488E+00  0.000E+00  7.064E-17  0.000E+00
   1.318E+03  1.349E+03  2.235E-07  1.994E-09  8.923E-01  2.235E-07  1.988E-09  8.897E-01  0.000E+00  1.532E-16  0.000E+00
   1.380E+03  1.413E+03  4.616E-08  7.108E-10  1.540E+00  4.616E-08  7.101E-10  1.538E+00  0.000E+00  1.845E-16  0.000E+00
   1.445E+03  1.480E+03  4.281E-08  6.458E-10  1.508E+00  4.281E-08  6.451E-10  1.507E+00  0.000E+00  5.545E-15  0.000E+00
   1.514E+03  1.549E+03  7.174E-08  6.532E-10  9.105E-01  7.174E-08  6.513E-10  9.079E-01  0.000E+00  4.676E-19  0.000E+00
   1.585E+03  1.622E+03  4.008E-08  6.094E-10  1.520E+00  4.008E-08  6.088E-10  1.519E+00  0.000E+00  2.812E-19  0.000E+00
   1.660E+03  1.699E+03  3.661E-08  5.578E-10  1.524E+00  3.661E-08  5.573E-10  1.522E+00  0.000E+00  7.806E-20  0.000E+00
   1.738E+03  1.779E+03  5.832E-07  2.972E-09  5.095E-01  5.832E-07  2.945E-09  5.049E-01  0.000E+00  0.000E+00  0.000E+00
   1.820E+03  1.863E+03  2.342E-08  4.155E-10  1.775E+00  2.342E-08  4.152E-10  1.773E+00  0.000E+00  0.000E+00  0.000E+00
   1.905E+03  1.950E+03  4.512E-08  7.132E-10  1.581E+00  4.512E-08  7.125E-10  1.579E+00  0.000E+00  1.472E-21  0.000E+00
   1.995E+03  2.042E+03  3.578E-07  2.214E-09  6.187E-01  3.578E-07  2.200E-09  6.149E-01  0.000E+00  0.000E+00  0.000E+00
   2.089E+03  2.139E+03  2.548E-08  5.041E-10  1.978E+00  2.548E-08  5.038E-10  1.977E+00  0.000E+00  4.042E-18  0.000E+00
   2.188E+03  2.239E+03  2.769E-08  5.216E-10  1.883E+00  2.769E-08  5.212E-10  1.882E+00  0.000E+00  0.000E+00  0.000E+00
   2.291E+03  2.345E+03  1.585E-08  3.363E-10  2.122E+00  1.585E-08  3.361E-10  2.121E+00  0.000E+00  1.609E-18  0.000E+00
   2.399E+03  2.455E+03  1.352E-08  2.817E-10  2.084E+00  1.352E-08  2.816E-10  2.083E+00  0.000E+00  2.403E-18  0.000E+00
   2.512E+03  2.571E+03  4.587E-07  2.286E-09  4.985E-01  4.587E-07  2.265E-09  4.938E-01  0.000E+00  0.000E+00  0.000E+00
   2.630E+03  2.692E+03  4.843E-09  1.610E-10  3.324E+00  4.843E-09  1.610E-10  3.324E+00  0.000E+00  3.415E-16  0.000E+00
   2.754E+03  2.819E+03  4.923E-09  1.563E-10  3.175E+00  4.923E-09  1.563E-10  3.174E+00  0.000E+00  0.000E+00  0.000E+00
   2.884E+03  2.952E+03  2.942E-08  5.321E-10  1.808E+00  2.942E-08  5.317E-10  1.807E+00  0.000E+00  0.000E+00  0.000E+00
   3.020E+03  3.091E+03  4.700E-09  1.453E-10  3.091E+00  4.700E-09  1.452E-10  3.090E+00  0.000E+00  0.000E+00  0.000E+00
   3.162E+03  3.237E+03  2.776E-07  1.623E-09  5.848E-01  2.776E-07  1.612E-09  5.808E-01  0.000E+00  0.000E+00  0.000E+00
   3.311E+03  3.389E+03  1.957E-08  4.301E-10  2.198E+00  1.957E-08  4.298E-10  2.197E+00  0.000E+00  0.000E+00  0.000E+00
   3.467E+03  3.549E+03  4.154E-09  1.885E-10  4.537E+00  4.154E-09  1.884E-10  4.537E+00  0.000E+00  0.000E+00  0.000E+00
   3.631E+03  3.716E+03  1.000E-30  1.000E-90  0.000E+00  0.000E+00  0.000E+00  0.000E+00  0.000E+00  0.000E+00  0.000E+00
   3.802E+03  3.891E+03  1.000E-30  1.000E-90  0.000E+00  0.000E+00  0.000E+00  0.000E+00  0.000E+00  0.000E+00  0.000E+00
   3.981E+03  4.075E+03  1.000E-30  1.000E-90  0.000E+00  0.000E+00  0.000E+00  0.000E+00  0.000E+00  0.000E+00  0.000E+00
   4.169E+03  4.267E+03  1.000E-30  1.000E-90  0.000E+00  0.000E+00  0.000E+00  0.000E+00  0.000E+00  0.000E+00  0.000E+00
   4.365E+03  4.468E+03  1.000E-30  1.000E-90  0.000E+00  0.000E+00  0.000E+00  0.000E+00  0.000E+00  0.000E+00  0.000E+00
   4.571E+03  4.679E+03  1.000E-30  1.000E-90  0.000E+00  0.000E+00  0.000E+00  0.000E+00  0.000E+00  0.000E+00  0.000E+00
   4.786E+03  4.899E+03  1.000E-30  1.000E-90  0.000E+00  0.000E+00  0.000E+00  0.000E+00  0.000E+00  0.000E+00  0.000E+00
   5.012E+03  5.025E+05  1.000E-30  1.000E-90  0.000E+00  0.000E+00  0.000E+00  0.000E+00  0.000E+00  0.000E+00  0.000E+00
      1.096E-02     0.000E+00     0.000E+00     0.000E+00
      1.202E-02     0.000E+00     0.000E+00     0.000E+00
      1.318E-02     0.000E+00     0.000E+00     0.000E+00
      1.445E-02     0.000E+00     0.000E+00     0.000E+00
      1.585E-02     0.000E+00     0.000E+00     0.000E+00
      1.738E-02     0.000E+00     0.000E+00     0.000E+00
      1.905E-02     0.000E+00     0.000E+00     0.000E+00
      2.089E-02     0.000E+00     0.000E+00     0.000E+00
      2.291E-02     0.000E+00     0.000E+00     0.000E+00
      2.512E-02     0.000E+00     0.000E+00     0.000E+00
      2.754E-02     0.000E+00     0.000E+00     0.000E+00
      3.020E-02     0.000E+00     0.000E+00     0.000E+00
      3.311E-02     0.000E+00     0.000E+00     0.000E+00
      3.631E-02     0.000E+00     0.000E+00     0.000E+00
      3.981E-02     0.000E+00     0.000E+00     0.000E+00
      4.365E-02     0.000E+00     0.000E+00     0.000E+00
      4.786E-02     0.000E+00     0.000E+00     0.000E+00
      5.248E-02     0.000E+00     0.000E+00     0.000E+00
      5.754E-02     0.000E+00     0.000E+00     0.000E+00
      6.310E-02     0.000E+00     0.000E+00     0.000E+00
      6.918E-02     0.000E+00     0.000E+00     0.000E+00
      7.586E-02     0.000E+00     0.000E+00     0.000E+00
      8.318E-02     0.000E+00     0.000E+00     0.000E+00
      9.120E-02     0.000E+00     0.000E+00     0.000E+00
      1.000E-01     0.000E+00     0.000E+00     0.000E+00
      1.096E-01     0.000E+00     0.000E+00     0.000E+00
      1.202E-01     0.000E+00     0.000E+00     0.000E+00
      1.318E-01     0.000E+00     0.000E+00     0.000E+00
      1.445E-01     0.000E+00     0.000E+00     0.000E+00
      1.585E-01     0.000E+00     0.000E+00     0.000E+00
      1.738E-01     9.756E-33     0.000E+00     0.000E+00
      1.905E-01     7.928E-32     0.000E+00     0.000E+00
      2.089E-01     1.594E-30     4.145E-29     2.600E+03
      2.291E-01     1.493E-29     3.030E-29     2.029E+02
      2.512E-01     6.981E-33     1.017E-35     1.456E-01
      2.754E-01     1.410E-12     0.000E+00     0.000E+00
      3.020E-01     3.147E-30     3.436E-31     1.092E+01
      3.311E-01     1.146E-29     1.790E-29     1.562E+02
      3.631E-01     1.469E-19     0.000E+00     0.000E+00
      3.981E-01     2.640E-30     2.123E-29     8.042E+02
      4.365E-01     5.294E-30     1.736E-26     3.279E+05
      4.786E-01     4.984E-24     8.469E-25     1.699E+01
      5.248E-01     4.056E-12     0.000E+00     0.000E+00
      5.754E-01     5.900E-28     2.293E-26     3.886E+03
      6.310E-01     2.435E-28     3.291E-24     1.351E+06
      6.918E-01     5.183E-27     0.000E+00     0.000E+00
      7.586E-01     3.965E-27     6.297E-30     1.588E-01
      8.318E-01     2.388E-13     0.000E+00     0.000E+00
      9.120E-01     3.844E-29     0.000E+00     0.000E+00
