   0.000E+00  5.000E-01  1.000E-30  1.000E-90  0.000E+00  0.000E+00  0.000E+00  0.000E+00  0.000E+00  0.000E+00  0.000E+00
   1.000E+00  1.024E+00  2.965E-30  2.085E-31  7.033E+00  2.965E-30  2.085E-31  7.033E+00  6.678E-35  1.019E-36  0.000E+00
   1.047E+00  1.072E+00  1.000E-30  1.000E-90  0.000E+00  0.000E+00  0.000E+00  0.000E+00  0.000E+00  0.000E+00  0.000E+00
   1.096E+00  1.122E+00  1.000E-30  1.000E-90  0.000E+00  0.000E+00  0.000E+00  0.000E+00  0.000E+00  0.000E+00  0.000E+00
   1.148E+00  1.175E+00  6.092E-30  4.112E-30  6.750E+01  6.092E-30  4.112E-30  6.750E+01  0.000E+00  0.000E+00  0.000E+00
   1.202E+00  1.231E+00  5.420E-28  5.698E-30  1.051E+00  5.419E-28  5.686E-30  1.049E+00  1.617E-32  1.516E-34  0.000E+00
   1.259E+00  1.289E+00  1.000E-30  1.000E-90  0.000E+00  0.000E+00  0.000E+00  0.000E+00  0.000E+00  0.000E+00  0.000E+00
   1.318E+00  1.349E+00  1.000E-30  1.000E-90  0.000E+00  0.000E+00  0.000E+00  0.000E+00  0.000E+00  0.000E+00  0.000E+00
   1.380E+00  1.413E+00  1.000E-30  1.000E-90  0.000E+00  0.000E+00  0.000E+00  0.000E+00  0.000E+00  0.000E+00  0.000E+00
   1.445E+00  1.480E+00  5.948E-29  1.230E-30  2.067E+00  5.948E-29  1.229E-30  2.066E+00  2.009E-33  2.008E-35  0.000E+00
   1.514E+00  1.549E+00  9.951E-30  6.717E-30  6.750E+01  9.951E-30  6.717E-30  6.750E+01  0.000E+00  0.000E+00  0.000E+00
   1.585E+00  1.622E+00  8.011E-30  5.407E-30  6.750E+01  8.011E-30  5.407E-30  6.750E+01  0.000E+00  3.875E-38  0.000E+00
   1.660E+00  1.699E+00  5.470E-30  7.620E-31  1.393E+01  5.466E-30  7.620E-31  1.394E+01  3.754E-33  8.180E-37  0.000E+00
   1.738E+00  1.779E+00  4.664E-26  5.276E-29  1.131E-01  4.661E-26  4.209E-29  9.031E-02  2.920E-29  7.281E-33  0.000E+00
   1.820E+00  1.863E+00  1.000E-30  1.171E-37  6.750E+01  0.000E+00  0.000E+00  0.000E+00  0.000E+00  1.735E-37  0.000E+00
   1.905E+00  1.950E+00  1.000E-30  1.118E-37  6.750E+01  0.000E+00  0.000E+00  0.000E+00  0.000E+00  1.656E-37  0.000E+00
   1.995E+00  2.042E+00  3.848E-29  1.224E-30  3.182E+00  3.848E-29  1.224E-30  3.181E+00  2.322E-33  1.337E-35  0.000E+00
   2.089E+00  2.139E+00  1.000E-30  6.012E-41  6.750E+01  0.000E+00  0.000E+00  0.000E+00  0.000E+00  8.907E-41  0.000E+00
   2.188E+00  2.239E+00  1.000E-30  1.804E-36  6.750E+01  0.000E+00  0.000E+00  0.000E+00  0.000E+00  2.672E-36  0.000E+00
   2.291E+00  2.345E+00  5.125E-26  6.908E-29  1.348E-01  5.123E-26  5.957E-29  1.163E-01  2.036E-29  7.492E-33  0.000E+00
   2.399E+00  2.455E+00  1.000E-30  1.000E-90  0.000E+00  0.000E+00  0.000E+00  0.000E+00  0.000E+00  0.000E+00  0.000E+00
   2.512E+00  2.571E+00  1.873E-29  7.510E-31  4.010E+00  1.873E-29  7.509E-31  4.010E+00  9.471E-34  8.350E-36  0.000E+00
   2.630E+00  2.692E+00  1.000E-30  1.063E-41  6.750E+01  1.574E-41  1.063E-41  6.750E+01  0.000E+00  0.000E+00  0.000E+00
   2.754E+00  2.819E+00  1.000E-30  1.000E-90  0.000E+00  0.000E+00  0.000E+00  0.000E+00  0.000E+00  0.000E+00  0.000E+00
   2.884E+00  2.952E+00  1.493E-26  4.364E-29  2.923E-01  1.492E-26  4.244E-29  2.844E-01  7.686E-30  2.017E-33  0.000E+00
   3.020E+00  3.091E+00  1.000E-30  7.456E-33  6.749E+01  1.105E-32  7.456E-33  6.750E+01  0.000E+00  2.034E-36  0.000E+00
   3.162E+00  3.237E+00  1.000E-30  3.019E-34  4.866E+01  6.204E-34  3.019E-34  4.866E+01  1.351E-44  0.000E+00  0.000E+00
   3.311E+00  3.389E+00  2.319E-29  3.029E-30  1.306E+01  2.319E-29  3.029E-30  1.306E+01  3.933E-33  8.398E-36  0.000E+00
   3.467E+00  3.549E+00  1.752E-30  1.182E-30  6.750E+01  1.752E-30  1.182E-30  6.750E+01  0.000E+00  1.106E-35  0.000E+00
   3.631E+00  3.716E+00  2.038E-26  5.039E-29  2.473E-01  2.037E-26  4.844E-29  2.378E-01  1.019E-29  2.160E-33  0.000E+00
   3.802E+00  3.891E+00  1.000E-30  1.886E-37  6.041E+01  0.000E+00  0.000E+00  0.000E+00  0.000E+00  3.122E-37  0.000E+00
   3.981E+00  4.075E+00  1.000E-30  6.538E-31  6.750E+01  9.687E-31  6.538E-31  6.750E+01  0.000E+00  0.000E+00  0.000E+00
   4.169E+00  4.267E+00  1.000E-30  1.674E-41  6.750E+01  2.479E-41  1.674E-41  6.750E+01  0.000E+00  0.000E+00  0.000E+00
   4.365E+00  4.468E+00  4.493E-28  8.616E-30  1.917E+00  4.487E-28  8.610E-30  1.919E+00  5.917E-31  4.951E-35  0.000E+00
   4.571E+00  4.679E+00  1.000E-30  1.841E-33  6.750E+01  2.727E-33  1.841E-33  6.750E+01  0.000E+00  0.000E+00  0.000E+00
   4.786E+00  4.899E+00  1.098E-27  1.260E-29  1.148E+00  1.097E-27  1.258E-29  1.147E+00  1.575E-30  9.634E-35  0.000E+00
   5.012E+00  5.130E+00  1.000E-30  2.881E-31  6.750E+01  4.267E-31  2.880E-31  6.750E+01  0.000E+00  0.000E+00  0.000E+00
   5.248E+00  5.372E+00  1.714E-27  1.679E-29  9.796E-01  1.708E-27  1.675E-29  9.809E-01  6.243E-30  1.450E-34  0.000E+00
   5.495E+00  5.625E+00  1.000E-30  2.579E-38  4.446E+01  2.900E-38  1.679E-38  5.789E+01  0.000E+00  2.901E-38  0.000E+00
   5.754E+00  5.890E+00  1.662E-28  4.852E-30  2.919E+00  1.658E-28  4.850E-30  2.925E+00  3.654E-31  1.771E-35  0.000E+00
   6.026E+00  6.168E+00  5.719E-28  1.273E-29  2.225E+00  5.698E-28  1.272E-29  2.232E+00  2.079E-30  7.892E-36  0.000E+00
   6.310E+00  6.458E+00  7.251E-25  1.000E-90  0.000E+00  7.229E-25  0.000E+00  0.000E+00  2.178E-27  1.128E-32  0.000E+00
   6.607E+00  6.763E+00  4.438E-27  4.217E-29  9.502E-01  4.435E-27  4.206E-29  9.484E-01  3.083E-30  8.192E-35  0.000E+00
   6.918E+00  7.081E+00  1.664E-24  1.000E-90  0.000E+00  1.663E-24  0.000E+00  0.000E+00  1.149E-27  3.401E-32  0.000E+00
   7.244E+00  7.415E+00  8.492E-25  1.000E-90  0.000E+00  8.486E-25  0.000E+00  0.000E+00  5.233E-28  1.795E-32  0.000E+00
   7.586E+00  7.765E+00  8.470E-30  3.402E-30  4.017E+01  8.470E-30  3.402E-30  4.017E+01  0.000E+00  1.136E-36  0.000E+00
   7.943E+00  8.130E+00  4.716E-30  2.453E-30  5.202E+01  4.716E-30  2.453E-30  5.202E+01  0.000E+00  1.794E-36  0.000E+00
   8.318E+00  8.514E+00  1.913E-30  9.828E-31  5.136E+01  1.913E-30  9.828E-31  5.136E+01  0.000E+00  2.039E-36  0.000E+00
   8.710E+00  8.915E+00  2.571E-30  1.735E-30  6.750E+01  2.571E-30  1.735E-30  6.750E+01  0.000E+00  3.624E-38  0.000E+00
   9.120E+00  9.335E+00  1.222E-30  8.231E-31  6.736E+01  1.222E-30  8.231E-31  6.736E+01  0.000E+00  4.831E-36  0.000E+00
   9.550E+00  9.775E+00  2.430E-30  1.161E-30  4.778E+01  2.430E-30  1.161E-30  4.778E+01  0.000E+00  7.765E-37  0.000E+00
   1.000E+01  1.024E+01  6.503E-30  2.035E-30  3.129E+01  6.503E-30  2.035E-30  3.129E+01  0.000E+00  1.438E-38  0.000E+00
   1.047E+01  1.072E+01  1.654E-30  1.114E-30  6.736E+01  1.654E-30  1.114E-30  6.736E+01  0.000E+00  5.586E-37  0.000E+00
   1.096E+01  1.122E+01  2.816E-30  1.251E-30  4.442E+01  2.816E-30  1.251E-30  4.442E+01  0.000E+00  8.072E-36  0.000E+00
   1.148E+01  1.175E+01  3.723E-30  1.477E-30  3.967E+01  3.687E-30  1.477E-30  4.005E+01  0.000E+00  3.591E-32  0.000E+00
   1.202E+01  1.231E+01  4.221E-30  1.658E-30  3.928E+01  4.221E-30  1.658E-30  3.928E+01  0.000E+00  3.781E-36  0.000E+00
   1.259E+01  1.289E+01  6.760E-30  1.932E-30  2.858E+01  6.760E-30  1.932E-30  2.858E+01  1.816E-35  2.770E-36  0.000E+00
   1.318E+01  1.349E+01  9.031E-30  2.216E-30  2.454E+01  6.065E-30  2.195E-30  3.619E+01  2.967E-30  2.213E-36  0.000E+00
   1.380E+01  1.413E+01  3.225E-27  3.165E-29  9.812E-01  9.842E-30  2.430E-30  2.469E+01  3.215E-27  8.621E-36  0.000E+00
   1.445E+01  1.480E+01  3.329E-30  1.029E-30  3.090E+01  3.329E-30  1.029E-30  3.090E+01  0.000E+00  4.636E-36  0.000E+00
   1.514E+01  1.549E+01  9.569E-30  2.535E-30  2.649E+01  9.569E-30  2.535E-30  2.649E+01  0.000E+00  6.668E-36  0.000E+00
   1.585E+01  1.622E+01  1.421E-29  6.870E-30  4.835E+01  1.421E-29  6.870E-30  4.835E+01  0.000E+00  7.113E-36  0.000E+00
   1.660E+01  1.699E+01  9.681E-30  2.136E-30  2.206E+01  9.681E-30  2.136E-30  2.206E+01  0.000E+00  4.281E-36  0.000E+00
   1.738E+01  1.779E+01  7.016E-30  1.803E-30  2.571E+01  7.016E-30  1.803E-30  2.571E+01  0.000E+00  4.003E-36  0.000E+00
   1.820E+01  1.863E+01  1.804E-23  8.963E-24  4.969E+01  9.630E-28  3.865E-28  4.014E+01  0.000E+00  1.804E-23  0.000E+00
   1.905E+01  1.950E+01  2.274E-12  1.089E-12  4.788E+01  2.274E-12  1.089E-12  4.788E+01  2.515E-28  6.455E-22  0.000E+00
   1.995E+01  2.042E+01  2.488E-12  1.156E-12  4.647E+01  2.488E-12  1.156E-12  4.647E+01  1.607E-17  1.569E-20  0.000E+00
   2.089E+01  2.139E+01  5.659E-12  2.127E-12  3.759E+01  5.659E-12  2.127E-12  3.759E+01  3.307E-18  1.519E-17  0.000E+00
   2.188E+01  2.239E+01  6.719E-10  2.901E-10  4.317E+01  6.719E-10  2.901E-10  4.317E+01  5.114E-17  4.797E-17  0.000E+00
   2.291E+01  2.345E+01  5.854E-10  2.534E-10  4.328E+01  5.854E-10  2.534E-10  4.328E+01  6.267E-17  1.604E-17  0.000E+00
   2.399E+01  2.455E+01  6.489E-10  2.683E-10  4.135E+01  6.489E-10  2.683E-10  4.135E+01  7.782E-15  9.186E-17  0.000E+00
   2.512E+01  2.571E+01  6.627E-10  1.897E-10  2.863E+01  6.627E-10  1.897E-10  2.863E+01  1.179E-14  4.621E-16  0.000E+00
   2.630E+01  2.692E+01  1.140E-09  1.712E-10  1.501E+01  1.140E-09  1.712E-10  1.502E+01  5.730E-14  6.981E-16  0.000E+00
   2.754E+01  2.819E+01  3.511E-09  7.227E-10  2.058E+01  3.511E-09  7.227E-10  2.058E+01  5.797E-14  9.870E-16  0.000E+00
   2.884E+01  2.952E+01  5.529E-09  9.644E-10  1.744E+01  5.529E-09  9.644E-10  1.744E+01  2.480E-13  1.682E-15  0.000E+00
   3.020E+01  3.091E+01  6.161E-09  5.909E-10  9.590E+00  6.161E-09  5.908E-10  9.591E+00  3.563E-13  2.552E-15  0.000E+00
   3.162E+01  3.237E+01  1.492E-08  1.521E-09  1.019E+01  1.492E-08  1.521E-09  1.019E+01  4.043E-13  3.805E-15  0.000E+00
   3.311E+01  3.389E+01  1.954E-08  1.855E-09  9.496E+00  1.954E-08  1.855E-09  9.496E+00  7.301E-13  5.676E-15  0.000E+00
   3.467E+01  3.549E+01  2.189E-08  1.620E-09  7.402E+00  2.189E-08  1.620E-09  7.402E+00  9.253E-13  7.579E-15  0.000E+00
   3.631E+01  3.716E+01  3.107E-08  2.080E-09  6.695E+00  3.107E-08  2.080E-09  6.695E+00  1.148E-12  1.079E-14  0.000E+00
   3.802E+01  3.891E+01  5.081E-08  3.415E-09  6.721E+00  5.081E-08  3.415E-09  6.721E+00  1.662E-12  1.318E-14  0.000E+00
   3.981E+01  4.075E+01  5.810E-08  2.967E-09  5.107E+00  5.809E-08  2.967E-09  5.107E+00  1.890E-12  1.454E-14  0.000E+00
   4.169E+01  4.267E+01  6.206E-08  3.237E-09  5.216E+00  6.206E-08  3.237E-09  5.215E+00  1.826E-12  1.632E-14  0.000E+00
   4.365E+01  4.468E+01  7.146E-08  3.716E-09  5.201E+00  7.146E-08  3.716E-09  5.201E+00  2.063E-12  1.976E-14  0.000E+00
   4.571E+01  4.679E+01  8.305E-08  4.637E-09  5.583E+00  8.305E-08  4.636E-09  5.583E+00  2.072E-12  2.071E-14  0.000E+00
   4.786E+01  4.899E+01  9.688E-08  4.266E-09  4.403E+00  9.688E-08  4.266E-09  4.403E+00  2.804E-12  2.642E-14  0.000E+00
   5.012E+01  5.130E+01  1.171E-07  5.042E-09  4.307E+00  1.171E-07  5.041E-09  4.306E+00  2.803E-12  2.810E-14  0.000E+00
   5.248E+01  5.372E+01  1.207E-07  5.426E-09  4.497E+00  1.207E-07  5.426E-09  4.497E+00  3.023E-12  3.109E-14  0.000E+00
   5.495E+01  5.625E+01  1.289E-07  4.850E-09  3.763E+00  1.289E-07  4.849E-09  3.763E+00  3.304E-12  3.176E-14  0.000E+00
   5.754E+01  5.890E+01  1.253E-07  4.734E-09  3.778E+00  1.253E-07  4.733E-09  3.778E+00  3.375E-12  3.223E-14  0.000E+00
   6.026E+01  6.168E+01  1.356E-07  5.089E-09  3.752E+00  1.356E-07  5.089E-09  3.752E+00  3.161E-12  3.420E-14  0.000E+00
   6.310E+01  6.458E+01  1.322E-07  4.806E-09  3.636E+00  1.322E-07  4.805E-09  3.635E+00  4.475E-12  3.620E-14  0.000E+00
   6.607E+01  6.763E+01  1.405E-07  4.811E-09  3.423E+00  1.405E-07  4.810E-09  3.423E+00  3.122E-12  3.852E-14  0.000E+00
   6.918E+01  7.081E+01  1.346E-07  4.527E-09  3.363E+00  1.346E-07  4.526E-09  3.363E+00  3.277E-12  3.496E-14  0.000E+00
   7.244E+01  7.415E+01  1.432E-07  4.911E-09  3.429E+00  1.432E-07  4.910E-09  3.429E+00  3.162E-12  3.502E-14  0.000E+00
   7.586E+01  7.765E+01  1.310E-07  4.157E-09  3.174E+00  1.310E-07  4.156E-09  3.174E+00  2.968E-12  3.817E-14  0.000E+00
   7.943E+01  8.130E+01  1.177E-07  3.571E-09  3.034E+00  1.177E-07  3.570E-09  3.033E+00  3.066E-12  3.073E-14  0.000E+00
   8.318E+01  8.514E+01  1.205E-07  4.197E-09  3.485E+00  1.204E-07  4.197E-09  3.484E+00  3.120E-12  3.349E-14  0.000E+00
   8.710E+01  8.915E+01  1.060E-07  3.185E-09  3.004E+00  1.060E-07  3.184E-09  3.003E+00  2.344E-12  2.919E-14  0.000E+00
   9.120E+01  9.335E+01  1.402E-07  4.498E-09  3.209E+00  1.402E-07  4.497E-09  3.208E+00  3.333E-12  2.997E-14  0.000E+00
   9.550E+01  9.775E+01  1.078E-07  3.249E-09  3.014E+00  1.078E-07  3.248E-09  3.013E+00  4.956E-12  3.215E-14  0.000E+00
   1.000E+02  1.024E+02  1.193E-07  8.376E-09  7.022E+00  1.193E-07  8.376E-09  7.022E+00  3.060E-12  2.871E-14  0.000E+00
   1.047E+02  1.072E+02  1.251E-07  9.086E-09  7.260E+00  1.251E-07  9.085E-09  7.260E+00  2.574E-12  2.733E-14  0.000E+00
   1.096E+02  1.122E+02  1.134E-07  6.490E-09  5.723E+00  1.134E-07  6.490E-09  5.723E+00  3.569E-12  2.320E-14  0.000E+00
   1.148E+02  1.175E+02  1.083E-07  7.181E-09  6.633E+00  1.083E-07  7.180E-09  6.633E+00  2.391E-12  2.153E-14  0.000E+00
   1.202E+02  1.231E+02  1.080E-07  8.648E-09  8.011E+00  1.079E-07  8.648E-09  8.011E+00  3.531E-12  2.192E-14  0.000E+00
   1.259E+02  1.289E+02  7.379E-08  5.069E-09  6.870E+00  7.379E-08  5.069E-09  6.869E+00  5.322E-13  1.962E-14  0.000E+00
   1.318E+02  1.349E+02  6.509E-08  4.840E-09  7.436E+00  6.509E-08  4.840E-09  7.436E+00  5.242E-13  1.742E-14  0.000E+00
   1.380E+02  1.413E+02  7.536E-08  4.906E-09  6.510E+00  7.536E-08  4.906E-09  6.509E+00  8.768E-14  1.968E-14  0.000E+00
   1.445E+02  1.480E+02  6.473E-08  4.722E-09  7.294E+00  6.473E-08  4.722E-09  7.294E+00  8.030E-17  1.868E-14  0.000E+00
   1.514E+02  1.549E+02  5.739E-08  4.243E-09  7.392E+00  5.739E-08  4.242E-09  7.392E+00  2.917E-15  1.584E-14  0.000E+00
   1.585E+02  1.622E+02  5.270E-08  3.612E-09  6.852E+00  5.270E-08  3.611E-09  6.852E+00  2.278E-16  1.551E-14  0.000E+00
   1.660E+02  1.699E+02  4.968E-08  5.452E-09  1.097E+01  4.968E-08  5.452E-09  1.097E+01  2.372E-15  1.575E-14  0.000E+00
   1.738E+02  1.779E+02  5.053E-08  3.508E-09  6.942E+00  5.053E-08  3.507E-09  6.941E+00  3.099E-16  1.395E-14  0.000E+00
   1.820E+02  1.863E+02  4.827E-08  4.615E-09  9.562E+00  4.827E-08  4.615E-09  9.562E+00  1.996E-16  1.289E-14  0.000E+00
   1.905E+02  1.950E+02  5.379E-08  4.011E-09  7.457E+00  5.379E-08  4.011E-09  7.456E+00  6.012E-16  1.263E-14  0.000E+00
   1.995E+02  2.042E+02  4.468E-08  3.664E-09  8.201E+00  4.468E-08  3.664E-09  8.200E+00  5.843E-16  1.089E-14  0.000E+00
   2.089E+02  2.139E+02  5.241E-08  4.811E-09  9.181E+00  5.241E-08  4.811E-09  9.181E+00  2.220E-14  1.110E-14  0.000E+00
   2.188E+02  2.239E+02  3.506E-08  2.530E-09  7.215E+00  3.506E-08  2.530E-09  7.215E+00  1.249E-16  1.092E-14  0.000E+00
   2.291E+02  2.345E+02  4.421E-08  3.624E-09  8.198E+00  4.421E-08  3.624E-09  8.197E+00  3.112E-16  1.164E-14  0.000E+00
   2.399E+02  2.455E+02  4.916E-08  3.854E-09  7.839E+00  4.916E-08  3.853E-09  7.839E+00  2.278E-15  9.364E-15  0.000E+00
   2.512E+02  2.571E+02  3.364E-08  2.163E-09  6.431E+00  3.364E-08  2.163E-09  6.431E+00  1.594E-16  1.001E-14  0.000E+00
   2.630E+02  2.692E+02  4.204E-08  3.161E-09  7.518E+00  4.204E-08  3.161E-09  7.518E+00  4.953E-16  1.070E-14  0.000E+00
   2.754E+02  2.819E+02  3.524E-08  2.566E-09  7.281E+00  3.524E-08  2.566E-09  7.281E+00  2.279E-17  8.755E-15  0.000E+00
   2.884E+02  2.952E+02  2.961E-08  2.065E-09  6.974E+00  2.961E-08  2.065E-09  6.974E+00  1.283E-17  8.701E-15  0.000E+00
   3.020E+02  3.091E+02  2.756E-08  2.027E-09  7.356E+00  2.756E-08  2.027E-09  7.355E+00  1.505E-17  8.140E-15  0.000E+00
   3.162E+02  3.237E+02  3.584E-08  3.083E-09  8.602E+00  3.584E-08  3.083E-09  8.602E+00  7.960E-18  7.441E-15  0.000E+00
   3.311E+02  3.389E+02  3.779E-08  2.992E-09  7.917E+00  3.779E-08  2.992E-09  7.917E+00  2.965E-15  6.804E-15  0.000E+00
   3.467E+02  3.549E+02  2.914E-08  2.505E-09  8.595E+00  2.914E-08  2.505E-09  8.595E+00  5.583E-15  7.060E-15  0.000E+00
   3.631E+02  3.716E+02  2.945E-08  1.789E-09  6.075E+00  2.945E-08  1.789E-09  6.075E+00  5.848E-17  6.268E-15  0.000E+00
   3.802E+02  3.891E+02  3.303E-08  2.755E-09  8.341E+00  3.303E-08  2.755E-09  8.341E+00  6.810E-16  6.311E-15  0.000E+00
   3.981E+02  4.075E+02  2.953E-08  2.404E-09  8.140E+00  2.953E-08  2.404E-09  8.139E+00  6.339E-15  5.651E-15  0.000E+00
   4.169E+02  4.267E+02  3.171E-08  2.551E-09  8.044E+00  3.171E-08  2.550E-09  8.044E+00  6.377E-17  5.973E-15  0.000E+00
   4.365E+02  4.468E+02  3.528E-08  3.340E-09  9.467E+00  3.528E-08  3.340E-09  9.467E+00  5.346E-23  4.665E-15  0.000E+00
   4.571E+02  4.679E+02  2.671E-08  1.798E-09  6.730E+00  2.671E-08  1.798E-09  6.729E+00  5.456E-16  5.129E-15  0.000E+00
   4.786E+02  4.899E+02  2.300E-08  1.211E-09  5.264E+00  2.300E-08  1.211E-09  5.264E+00  8.079E-22  4.481E-15  0.000E+00
   5.012E+02  5.130E+02  2.394E-08  1.889E-09  7.889E+00  2.394E-08  1.889E-09  7.889E+00  5.979E-16  6.177E-15  0.000E+00
   5.248E+02  5.372E+02  1.775E-08  1.268E-09  7.144E+00  1.775E-08  1.268E-09  7.143E+00  7.288E-15  1.845E-15  0.000E+00
   5.495E+02  5.625E+02  1.850E-08  1.300E-09  7.026E+00  1.850E-08  1.300E-09  7.026E+00  1.581E-15  1.857E-15  0.000E+00
   5.754E+02  5.890E+02  1.771E-08  1.286E-09  7.260E+00  1.771E-08  1.286E-09  7.260E+00  1.860E-14  2.057E-15  0.000E+00
   6.026E+02  6.168E+02  1.585E-08  1.231E-09  7.767E+00  1.585E-08  1.231E-09  7.767E+00  1.451E-16  1.524E-15  0.000E+00
   6.310E+02  6.458E+02  1.570E-08  9.177E-10  5.844E+00  1.570E-08  9.176E-10  5.844E+00  2.593E-15  2.144E-15  0.000E+00
   6.607E+02  6.763E+02  1.956E-08  1.429E-09  7.303E+00  1.956E-08  1.429E-09  7.303E+00  3.340E-15  1.717E-15  0.000E+00
   6.918E+02  7.081E+02  1.639E-08  1.151E-09  7.023E+00  1.639E-08  1.151E-09  7.023E+00  2.079E-14  1.642E-15  0.000E+00
   7.244E+02  7.415E+02  2.397E-08  1.124E-09  4.691E+00  2.397E-08  1.124E-09  4.691E+00  0.000E+00  1.427E-15  0.000E+00
   7.586E+02  7.765E+02  1.268E-08  1.045E-09  8.241E+00  1.268E-08  1.045E-09  8.241E+00  0.000E+00  1.879E-15  0.000E+00
   7.943E+02  8.130E+02  2.278E-08  5.306E-10  2.329E+00  2.278E-08  5.304E-10  2.328E+00  0.000E+00  1.567E-15  0.000E+00
   8.318E+02  8.514E+02  7.581E-09  3.840E-10  5.066E+00  7.581E-09  3.840E-10  5.065E+00  0.000E+00  1.749E-15  0.000E+00
   8.710E+02  8.915E+02  4.205E-09  3.824E-10  9.095E+00  4.205E-09  3.824E-10  9.095E+00  0.000E+00  1.285E-15  0.000E+00
   9.120E+02  9.335E+02  4.200E-09  3.083E-10  7.342E+00  4.200E-09  3.083E-10  7.342E+00  0.000E+00  1.352E-15  0.000E+00
   9.550E+02  9.775E+02  4.541E-09  4.141E-10  9.120E+00  4.541E-09  4.141E-10  9.120E+00  0.000E+00  1.262E-15  0.000E+00
   1.000E+03  1.024E+03  5.260E-09  6.518E-10  1.239E+01  5.260E-09  6.518E-10  1.239E+01  0.000E+00  1.286E-15  0.000E+00
   1.047E+03  1.072E+03  4.057E-09  3.598E-10  8.868E+00  4.057E-09  3.598E-10  8.868E+00  0.000E+00  1.446E-15  0.000E+00
   1.096E+03  1.122E+03  3.470E-09  3.186E-10  9.182E+00  3.470E-09  3.186E-10  9.182E+00  0.000E+00  1.265E-15  0.000E+00
   1.148E+03  1.175E+03  3.761E-09  3.488E-10  9.275E+00  3.761E-09  3.488E-10  9.275E+00  0.000E+00  9.448E-15  0.000E+00
   1.202E+03  1.231E+03  6.188E-09  1.904E-10  3.077E+00  6.188E-09  1.904E-10  3.077E+00  0.000E+00  1.233E-18  0.000E+00
   1.259E+03  1.289E+03  2.157E-09  1.690E-10  7.834E+00  2.157E-09  1.690E-10  7.834E+00  0.000E+00  3.931E-18  0.000E+00
   1.318E+03  1.349E+03  2.886E-09  1.987E-10  6.883E+00  2.886E-09  1.986E-10  6.883E+00  0.000E+00  2.222E-17  0.000E+00
   1.380E+03  1.413E+03  1.994E-09  1.596E-10  8.003E+00  1.994E-09  1.596E-10  8.003E+00  0.000E+00  5.000E-18  0.000E+00
   1.445E+03  1.480E+03  1.937E-09  1.488E-10  7.683E+00  1.937E-09  1.488E-10  7.682E+00  0.000E+00  7.355E-17  0.000E+00
   1.514E+03  1.549E+03  8.045E-09  2.020E-10  2.511E+00  8.045E-09  2.019E-10  2.510E+00  0.000E+00  0.000E+00  0.000E+00
   1.585E+03  1.622E+03  1.202E-09  7.855E-11  6.534E+00  1.202E-09  7.855E-11  6.533E+00  0.000E+00  0.000E+00  0.000E+00
   1.660E+03  1.699E+03  1.154E-09  8.506E-11  7.373E+00  1.154E-09  8.506E-11  7.373E+00  0.000E+00  1.623E-28  0.000E+00
   1.738E+03  1.779E+03  2.216E-09  6.683E-11  3.016E+00  2.216E-09  6.682E-11  3.015E+00  0.000E+00  2.342E-18  0.000E+00
   1.820E+03  1.863E+03  7.571E-10  5.197E-11  6.864E+00  7.571E-10  5.197E-11  6.864E+00  0.000E+00  1.770E-18  0.000E+00
   1.905E+03  1.950E+03  8.199E-10  6.075E-11  7.410E+00  8.199E-10  6.075E-11  7.410E+00  0.000E+00  0.000E+00  0.000E+00
   1.995E+03  2.042E+03  1.858E-09  6.625E-11  3.565E+00  1.858E-09  6.624E-11  3.565E+00  0.000E+00  8.451E-22  0.000E+00
   2.089E+03  2.139E+03  5.631E-10  4.354E-11  7.733E+00  5.631E-10  4.354E-11  7.733E+00  0.000E+00  1.470E-22  0.000E+00
   2.188E+03  2.239E+03  6.370E-10  4.806E-11  7.544E+00  6.370E-10  4.806E-11  7.544E+00  0.000E+00  2.646E-18  0.000E+00
   2.291E+03  2.345E+03  7.892E-10  5.861E-11  7.427E+00  7.892E-10  5.861E-11  7.426E+00  0.000E+00  3.747E-18  0.000E+00
   2.399E+03  2.455E+03  5.431E-10  4.016E-11  7.395E+00  5.431E-10  4.016E-11  7.394E+00  0.000E+00  2.280E-20  0.000E+00
   2.512E+03  2.571E+03  2.629E-09  4.563E-11  1.736E+00  2.629E-09  4.559E-11  1.734E+00  0.000E+00  8.346E-23  0.000E+00
   2.630E+03  2.692E+03  2.753E-10  4.301E-11  1.562E+01  2.753E-10  4.301E-11  1.562E+01  0.000E+00  3.122E-17  0.000E+00
   2.754E+03  2.819E+03  3.516E-10  4.277E-11  1.217E+01  3.516E-10  4.277E-11  1.217E+01  0.000E+00  0.000E+00  0.000E+00
   2.884E+03  2.952E+03  4.234E-10  3.023E-11  7.139E+00  4.234E-10  3.022E-11  7.139E+00  0.000E+00  0.000E+00  0.000E+00
   3.020E+03  3.091E+03  2.679E-10  3.077E-11  1.148E+01  2.679E-10  3.077E-11  1.148E+01  0.000E+00  0.000E+00  0.000E+00
   3.162E+03  3.237E+03  2.181E-09  4.581E-11  2.100E+00  2.181E-09  4.578E-11  2.099E+00  0.000E+00  1.254E-28  0.000E+00
   3.311E+03  3.389E+03  1.580E-10  8.593E-12  5.439E+00  1.580E-10  8.592E-12  5.439E+00  0.000E+00  0.000E+00  0.000E+00
   3.467E+03  3.549E+03  4.644E-11  5.609E-12  1.208E+01  4.644E-11  5.609E-12  1.208E+01  0.000E+00  0.000E+00  0.000E+00
   3.631E+03  3.716E+03  1.000E-30  1.000E-90  0.000E+00  0.000E+00  0.000E+00  0.000E+00  0.000E+00  0.000E+00  0.000E+00
   3.802E+03  3.891E+03  1.000E-30  1.000E-90  0.000E+00  0.000E+00  0.000E+00  0.000E+00  0.000E+00  0.000E+00  0.000E+00
   3.981E+03  4.075E+03  1.000E-30  1.000E-90  0.000E+00  0.000E+00  0.000E+00  0.000E+00  0.000E+00  0.000E+00  0.000E+00
   4.169E+03  4.267E+03  1.000E-30  1.000E-90  0.000E+00  0.000E+00  0.000E+00  0.000E+00  0.000E+00  0.000E+00  0.000E+00
   4.365E+03  4.468E+03  1.000E-30  1.000E-90  0.000E+00  0.000E+00  0.000E+00  0.000E+00  0.000E+00  0.000E+00  0.000E+00
   4.571E+03  4.679E+03  1.000E-30  1.000E-90  0.000E+00  0.000E+00  0.000E+00  0.000E+00  0.000E+00  0.000E+00  0.000E+00
   4.786E+03  4.899E+03  1.000E-30  1.000E-90  0.000E+00  0.000E+00  0.000E+00  0.000E+00  0.000E+00  0.000E+00  0.000E+00
   5.012E+03  5.025E+05  1.000E-30  1.000E-90  0.000E+00  0.000E+00  0.000E+00  0.000E+00  0.000E+00  0.000E+00  0.000E+00
      1.096E-02     0.000E+00     0.000E+00     0.000E+00
      1.202E-02     0.000E+00     0.000E+00     0.000E+00
      1.318E-02     0.000E+00     0.000E+00     0.000E+00
      1.445E-02     0.000E+00     0.000E+00     0.000E+00
      1.585E-02     0.000E+00     0.000E+00     0.000E+00
      1.738E-02     0.000E+00     0.000E+00     0.000E+00
      1.905E-02     0.000E+00     0.000E+00     0.000E+00
      2.089E-02     0.000E+00     0.000E+00     0.000E+00
      2.291E-02     0.000E+00     0.000E+00     0.000E+00
      2.512E-02     0.000E+00     0.000E+00     0.000E+00
      2.754E-02     0.000E+00     0.000E+00     0.000E+00
      3.020E-02     0.000E+00     0.000E+00     0.000E+00
      3.311E-02     0.000E+00     0.000E+00     0.000E+00
      3.631E-02     0.000E+00     0.000E+00     0.000E+00
      3.981E-02     0.000E+00     0.000E+00     0.000E+00
      4.365E-02     0.000E+00     0.000E+00     0.000E+00
      4.786E-02     0.000E+00     0.000E+00     0.000E+00
      5.248E-02     0.000E+00     0.000E+00     0.000E+00
      5.754E-02     0.000E+00     0.000E+00     0.000E+00
      6.310E-02     0.000E+00     0.000E+00     0.000E+00
      6.918E-02     0.000E+00     0.000E+00     0.000E+00
      7.586E-02     0.000E+00     0.000E+00     0.000E+00
      8.318E-02     0.000E+00     0.000E+00     0.000E+00
      9.120E-02     0.000E+00     0.000E+00     0.000E+00
      1.000E-01     0.000E+00     0.000E+00     0.000E+00
      1.096E-01     0.000E+00     0.000E+00     0.000E+00
      1.202E-01     0.000E+00     0.000E+00     0.000E+00
      1.318E-01     0.000E+00     0.000E+00     0.000E+00
      1.445E-01     0.000E+00     0.000E+00     0.000E+00
      1.585E-01     0.000E+00     0.000E+00     0.000E+00
      1.738E-01     4.845E-32     0.000E+00     0.000E+00
      1.905E-01     4.642E-31     6.673E-30     1.438E+03
      2.089E-01     2.782E-29     0.000E+00     0.000E+00
      2.291E-01     2.536E-28     8.027E-29     3.165E+01
      2.512E-01     7.502E-32     1.636E-32     2.181E+01
      2.754E-01     2.133E-17     0.000E+00     0.000E+00
      3.020E-01     5.632E-29     2.335E-30     4.145E+00
      3.311E-01     2.392E-28     1.305E-28     5.455E+01
      3.631E-01     2.723E-16     0.000E+00     0.000E+00
      3.981E-01     4.681E-29     3.427E-29     7.322E+01
      4.365E-01     1.702E-29     8.587E-29     5.046E+02
      4.786E-01     4.153E-29     2.718E-27     6.543E+03
      5.248E-01     1.442E-14     0.000E+00     0.000E+00
      5.754E-01     2.261E-27     4.692E-27     2.076E+02
      6.310E-01     4.873E-27     3.337E-27     6.848E+01
      6.918E-01     2.536E-26     0.000E+00     0.000E+00
      7.586E-01     7.623E-26     0.000E+00     0.000E+00
      8.318E-01     5.179E-15     0.000E+00     0.000E+00
      9.120E-01     3.302E-27     7.588E-30     2.298E-01
