   0.000E+00  5.000E-01  1.000E-30  1.000E-90  0.000E+00  0.000E+00  0.000E+00  0.000E+00  0.000E+00  0.000E+00  0.000E+00
   1.000E+00  1.024E+00  6.142E-30  3.183E-31  5.182E+00  6.135E-30  3.182E-31  5.187E+00  6.286E-33  7.129E-37  0.000E+00
   1.047E+00  1.072E+00  1.000E-30  1.000E-90  0.000E+00  0.000E+00  0.000E+00  0.000E+00  0.000E+00  0.000E+00  0.000E+00
   1.096E+00  1.122E+00  1.000E-30  1.000E-90  0.000E+00  0.000E+00  0.000E+00  0.000E+00  0.000E+00  0.000E+00  0.000E+00
   1.148E+00  1.175E+00  1.000E-30  1.000E-90  0.000E+00  0.000E+00  0.000E+00  0.000E+00  0.000E+00  0.000E+00  0.000E+00
   1.202E+00  1.231E+00  4.325E-28  2.198E-30  5.082E-01  4.322E-28  2.178E-30  5.040E-01  2.826E-31  8.502E-35  0.000E+00
   1.259E+00  1.289E+00  1.000E-30  1.000E-90  0.000E+00  0.000E+00  0.000E+00  0.000E+00  0.000E+00  0.000E+00  0.000E+00
   1.318E+00  1.349E+00  1.000E-30  1.000E-90  0.000E+00  0.000E+00  0.000E+00  0.000E+00  0.000E+00  0.000E+00  0.000E+00
   1.380E+00  1.413E+00  1.000E-30  1.000E-90  0.000E+00  0.000E+00  0.000E+00  0.000E+00  0.000E+00  0.000E+00  0.000E+00
   1.445E+00  1.480E+00  5.732E-29  8.072E-31  1.408E+00  5.726E-29  8.063E-31  1.408E+00  6.510E-32  1.050E-35  0.000E+00
   1.514E+00  1.549E+00  1.000E-30  1.000E-90  0.000E+00  0.000E+00  0.000E+00  0.000E+00  0.000E+00  0.000E+00  0.000E+00
   1.585E+00  1.622E+00  1.706E-29  1.152E-29  6.750E+01  1.706E-29  1.152E-29  6.750E+01  0.000E+00  0.000E+00  0.000E+00
   1.660E+00  1.699E+00  1.335E-30  1.243E-31  9.313E+00  1.332E-30  1.243E-31  9.337E+00  3.519E-33  3.602E-37  0.000E+00
   1.738E+00  1.779E+00  1.238E-26  5.884E-30  4.751E-02  1.235E-26  0.000E+00  0.000E+00  3.280E-29  2.988E-33  0.000E+00
   1.820E+00  1.863E+00  1.000E-30  8.746E-36  6.750E+01  0.000E+00  0.000E+00  0.000E+00  0.000E+00  1.296E-35  0.000E+00
   1.905E+00  1.950E+00  1.000E-30  1.000E-90  0.000E+00  0.000E+00  0.000E+00  0.000E+00  0.000E+00  0.000E+00  0.000E+00
   1.995E+00  2.042E+00  2.951E-29  6.254E-31  2.119E+00  2.948E-29  6.251E-31  2.120E+00  3.051E-32  1.538E-35  0.000E+00
   2.089E+00  2.139E+00  1.000E-30  1.000E-90  0.000E+00  0.000E+00  0.000E+00  0.000E+00  0.000E+00  0.000E+00  0.000E+00
   2.188E+00  2.239E+00  1.000E-30  1.000E-90  0.000E+00  0.000E+00  0.000E+00  0.000E+00  0.000E+00  0.000E+00  0.000E+00
   2.291E+00  2.345E+00  1.202E-26  9.707E-30  8.075E-02  1.200E-26  5.243E-30  4.371E-02  2.472E-29  3.175E-33  0.000E+00
   2.399E+00  2.455E+00  1.000E-30  1.000E-90  0.000E+00  0.000E+00  0.000E+00  0.000E+00  0.000E+00  0.000E+00  0.000E+00
   2.512E+00  2.571E+00  1.434E-29  4.816E-31  3.358E+00  1.433E-29  4.815E-31  3.360E+00  1.123E-32  4.794E-36  0.000E+00
   2.630E+00  2.692E+00  1.000E-30  1.251E-36  6.750E+01  0.000E+00  0.000E+00  0.000E+00  0.000E+00  1.853E-36  0.000E+00
   2.754E+00  2.819E+00  1.000E-30  1.000E-90  0.000E+00  0.000E+00  0.000E+00  0.000E+00  0.000E+00  0.000E+00  0.000E+00
   2.884E+00  2.952E+00  3.186E-27  8.094E-30  2.541E-01  3.177E-27  7.800E-30  2.455E-01  8.652E-30  8.592E-34  0.000E+00
   3.020E+00  3.091E+00  1.000E-30  1.229E-36  6.750E+01  6.555E-42  4.425E-42  6.750E+01  0.000E+00  1.821E-36  0.000E+00
   3.162E+00  3.237E+00  1.000E-30  1.836E-34  6.749E+01  2.720E-34  1.836E-34  6.749E+01  0.000E+00  0.000E+00  0.000E+00
   3.311E+00  3.389E+00  9.767E-30  3.958E-31  4.053E+00  9.764E-30  3.958E-31  4.053E+00  3.176E-33  5.138E-36  0.000E+00
   3.467E+00  3.549E+00  1.000E-30  1.000E-90  0.000E+00  0.000E+00  0.000E+00  0.000E+00  0.000E+00  0.000E+00  0.000E+00
   3.631E+00  3.716E+00  3.662E-27  7.025E-30  1.918E-01  3.652E-27  6.572E-30  1.800E-01  1.093E-29  1.041E-33  0.000E+00
   3.802E+00  3.891E+00  1.000E-30  1.000E-90  0.000E+00  0.000E+00  0.000E+00  0.000E+00  0.000E+00  0.000E+00  0.000E+00
   3.981E+00  4.075E+00  1.000E-30  2.343E-39  6.750E+01  0.000E+00  0.000E+00  0.000E+00  0.000E+00  3.472E-39  0.000E+00
   4.169E+00  4.267E+00  1.000E-30  1.294E-31  6.750E+01  1.917E-31  1.294E-31  6.750E+01  0.000E+00  9.698E-36  0.000E+00
   4.365E+00  4.468E+00  2.099E-28  3.026E-30  1.442E+00  2.085E-28  3.022E-30  1.450E+00  1.410E-30  3.576E-35  0.000E+00
   4.571E+00  4.679E+00  2.580E-30  1.741E-30  6.750E+01  2.580E-30  1.741E-30  6.750E+01  0.000E+00  2.874E-36  0.000E+00
   4.786E+00  4.899E+00  1.099E-28  1.320E-30  1.201E+00  1.092E-28  1.318E-30  1.207E+00  6.421E-31  1.792E-35  0.000E+00
   5.012E+00  5.130E+00  6.992E-30  3.798E-30  5.432E+01  6.992E-30  3.798E-30  5.432E+01  0.000E+00  3.636E-36  0.000E+00
   5.248E+00  5.372E+00  3.903E-28  2.519E-30  6.456E-01  3.839E-28  2.506E-30  6.529E-01  6.387E-30  7.289E-35  0.000E+00
   5.495E+00  5.625E+00  1.000E-30  4.531E-37  6.749E+01  0.000E+00  0.000E+00  0.000E+00  0.000E+00  6.714E-37  0.000E+00
   5.754E+00  5.890E+00  4.353E-29  2.303E-30  5.290E+00  4.327E-29  2.302E-30  5.322E+00  2.647E-31  7.460E-36  0.000E+00
   6.026E+00  6.168E+00  2.942E-28  6.453E-30  2.193E+00  2.919E-28  6.450E-30  2.210E+00  2.384E-30  1.124E-35  0.000E+00
   6.310E+00  6.458E+00  2.899E-25  1.000E-90  0.000E+00  2.876E-25  0.000E+00  0.000E+00  2.290E-27  1.042E-32  0.000E+00
   6.607E+00  6.763E+00  8.811E-28  5.908E-30  6.705E-01  8.778E-28  5.877E-30  6.695E-01  3.250E-30  7.531E-35  0.000E+00
   6.918E+00  7.081E+00  3.226E-25  1.000E-90  0.000E+00  3.214E-25  0.000E+00  0.000E+00  1.184E-27  2.999E-32  0.000E+00
   7.244E+00  7.415E+00  1.833E-26  3.617E-29  1.974E-01  1.822E-26  1.940E-29  1.065E-01  6.963E-29  4.139E-29  0.000E+00
   7.586E+00  7.765E+00  4.970E-30  3.130E-30  6.297E+01  4.970E-30  3.130E-30  6.297E+01  0.000E+00  4.626E-36  0.000E+00
   7.943E+00  8.130E+00  2.391E-30  1.481E-30  6.195E+01  2.391E-30  1.481E-30  6.195E+01  0.000E+00  0.000E+00  0.000E+00
   8.318E+00  8.514E+00  5.999E-26  4.050E-26  6.750E+01  5.508E-42  2.952E-42  5.359E+01  0.000E+00  5.999E-26  0.000E+00
   8.710E+00  8.915E+00  4.214E-30  2.029E-30  4.814E+01  4.214E-30  2.029E-30  4.814E+01  0.000E+00  6.675E-37  0.000E+00
   9.120E+00  9.335E+00  1.476E-22  9.963E-23  6.750E+01  3.135E-30  2.061E-30  6.575E+01  0.000E+00  1.476E-22  0.000E+00
   9.550E+00  9.775E+00  1.417E-24  9.566E-25  6.750E+01  1.978E-30  1.333E-30  6.741E+01  0.000E+00  1.417E-24  0.000E+00
   1.000E+01  1.024E+01  2.106E-28  1.359E-28  6.456E+01  9.214E-30  2.946E-30  3.198E+01  0.000E+00  2.013E-28  0.000E+00
   1.047E+01  1.072E+01  1.000E-30  5.857E-31  6.718E+01  8.718E-31  5.857E-31  6.718E+01  0.000E+00  1.813E-36  0.000E+00
   1.096E+01  1.122E+01  5.659E-26  3.820E-26  6.750E+01  5.659E-26  3.820E-26  6.750E+01  0.000E+00  4.458E-36  0.000E+00
   1.148E+01  1.175E+01  2.717E-30  1.318E-30  4.851E+01  2.717E-30  1.318E-30  4.851E+01  0.000E+00  1.199E-36  0.000E+00
   1.202E+01  1.231E+01  7.198E-30  2.603E-30  3.617E+01  7.193E-30  2.603E-30  3.619E+01  0.000E+00  4.347E-33  0.000E+00
   1.259E+01  1.289E+01  7.862E-23  4.212E-23  5.357E+01  6.702E-25  3.683E-25  5.496E+01  7.795E-23  7.449E-37  0.000E+00
   1.318E+01  1.349E+01  1.463E-19  9.092E-20  6.214E+01  3.607E-24  2.435E-24  6.750E+01  1.165E-20  1.346E-19  0.000E+00
   1.380E+01  1.413E+01  3.181E-16  1.386E-17  4.357E+00  4.923E-30  1.469E-30  2.985E+01  3.181E-16  8.689E-22  0.000E+00
   1.445E+01  1.480E+01  2.159E-21  1.105E-21  5.118E+01  6.191E-30  2.087E-30  3.371E+01  0.000E+00  2.159E-21  0.000E+00
   1.514E+01  1.549E+01  2.226E-25  1.502E-25  6.750E+01  1.146E-29  2.467E-30  2.153E+01  0.000E+00  2.226E-25  0.000E+00
   1.585E+01  1.622E+01  1.460E-19  8.406E-20  5.756E+01  2.228E-20  1.504E-20  6.750E+01  0.000E+00  1.238E-19  0.000E+00
   1.660E+01  1.699E+01  4.352E-23  2.937E-23  6.750E+01  6.220E-30  1.961E-30  3.153E+01  0.000E+00  4.352E-23  0.000E+00
   1.738E+01  1.779E+01  2.784E-17  1.879E-17  6.750E+01  2.783E-17  1.879E-17  6.750E+01  0.000E+00  1.010E-21  0.000E+00
   1.820E+01  1.863E+01  2.065E-21  1.370E-21  6.630E+01  9.294E-25  6.273E-25  6.750E+01  0.000E+00  2.065E-21  0.000E+00
   1.905E+01  1.950E+01  6.240E-18  2.886E-18  4.624E+01  5.847E-22  3.493E-22  5.975E+01  0.000E+00  6.240E-18  0.000E+00
   1.995E+01  2.042E+01  5.103E-16  3.435E-16  6.730E+01  5.088E-16  3.435E-16  6.750E+01  8.275E-48  1.508E-18  0.000E+00
   2.089E+01  2.139E+01  1.090E-16  7.255E-17  6.658E+01  1.089E-16  7.255E-17  6.659E+01  3.085E-21  1.499E-22  0.000E+00
   2.188E+01  2.239E+01  1.423E-14  6.769E-15  4.756E+01  1.423E-14  6.769E-15  4.756E+01  7.992E-28  1.034E-19  0.000E+00
   2.291E+01  2.345E+01  4.305E-14  2.564E-14  5.957E+01  4.305E-14  2.564E-14  5.957E+01  1.210E-20  3.937E-18  0.000E+00
   2.399E+01  2.455E+01  1.334E-12  6.693E-13  5.018E+01  1.334E-12  6.692E-13  5.018E+01  1.606E-18  9.492E-18  0.000E+00
   2.512E+01  2.571E+01  5.293E-12  1.958E-12  3.699E+01  5.293E-12  1.958E-12  3.700E+01  7.184E-17  5.969E-17  0.000E+00
   2.630E+01  2.692E+01  3.389E-11  1.170E-11  3.452E+01  3.388E-11  1.170E-11  3.452E+01  2.211E-15  1.505E-16  0.000E+00
   2.754E+01  2.819E+01  2.676E-11  7.904E-12  2.953E+01  2.670E-11  7.903E-12  2.960E+01  6.584E-14  1.614E-17  0.000E+00
   2.884E+01  2.952E+01  4.788E-11  7.732E-12  1.615E+01  4.782E-11  7.732E-12  1.617E+01  5.551E-14  2.137E-16  0.000E+00
   3.020E+01  3.091E+01  1.356E-10  2.058E-11  1.518E+01  1.354E-10  2.058E-11  1.520E+01  2.051E-13  3.140E-16  0.000E+00
   3.162E+01  3.237E+01  5.263E-10  7.912E-11  1.503E+01  5.255E-10  7.912E-11  1.505E+01  7.198E-13  6.916E-16  0.000E+00
   3.311E+01  3.389E+01  9.815E-10  1.407E-10  1.433E+01  9.807E-10  1.406E-10  1.434E+01  8.244E-13  1.475E-15  0.000E+00
   3.467E+01  3.549E+01  1.598E-09  1.361E-10  8.518E+00  1.593E-09  1.361E-10  8.544E+00  5.124E-12  1.666E-15  0.000E+00
   3.631E+01  3.716E+01  2.743E-09  1.521E-10  5.548E+00  2.738E-09  1.521E-10  5.557E+00  4.864E-12  3.193E-15  0.000E+00
   3.802E+01  3.891E+01  5.976E-09  2.730E-10  4.568E+00  5.962E-09  2.729E-10  4.578E+00  1.382E-11  5.100E-15  0.000E+00
   3.981E+01  4.075E+01  9.660E-09  3.605E-10  3.732E+00  9.638E-09  3.604E-10  3.740E+00  2.233E-11  9.629E-15  0.000E+00
   4.169E+01  4.267E+01  1.647E-08  4.593E-10  2.789E+00  1.644E-08  4.592E-10  2.793E+00  2.881E-11  1.617E-14  0.000E+00
   4.365E+01  4.468E+01  2.895E-08  7.430E-10  2.567E+00  2.890E-08  7.428E-10  2.570E+00  4.445E-11  2.533E-14  0.000E+00
   4.571E+01  4.679E+01  4.211E-08  8.553E-10  2.031E+00  4.206E-08  8.548E-10  2.033E+00  5.654E-11  4.536E-14  0.000E+00
   4.786E+01  4.899E+01  6.011E-08  1.004E-09  1.670E+00  6.003E-08  1.003E-09  1.671E+00  7.561E-11  5.497E-14  0.000E+00
   5.012E+01  5.130E+01  8.488E-08  1.203E-09  1.418E+00  8.477E-08  1.202E-09  1.418E+00  1.106E-10  7.436E-14  0.000E+00
   5.248E+01  5.372E+01  1.179E-07  1.385E-09  1.175E+00  1.177E-07  1.383E-09  1.174E+00  1.901E-10  1.121E-13  0.000E+00
   5.495E+01  5.625E+01  1.609E-07  1.684E-09  1.047E+00  1.606E-07  1.680E-09  1.046E+00  2.637E-10  1.383E-13  0.000E+00
   5.754E+01  5.890E+01  2.091E-07  1.984E-09  9.490E-01  2.087E-07  1.979E-09  9.481E-01  3.584E-10  1.716E-13  0.000E+00
   6.026E+01  6.168E+01  2.685E-07  2.234E-09  8.320E-01  2.681E-07  2.227E-09  8.306E-01  4.357E-10  2.461E-13  0.000E+00
   6.310E+01  6.458E+01  3.327E-07  2.493E-09  7.494E-01  3.321E-07  2.483E-09  7.476E-01  5.815E-10  2.934E-13  0.000E+00
   6.607E+01  6.763E+01  4.108E-07  2.810E-09  6.842E-01  4.101E-07  2.796E-09  6.819E-01  7.060E-10  1.035E-12  0.000E+00
   6.918E+01  7.081E+01  4.972E-07  3.104E-09  6.244E-01  4.964E-07  3.086E-09  6.217E-01  8.128E-10  2.048E-13  0.000E+00
   7.244E+01  7.415E+01  5.890E-07  3.376E-09  5.733E-01  5.881E-07  3.352E-09  5.700E-01  8.090E-10  2.539E-13  0.000E+00
   7.586E+01  7.765E+01  6.924E-07  3.690E-09  5.329E-01  6.917E-07  3.660E-09  5.291E-01  7.757E-10  1.117E-12  0.000E+00
   7.943E+01  8.130E+01  7.952E-07  3.949E-09  4.966E-01  7.942E-07  3.911E-09  4.925E-01  1.007E-09  1.244E-13  0.000E+00
   8.318E+01  8.514E+01  8.755E-07  4.037E-09  4.611E-01  8.742E-07  3.993E-09  4.567E-01  1.268E-09  1.421E-13  0.000E+00
   8.710E+01  8.915E+01  9.799E-07  4.275E-09  4.363E-01  9.784E-07  4.223E-09  4.316E-01  1.425E-09  1.621E-13  0.000E+00
   9.120E+01  9.335E+01  1.071E-06  4.387E-09  4.096E-01  1.069E-06  4.326E-09  4.045E-01  1.677E-09  1.732E-13  0.000E+00
   9.550E+01  9.775E+01  1.184E-06  4.526E-09  3.823E-01  1.182E-06  4.454E-09  3.768E-01  1.768E-09  1.880E-13  0.000E+00
   1.000E+02  1.024E+02  1.276E-06  1.060E-08  8.311E-01  1.273E-06  1.056E-08  8.296E-01  2.074E-09  1.938E-13  0.000E+00
   1.047E+02  1.072E+02  1.343E-06  1.064E-08  7.926E-01  1.340E-06  1.061E-08  7.913E-01  2.662E-09  2.193E-13  0.000E+00
   1.096E+02  1.122E+02  1.438E-06  1.102E-08  7.664E-01  1.435E-06  1.098E-08  7.650E-01  3.101E-09  2.174E-13  0.000E+00
   1.148E+02  1.175E+02  1.506E-06  1.124E-08  7.464E-01  1.502E-06  1.120E-08  7.452E-01  3.885E-09  2.289E-13  0.000E+00
   1.202E+02  1.231E+02  1.583E-06  1.125E-08  7.107E-01  1.569E-06  1.120E-08  7.138E-01  1.383E-08  2.417E-13  0.000E+00
   1.259E+02  1.289E+02  1.656E-06  1.168E-08  7.053E-01  1.655E-06  1.162E-08  7.021E-01  4.261E-10  2.505E-13  0.000E+00
   1.318E+02  1.349E+02  1.672E-06  1.148E-08  6.866E-01  1.670E-06  1.142E-08  6.840E-01  2.150E-09  2.462E-13  0.000E+00
   1.380E+02  1.413E+02  1.749E-06  1.171E-08  6.696E-01  1.749E-06  1.165E-08  6.661E-01  6.077E-12  2.607E-13  0.000E+00
   1.445E+02  1.480E+02  1.771E-06  1.171E-08  6.611E-01  1.771E-06  1.165E-08  6.575E-01  4.050E-12  2.615E-13  0.000E+00
   1.514E+02  1.549E+02  3.120E-06  1.378E-08  4.418E-01  3.120E-06  1.362E-08  4.365E-01  5.837E-12  2.638E-13  0.000E+00
   1.585E+02  1.622E+02  1.492E-06  1.012E-08  6.779E-01  1.492E-06  1.007E-08  6.745E-01  9.949E-12  2.664E-13  0.000E+00
   1.660E+02  1.699E+02  1.497E-06  9.821E-09  6.560E-01  1.497E-06  9.768E-09  6.524E-01  1.214E-11  2.685E-13  0.000E+00
   1.738E+02  1.779E+02  1.511E-06  9.910E-09  6.557E-01  1.511E-06  9.856E-09  6.522E-01  1.019E-11  2.682E-13  0.000E+00
   1.820E+02  1.863E+02  1.496E-06  9.636E-09  6.441E-01  1.496E-06  9.581E-09  6.404E-01  2.155E-11  2.527E-13  0.000E+00
   1.905E+02  1.950E+02  1.517E-06  9.592E-09  6.324E-01  1.517E-06  9.536E-09  6.287E-01  6.701E-12  2.470E-13  0.000E+00
   1.995E+02  2.042E+02  1.515E-06  9.252E-09  6.105E-01  1.515E-06  9.193E-09  6.067E-01  2.780E-12  2.418E-13  0.000E+00
   2.089E+02  2.139E+02  1.534E-06  9.261E-09  6.038E-01  1.534E-06  9.202E-09  5.999E-01  1.219E-11  2.383E-13  0.000E+00
   2.188E+02  2.239E+02  1.492E-06  8.927E-09  5.984E-01  1.492E-06  8.869E-09  5.945E-01  9.615E-12  2.359E-13  0.000E+00
   2.291E+02  2.345E+02  1.502E-06  8.969E-09  5.972E-01  1.502E-06  8.910E-09  5.933E-01  2.295E-11  2.223E-13  0.000E+00
   2.399E+02  2.455E+02  1.455E-06  8.657E-09  5.948E-01  1.455E-06  8.600E-09  5.909E-01  6.160E-12  2.251E-13  0.000E+00
   2.512E+02  2.571E+02  1.425E-06  8.497E-09  5.963E-01  1.425E-06  8.441E-09  5.923E-01  1.454E-11  2.282E-13  0.000E+00
   2.630E+02  2.692E+02  1.864E-06  9.074E-09  4.868E-01  1.864E-06  8.984E-09  4.820E-01  6.176E-12  2.155E-13  0.000E+00
   2.754E+02  2.819E+02  1.244E-06  7.626E-09  6.132E-01  1.244E-06  7.578E-09  6.094E-01  9.735E-12  2.027E-13  0.000E+00
   2.884E+02  2.952E+02  1.175E-06  7.211E-09  6.139E-01  1.175E-06  7.166E-09  6.101E-01  1.099E-11  2.013E-13  0.000E+00
   3.020E+02  3.091E+02  1.138E-06  6.999E-09  6.150E-01  1.138E-06  6.956E-09  6.112E-01  6.511E-12  1.975E-13  0.000E+00
   3.162E+02  3.237E+02  1.109E-06  6.860E-09  6.188E-01  1.109E-06  6.818E-09  6.150E-01  4.834E-12  1.863E-13  0.000E+00
   3.311E+02  3.389E+02  1.082E-06  6.722E-09  6.214E-01  1.082E-06  6.681E-09  6.176E-01  5.843E-12  1.723E-13  0.000E+00
   3.467E+02  3.549E+02  1.016E-06  6.279E-09  6.183E-01  1.016E-06  6.241E-09  6.145E-01  3.741E-12  1.806E-13  0.000E+00
   3.631E+02  3.716E+02  9.876E-07  6.217E-09  6.295E-01  9.876E-07  6.180E-09  6.258E-01  8.153E-12  1.737E-13  0.000E+00
   3.802E+02  3.891E+02  9.612E-07  6.043E-09  6.287E-01  9.612E-07  6.007E-09  6.250E-01  9.797E-12  1.720E-13  0.000E+00
   3.981E+02  4.075E+02  9.158E-07  5.748E-09  6.277E-01  9.158E-07  5.714E-09  6.239E-01  3.696E-12  1.710E-13  0.000E+00
   4.169E+02  4.267E+02  9.069E-07  5.709E-09  6.295E-01  9.069E-07  5.675E-09  6.257E-01  8.392E-12  1.695E-13  0.000E+00
   4.365E+02  4.468E+02  8.786E-07  5.516E-09  6.277E-01  8.786E-07  5.483E-09  6.240E-01  7.269E-13  1.605E-13  0.000E+00
   4.571E+02  4.679E+02  8.510E-07  5.359E-09  6.297E-01  8.510E-07  5.327E-09  6.260E-01  4.279E-12  1.589E-13  0.000E+00
   4.786E+02  4.899E+02  1.212E-06  5.895E-09  4.863E-01  1.212E-06  5.837E-09  4.814E-01  6.753E-12  1.533E-13  0.000E+00
   5.012E+02  5.130E+02  8.873E-07  5.046E-09  5.687E-01  8.873E-07  5.009E-09  5.646E-01  1.579E-12  3.545E-13  0.000E+00
   5.248E+02  5.372E+02  5.849E-07  4.250E-09  7.267E-01  5.849E-07  4.231E-09  7.235E-01  9.160E-13  2.172E-14  0.000E+00
   5.495E+02  5.625E+02  5.888E-07  4.194E-09  7.123E-01  5.888E-07  4.175E-09  7.090E-01  3.027E-12  1.997E-14  0.000E+00
   5.754E+02  5.890E+02  5.684E-07  4.076E-09  7.170E-01  5.684E-07  4.057E-09  7.138E-01  3.693E-12  1.923E-14  0.000E+00
   6.026E+02  6.168E+02  5.539E-07  3.948E-09  7.127E-01  5.539E-07  3.929E-09  7.094E-01  4.883E-12  1.830E-14  0.000E+00
   6.310E+02  6.458E+02  5.420E-07  3.858E-09  7.118E-01  5.420E-07  3.840E-09  7.085E-01  1.598E-12  1.860E-14  0.000E+00
   6.607E+02  6.763E+02  5.378E-07  3.813E-09  7.091E-01  5.378E-07  3.796E-09  7.058E-01  7.817E-12  1.881E-14  0.000E+00
   6.918E+02  7.081E+02  5.296E-07  3.727E-09  7.038E-01  5.296E-07  3.710E-09  7.006E-01  3.407E-11  1.733E-14  0.000E+00
   7.244E+02  7.415E+02  1.083E-06  4.897E-09  4.524E-01  1.083E-06  4.841E-09  4.472E-01  0.000E+00  1.750E-14  0.000E+00
   7.586E+02  7.765E+02  4.658E-07  3.342E-09  7.175E-01  4.658E-07  3.326E-09  7.142E-01  0.000E+00  1.658E-14  0.000E+00
   7.943E+02  8.130E+02  1.353E-06  5.135E-09  3.795E-01  1.353E-06  5.051E-09  3.733E-01  0.000E+00  1.575E-14  0.000E+00
   8.318E+02  8.514E+02  2.317E-06  6.179E-09  2.667E-01  2.317E-06  5.973E-09  2.578E-01  0.000E+00  1.590E-14  0.000E+00
   8.710E+02  8.915E+02  1.760E-07  1.864E-09  1.059E+00  1.760E-07  1.860E-09  1.057E+00  0.000E+00  1.563E-14  0.000E+00
   9.120E+02  9.335E+02  1.721E-07  1.840E-09  1.069E+00  1.721E-07  1.837E-09  1.067E+00  0.000E+00  1.686E-14  0.000E+00
   9.550E+02  9.775E+02  1.948E-07  1.890E-09  9.701E-01  1.948E-07  1.885E-09  9.677E-01  0.000E+00  1.601E-14  0.000E+00
   1.000E+03  1.024E+03  4.436E-07  2.707E-09  6.104E-01  4.436E-07  2.690E-09  6.065E-01  0.000E+00  1.478E-14  0.000E+00
   1.047E+03  1.072E+03  1.403E-07  1.557E-09  1.109E+00  1.403E-07  1.554E-09  1.107E+00  0.000E+00  1.612E-14  0.000E+00
   1.096E+03  1.122E+03  1.406E-07  1.544E-09  1.098E+00  1.406E-07  1.541E-09  1.096E+00  0.000E+00  1.695E-14  0.000E+00
   1.148E+03  1.175E+03  1.813E-07  1.698E-09  9.369E-01  1.813E-07  1.694E-09  9.344E-01  0.000E+00  3.663E-13  0.000E+00
   1.202E+03  1.231E+03  1.348E-06  4.242E-09  3.146E-01  1.348E-06  4.141E-09  3.071E-01  0.000E+00  5.410E-17  0.000E+00
   1.259E+03  1.289E+03  5.355E-08  8.695E-10  1.624E+00  5.355E-08  8.687E-10  1.622E+00  0.000E+00  5.248E-17  0.000E+00
   1.318E+03  1.349E+03  1.298E-07  1.328E-09  1.024E+00  1.298E-07  1.325E-09  1.021E+00  0.000E+00  6.181E-17  0.000E+00
   1.380E+03  1.413E+03  4.981E-08  8.110E-10  1.628E+00  4.981E-08  8.103E-10  1.627E+00  0.000E+00  1.089E-16  0.000E+00
   1.445E+03  1.480E+03  4.704E-08  7.654E-10  1.627E+00  4.704E-08  7.647E-10  1.626E+00  0.000E+00  2.716E-15  0.000E+00
   1.514E+03  1.549E+03  1.700E-07  1.469E-09  8.641E-01  1.700E-07  1.464E-09  8.614E-01  0.000E+00  1.766E-18  0.000E+00
   1.585E+03  1.622E+03  3.706E-08  6.448E-10  1.740E+00  3.706E-08  6.443E-10  1.738E+00  0.000E+00  7.405E-20  0.000E+00
   1.660E+03  1.699E+03  3.797E-08  6.497E-10  1.711E+00  3.797E-08  6.492E-10  1.710E+00  0.000E+00  1.022E-18  0.000E+00
   1.738E+03  1.779E+03  2.930E-07  1.794E-09  6.123E-01  2.930E-07  1.783E-09  6.085E-01  0.000E+00  2.149E-17  0.000E+00
   1.820E+03  1.863E+03  2.341E-08  4.788E-10  2.046E+00  2.341E-08  4.786E-10  2.045E+00  0.000E+00  8.003E-18  0.000E+00
   1.905E+03  1.950E+03  3.437E-08  5.944E-10  1.729E+00  3.437E-08  5.939E-10  1.728E+00  0.000E+00  2.344E-18  0.000E+00
   1.995E+03  2.042E+03  1.883E-07  1.375E-09  7.301E-01  1.883E-07  1.369E-09  7.269E-01  0.000E+00  9.508E-22  0.000E+00
   2.089E+03  2.139E+03  2.127E-08  4.464E-10  2.099E+00  2.127E-08  4.462E-10  2.098E+00  0.000E+00  9.475E-18  0.000E+00
   2.188E+03  2.239E+03  2.162E-08  4.400E-10  2.035E+00  2.162E-08  4.397E-10  2.034E+00  0.000E+00  4.163E-18  0.000E+00
   2.291E+03  2.345E+03  1.549E-08  3.582E-10  2.312E+00  1.549E-08  3.581E-10  2.311E+00  0.000E+00  4.745E-19  0.000E+00
   2.399E+03  2.455E+03  1.292E-08  3.192E-10  2.470E+00  1.292E-08  3.191E-10  2.469E+00  0.000E+00  3.613E-18  0.000E+00
   2.512E+03  2.571E+03  2.506E-07  1.479E-09  5.900E-01  2.506E-07  1.469E-09  5.860E-01  0.000E+00  1.802E-25  0.000E+00
   2.630E+03  2.692E+03  5.477E-09  1.998E-10  3.648E+00  5.477E-09  1.997E-10  3.647E+00  0.000E+00  3.503E-16  0.000E+00
   2.754E+03  2.819E+03  5.652E-09  2.008E-10  3.552E+00  5.652E-09  2.007E-10  3.552E+00  0.000E+00  0.000E+00  0.000E+00
   2.884E+03  2.952E+03  1.841E-08  3.760E-10  2.042E+00  1.841E-08  3.758E-10  2.041E+00  0.000E+00  0.000E+00  0.000E+00
   3.020E+03  3.091E+03  4.757E-09  1.692E-10  3.556E+00  4.757E-09  1.691E-10  3.555E+00  0.000E+00  0.000E+00  0.000E+00
   3.162E+03  3.237E+03  1.564E-07  1.077E-09  6.890E-01  1.564E-07  1.072E-09  6.856E-01  0.000E+00  0.000E+00  0.000E+00
   3.311E+03  3.389E+03  1.095E-08  2.820E-10  2.577E+00  1.095E-08  2.819E-10  2.576E+00  0.000E+00  0.000E+00  0.000E+00
   3.467E+03  3.549E+03  2.637E-09  1.320E-10  5.008E+00  2.637E-09  1.320E-10  5.008E+00  0.000E+00  0.000E+00  0.000E+00
   3.631E+03  3.716E+03  1.000E-30  1.000E-90  0.000E+00  0.000E+00  0.000E+00  0.000E+00  0.000E+00  0.000E+00  0.000E+00
   3.802E+03  3.891E+03  1.000E-30  1.000E-90  0.000E+00  0.000E+00  0.000E+00  0.000E+00  0.000E+00  0.000E+00  0.000E+00
   3.981E+03  4.075E+03  1.000E-30  1.000E-90  0.000E+00  0.000E+00  0.000E+00  0.000E+00  0.000E+00  0.000E+00  0.000E+00
   4.169E+03  4.267E+03  1.000E-30  1.000E-90  0.000E+00  0.000E+00  0.000E+00  0.000E+00  0.000E+00  0.000E+00  0.000E+00
   4.365E+03  4.468E+03  1.000E-30  1.000E-90  0.000E+00  0.000E+00  0.000E+00  0.000E+00  0.000E+00  0.000E+00  0.000E+00
   4.571E+03  4.679E+03  1.000E-30  1.000E-90  0.000E+00  0.000E+00  0.000E+00  0.000E+00  0.000E+00  0.000E+00  0.000E+00
   4.786E+03  4.899E+03  1.000E-30  1.000E-90  0.000E+00  0.000E+00  0.000E+00  0.000E+00  0.000E+00  0.000E+00  0.000E+00
   5.012E+03  5.025E+05  1.000E-30  1.000E-90  0.000E+00  0.000E+00  0.000E+00  0.000E+00  0.000E+00  0.000E+00  0.000E+00
      1.096E-02     0.000E+00     0.000E+00     0.000E+00
      1.202E-02     0.000E+00     0.000E+00     0.000E+00
      1.318E-02     0.000E+00     0.000E+00     0.000E+00
      1.445E-02     0.000E+00     0.000E+00     0.000E+00
      1.585E-02     0.000E+00     0.000E+00     0.000E+00
      1.738E-02     0.000E+00     0.000E+00     0.000E+00
      1.905E-02     0.000E+00     0.000E+00     0.000E+00
      2.089E-02     0.000E+00     0.000E+00     0.000E+00
      2.291E-02     0.000E+00     0.000E+00     0.000E+00
      2.512E-02     0.000E+00     0.000E+00     0.000E+00
      2.754E-02     0.000E+00     0.000E+00     0.000E+00
      3.020E-02     0.000E+00     0.000E+00     0.000E+00
      3.311E-02     0.000E+00     0.000E+00     0.000E+00
      3.631E-02     0.000E+00     0.000E+00     0.000E+00
      3.981E-02     0.000E+00     0.000E+00     0.000E+00
      4.365E-02     0.000E+00     0.000E+00     0.000E+00
      4.786E-02     0.000E+00     0.000E+00     0.000E+00
      5.248E-02     0.000E+00     0.000E+00     0.000E+00
      5.754E-02     0.000E+00     0.000E+00     0.000E+00
      6.310E-02     0.000E+00     0.000E+00     0.000E+00
      6.918E-02     0.000E+00     0.000E+00     0.000E+00
      7.586E-02     0.000E+00     0.000E+00     0.000E+00
      8.318E-02     0.000E+00     0.000E+00     0.000E+00
      9.120E-02     0.000E+00     0.000E+00     0.000E+00
      1.000E-01     0.000E+00     0.000E+00     0.000E+00
      1.096E-01     0.000E+00     0.000E+00     0.000E+00
      1.202E-01     0.000E+00     0.000E+00     0.000E+00
      1.318E-01     0.000E+00     0.000E+00     0.000E+00
      1.445E-01     0.000E+00     0.000E+00     0.000E+00
      1.585E-01     0.000E+00     0.000E+00     0.000E+00
      1.738E-01     4.394E-32     0.000E+00     0.000E+00
      1.905E-01     3.537E-31     0.000E+00     0.000E+00
      2.089E-01     6.222E-30     1.261E-30     2.027E+01
      2.291E-01     5.794E-29     2.821E-29     4.869E+01
      2.512E-01     3.231E-32     1.548E-29     4.791E+04
      2.754E-01     7.593E-12     0.000E+00     0.000E+00
      3.020E-01     1.202E-29     3.079E-29     2.562E+02
      3.311E-01     4.470E-29     1.968E-29     4.402E+01
      3.631E-01     2.476E-15     0.000E+00     0.000E+00
      3.981E-01     2.357E-29     1.626E-29     6.900E+01
      4.365E-01     5.836E-30     4.355E-29     7.462E+02
      4.786E-01     1.804E-25     7.077E-28     3.924E-01
      5.248E-01     2.172E-11     0.000E+00     0.000E+00
      5.754E-01     1.020E-27     6.515E-28     6.387E+01
      6.310E-01     1.010E-27     2.211E-28     2.188E+01
      6.918E-01     9.412E-27     1.471E-29     1.563E-01
      7.586E-01     1.566E-26     0.000E+00     0.000E+00
      8.318E-01     2.031E-15     0.000E+00     0.000E+00
      9.120E-01     1.655E-28     9.463E-30     5.717E+00
