   0.000E+00  5.000E-01  1.000E-30  1.000E-90  0.000E+00  0.000E+00  0.000E+00  0.000E+00  0.000E+00  0.000E+00  0.000E+00
   1.000E+00  1.024E+00  1.000E-30  7.132E-34  1.049E+01  2.908E-33  4.535E-34  1.559E+01  3.889E-33  1.228E-37  0.000E+00
   1.047E+00  1.072E+00  1.000E-30  8.417E-36  6.750E+01  0.000E+00  0.000E+00  0.000E+00  0.000E+00  1.247E-35  0.000E+00
   1.096E+00  1.122E+00  1.000E-30  1.000E-90  0.000E+00  0.000E+00  0.000E+00  0.000E+00  0.000E+00  0.000E+00  0.000E+00
   1.148E+00  1.175E+00  1.000E-30  1.000E-90  0.000E+00  0.000E+00  0.000E+00  0.000E+00  0.000E+00  0.000E+00  0.000E+00
   1.202E+00  1.231E+00  1.884E-26  1.039E-26  5.516E+01  1.865E-26  1.039E-26  5.573E+01  1.917E-28  3.054E-32  0.000E+00
   1.259E+00  1.289E+00  1.000E-30  1.000E-90  0.000E+00  0.000E+00  0.000E+00  0.000E+00  0.000E+00  0.000E+00  0.000E+00
   1.318E+00  1.349E+00  1.000E-30  1.000E-90  0.000E+00  0.000E+00  0.000E+00  0.000E+00  0.000E+00  0.000E+00  0.000E+00
   1.380E+00  1.413E+00  1.000E-30  1.000E-90  0.000E+00  0.000E+00  0.000E+00  0.000E+00  0.000E+00  0.000E+00  0.000E+00
   1.445E+00  1.480E+00  2.279E-22  6.573E-23  2.884E+01  2.241E-22  6.571E-23  2.932E+01  3.840E-24  3.498E-27  0.000E+00
   1.514E+00  1.549E+00  1.000E-30  1.000E-90  0.000E+00  0.000E+00  0.000E+00  0.000E+00  0.000E+00  0.000E+00  0.000E+00
   1.585E+00  1.622E+00  1.000E-30  1.000E-90  0.000E+00  0.000E+00  0.000E+00  0.000E+00  0.000E+00  0.000E+00  0.000E+00
   1.660E+00  1.699E+00  1.134E-28  7.030E-29  6.199E+01  1.040E-28  7.002E-29  6.730E+01  9.372E-30  4.116E-38  0.000E+00
   1.738E+00  1.779E+00  5.282E-17  1.612E-17  3.053E+01  5.146E-17  1.612E-17  3.133E+01  1.353E-18  7.328E-23  0.000E+00
   1.820E+00  1.863E+00  1.000E-30  1.000E-90  0.000E+00  0.000E+00  0.000E+00  0.000E+00  0.000E+00  0.000E+00  0.000E+00
   1.905E+00  1.950E+00  1.000E-30  1.000E-90  0.000E+00  0.000E+00  0.000E+00  0.000E+00  0.000E+00  0.000E+00  0.000E+00
   1.995E+00  2.042E+00  2.374E-16  1.070E-16  4.508E+01  2.362E-16  1.070E-16  4.530E+01  1.186E-18  3.328E-23  0.000E+00
   2.089E+00  2.139E+00  1.000E-30  7.671E-33  6.750E+01  0.000E+00  0.000E+00  0.000E+00  0.000E+00  1.136E-32  0.000E+00
   2.188E+00  2.239E+00  2.848E-30  1.922E-30  6.750E+01  2.848E-30  1.922E-30  6.750E+01  0.000E+00  1.071E-35  0.000E+00
   2.291E+00  2.345E+00  4.339E-14  5.876E-15  1.354E+01  3.923E-14  5.838E-15  1.488E+01  4.157E-15  3.548E-19  0.000E+00
   2.399E+00  2.455E+00  1.000E-30  2.701E-33  6.723E+01  4.001E-33  2.701E-33  6.750E+01  0.000E+00  1.602E-35  0.000E+00
   2.512E+00  2.571E+00  1.528E-13  4.668E-14  3.055E+01  1.517E-13  4.667E-14  3.076E+01  1.045E-15  9.466E-21  0.000E+00
   2.630E+00  2.692E+00  1.000E-30  1.000E-90  0.000E+00  0.000E+00  0.000E+00  0.000E+00  0.000E+00  0.000E+00  0.000E+00
   2.754E+00  2.819E+00  1.000E-30  1.000E-90  0.000E+00  0.000E+00  0.000E+00  0.000E+00  0.000E+00  0.000E+00  0.000E+00
   2.884E+00  2.952E+00  2.364E-13  3.190E-14  1.350E+01  1.799E-13  2.847E-14  1.582E+01  5.646E-14  8.291E-18  0.000E+00
   3.020E+00  3.091E+00  1.000E-30  1.838E-32  6.750E+01  2.722E-32  1.838E-32  6.750E+01  0.000E+00  0.000E+00  0.000E+00
   3.162E+00  3.237E+00  1.000E-30  1.723E-36  6.709E+01  4.792E-40  3.234E-40  6.750E+01  0.000E+00  2.567E-36  0.000E+00
   3.311E+00  3.389E+00  5.468E-13  1.879E-13  3.437E+01  5.468E-13  1.879E-13  3.437E+01  1.902E-17  4.737E-21  0.000E+00
   3.467E+00  3.549E+00  1.000E-30  1.000E-90  0.000E+00  0.000E+00  0.000E+00  0.000E+00  0.000E+00  0.000E+00  0.000E+00
   3.631E+00  3.716E+00  2.611E-13  6.749E-14  2.585E+01  2.525E-13  6.736E-14  2.668E+01  8.577E-15  2.289E-18  0.000E+00
   3.802E+00  3.891E+00  1.442E-30  9.735E-31  6.750E+01  1.442E-30  9.735E-31  6.750E+01  0.000E+00  0.000E+00  0.000E+00
   3.981E+00  4.075E+00  1.000E-30  1.000E-90  0.000E+00  0.000E+00  0.000E+00  0.000E+00  0.000E+00  0.000E+00  0.000E+00
   4.169E+00  4.267E+00  1.000E-30  5.837E-31  6.750E+01  8.647E-31  5.837E-31  6.750E+01  0.000E+00  0.000E+00  0.000E+00
   4.365E+00  4.468E+00  4.232E-16  6.440E-17  1.522E+01  2.037E-16  4.135E-17  2.030E+01  2.194E-16  3.233E-20  0.000E+00
   4.571E+00  4.679E+00  1.000E-30  3.563E-34  6.750E+01  5.279E-34  3.563E-34  6.750E+01  0.000E+00  7.491E-39  0.000E+00
   4.786E+00  4.899E+00  1.418E-24  6.763E-25  4.769E+01  1.418E-24  6.763E-25  4.769E+01  1.204E-34  9.279E-38  0.000E+00
   5.012E+00  5.130E+00  9.099E-18  6.142E-18  6.750E+01  9.099E-18  6.142E-18  6.750E+01  0.000E+00  0.000E+00  0.000E+00
   5.248E+00  5.372E+00  3.307E-13  8.295E-14  2.508E+01  1.870E-13  7.478E-14  3.999E+01  1.437E-13  1.287E-18  0.000E+00
   5.495E+00  5.625E+00  3.013E-30  2.034E-30  6.750E+01  3.013E-30  2.034E-30  6.750E+01  0.000E+00  0.000E+00  0.000E+00
   5.754E+00  5.890E+00  2.724E-14  1.103E-14  4.051E+01  9.401E-15  3.084E-15  3.281E+01  1.783E-14  3.922E-18  0.000E+00
   6.026E+00  6.168E+00  2.867E-15  7.416E-16  2.587E+01  2.562E-15  7.128E-16  2.782E+01  3.055E-16  2.473E-22  0.000E+00
   6.310E+00  6.458E+00  3.837E-11  1.751E-12  4.564E+00  3.452E-11  1.735E-12  5.025E+00  3.848E-12  2.400E-16  0.000E+00
   6.607E+00  6.763E+00  2.805E-16  1.791E-16  6.386E+01  2.673E-16  1.790E-16  6.698E+01  1.320E-17  2.296E-23  0.000E+00
   6.918E+00  7.081E+00  2.829E-13  3.272E-14  1.157E+01  2.280E-13  3.145E-14  1.379E+01  5.489E-14  1.980E-17  0.000E+00
   7.244E+00  7.415E+00  3.233E-13  1.140E-13  3.527E+01  3.077E-13  1.139E-13  3.704E+01  1.566E-14  9.268E-19  0.000E+00
   7.586E+00  7.765E+00  6.838E-26  4.616E-26  6.750E+01  6.838E-26  4.616E-26  6.750E+01  0.000E+00  3.285E-38  0.000E+00
   7.943E+00  8.130E+00  3.912E-18  2.640E-18  6.750E+01  1.227E-23  8.285E-24  6.750E+01  0.000E+00  3.912E-18  0.000E+00
   8.318E+00  8.514E+00  1.251E-13  8.446E-14  6.750E+01  1.251E-13  8.446E-14  6.750E+01  0.000E+00  4.318E-36  0.000E+00
   8.710E+00  8.915E+00  2.370E-30  7.207E-31  3.040E+01  2.370E-30  7.207E-31  3.040E+01  0.000E+00  6.299E-39  0.000E+00
   9.120E+00  9.335E+00  9.610E-21  6.423E-21  6.683E+01  9.515E-23  6.423E-23  6.750E+01  0.000E+00  9.515E-21  0.000E+00
   9.550E+00  9.775E+00  4.271E-19  2.883E-19  6.750E+01  4.271E-19  2.883E-19  6.750E+01  0.000E+00  7.928E-37  0.000E+00
   1.000E+01  1.024E+01  8.424E-17  5.686E-17  6.750E+01  1.136E-30  5.579E-31  4.912E+01  0.000E+00  8.424E-17  0.000E+00
   1.047E+01  1.072E+01  5.081E-16  2.204E-16  4.338E+01  6.457E-22  4.359E-22  6.750E+01  0.000E+00  5.081E-16  0.000E+00
   1.096E+01  1.122E+01  4.871E-13  3.288E-13  6.749E+01  4.871E-13  3.288E-13  6.750E+01  0.000E+00  6.133E-17  0.000E+00
   1.148E+01  1.175E+01  1.807E-12  1.220E-12  6.750E+01  1.807E-12  1.220E-12  6.750E+01  0.000E+00  3.409E-39  0.000E+00
   1.202E+01  1.231E+01  1.639E-12  1.106E-12  6.749E+01  1.639E-12  1.106E-12  6.750E+01  0.000E+00  3.095E-16  0.000E+00
   1.259E+01  1.289E+01  3.207E-13  1.567E-13  4.886E+01  3.204E-13  1.567E-13  4.890E+01  3.932E-18  2.218E-16  0.000E+00
   1.318E+01  1.349E+01  1.484E-11  1.039E-12  6.999E+00  1.022E-30  4.479E-31  4.382E+01  1.484E-11  1.777E-19  0.000E+00
   1.380E+01  1.413E+01  8.967E-09  7.101E-11  7.919E-01  1.137E-19  7.671E-20  6.750E+01  8.967E-09  5.988E-16  0.000E+00
   1.445E+01  1.480E+01  2.384E-13  1.589E-13  6.663E+01  2.383E-13  1.589E-13  6.667E+01  0.000E+00  1.618E-16  0.000E+00
   1.514E+01  1.549E+01  2.671E-11  1.275E-11  4.774E+01  2.671E-11  1.275E-11  4.774E+01  0.000E+00  1.486E-15  0.000E+00
   1.585E+01  1.622E+01  1.399E-12  9.425E-13  6.738E+01  1.396E-12  9.425E-13  6.750E+01  0.000E+00  2.562E-15  0.000E+00
   1.660E+01  1.699E+01  6.813E-11  3.659E-11  5.371E+01  6.813E-11  3.659E-11  5.371E+01  0.000E+00  8.310E-16  0.000E+00
   1.738E+01  1.779E+01  7.382E-12  4.512E-12  6.112E+01  7.381E-12  4.512E-12  6.112E+01  0.000E+00  4.435E-16  0.000E+00
   1.820E+01  1.863E+01  3.414E-10  2.265E-10  6.634E+01  3.414E-10  2.265E-10  6.634E+01  0.000E+00  3.623E-15  0.000E+00
   1.905E+01  1.950E+01  1.089E-10  7.347E-11  6.746E+01  1.089E-10  7.347E-11  6.746E+01  0.000E+00  4.861E-15  0.000E+00
   1.995E+01  2.042E+01  3.485E-11  1.851E-11  5.313E+01  3.484E-11  1.851E-11  5.313E+01  0.000E+00  2.540E-15  0.000E+00
   2.089E+01  2.139E+01  5.843E-11  2.744E-11  4.696E+01  5.843E-11  2.744E-11  4.696E+01  0.000E+00  1.194E-15  0.000E+00
   2.188E+01  2.239E+01  1.470E-10  8.300E-11  5.646E+01  1.470E-10  8.300E-11  5.646E+01  0.000E+00  9.622E-15  0.000E+00
   2.291E+01  2.345E+01  4.949E-10  2.235E-10  4.516E+01  4.949E-10  2.235E-10  4.516E+01  0.000E+00  2.470E-15  0.000E+00
   2.399E+01  2.455E+01  2.244E-10  6.967E-11  3.105E+01  2.244E-10  6.967E-11  3.106E+01  0.000E+00  1.238E-14  0.000E+00
   2.512E+01  2.571E+01  5.328E-10  2.540E-10  4.768E+01  5.328E-10  2.540E-10  4.768E+01  0.000E+00  1.922E-15  0.000E+00
   2.630E+01  2.692E+01  6.960E-10  2.432E-10  3.495E+01  6.960E-10  2.432E-10  3.495E+01  0.000E+00  3.060E-15  0.000E+00
   2.754E+01  2.819E+01  5.606E-10  1.816E-10  3.240E+01  5.606E-10  1.816E-10  3.240E+01  0.000E+00  5.540E-15  0.000E+00
   2.884E+01  2.952E+01  7.923E-10  3.020E-10  3.812E+01  7.923E-10  3.020E-10  3.812E+01  8.144E-29  8.831E-15  0.000E+00
   3.020E+01  3.091E+01  1.788E-09  5.604E-10  3.134E+01  1.788E-09  5.604E-10  3.134E+01  9.869E-25  1.170E-14  0.000E+00
   3.162E+01  3.237E+01  2.623E-09  6.014E-10  2.292E+01  2.623E-09  6.013E-10  2.292E+01  5.838E-21  5.195E-15  0.000E+00
   3.311E+01  3.389E+01  2.039E-09  4.164E-10  2.042E+01  2.039E-09  4.164E-10  2.042E+01  3.861E-20  3.686E-15  0.000E+00
   3.467E+01  3.549E+01  1.935E-09  4.933E-10  2.550E+01  1.935E-09  4.933E-10  2.550E+01  4.582E-16  6.170E-15  0.000E+00
   3.631E+01  3.716E+01  2.888E-09  6.171E-10  2.137E+01  2.888E-09  6.171E-10  2.137E+01  3.193E-17  1.496E-14  0.000E+00
   3.802E+01  3.891E+01  4.325E-09  7.451E-10  1.723E+01  4.325E-09  7.451E-10  1.723E+01  3.945E-14  1.508E-14  0.000E+00
   3.981E+01  4.075E+01  3.893E-09  6.797E-10  1.746E+01  3.893E-09  6.797E-10  1.746E+01  5.905E-14  1.601E-14  0.000E+00
   4.169E+01  4.267E+01  5.166E-09  8.789E-10  1.701E+01  5.166E-09  8.789E-10  1.701E+01  5.001E-14  1.720E-14  0.000E+00
   4.365E+01  4.468E+01  5.705E-09  8.116E-10  1.423E+01  5.704E-09  8.116E-10  1.423E+01  9.448E-13  2.722E-14  0.000E+00
   4.571E+01  4.679E+01  4.242E-09  6.796E-10  1.602E+01  4.240E-09  6.796E-10  1.603E+01  1.782E-12  3.452E-14  0.000E+00
   4.786E+01  4.899E+01  6.727E-09  8.456E-10  1.257E+01  6.724E-09  8.456E-10  1.258E+01  2.986E-12  5.095E-14  0.000E+00
   5.012E+01  5.130E+01  8.392E-09  9.824E-10  1.171E+01  8.383E-09  9.824E-10  1.172E+01  9.440E-12  4.840E-14  0.000E+00
   5.248E+01  5.372E+01  1.056E-08  1.027E-09  9.726E+00  1.053E-08  1.027E-09  9.751E+00  2.725E-11  1.760E-13  0.000E+00
   5.495E+01  5.625E+01  1.384E-08  1.169E-09  8.446E+00  1.378E-08  1.169E-09  8.482E+00  5.867E-11  2.240E-13  0.000E+00
   5.754E+01  5.890E+01  1.146E-08  1.064E-09  9.285E+00  1.135E-08  1.064E-09  9.374E+00  1.082E-10  2.449E-13  0.000E+00
   6.026E+01  6.168E+01  2.016E-08  1.584E-09  7.857E+00  1.997E-08  1.584E-09  7.933E+00  1.924E-10  4.220E-13  0.000E+00
   6.310E+01  6.458E+01  2.064E-08  1.395E-09  6.757E+00  2.000E-08  1.395E-09  6.971E+00  6.376E-10  4.149E-13  0.000E+00
   6.607E+01  6.763E+01  1.925E-08  1.306E-09  6.784E+00  1.816E-08  1.306E-09  7.190E+00  1.073E-09  1.450E-11  0.000E+00
   6.918E+01  7.081E+01  2.665E-08  1.605E-09  6.021E+00  2.523E-08  1.605E-09  6.360E+00  1.423E-09  2.233E-13  0.000E+00
   7.244E+01  7.415E+01  2.700E-08  1.468E-09  5.437E+00  2.525E-08  1.468E-09  5.812E+00  1.746E-09  2.589E-13  0.000E+00
   7.586E+01  7.765E+01  3.248E-08  1.660E-09  5.109E+00  3.018E-08  1.659E-09  5.498E+00  2.293E-09  1.342E-11  0.000E+00
   7.943E+01  8.130E+01  3.699E-08  1.693E-09  4.577E+00  3.206E-08  1.692E-09  5.280E+00  4.936E-09  8.216E-14  0.000E+00
   8.318E+01  8.514E+01  5.264E-08  1.721E-09  3.269E+00  3.628E-08  1.719E-09  4.738E+00  1.636E-08  8.196E-14  0.000E+00
   8.710E+01  8.915E+01  5.921E-08  1.881E-09  3.176E+00  4.355E-08  1.879E-09  4.315E+00  1.566E-08  8.710E-14  0.000E+00
   9.120E+01  9.335E+01  6.088E-08  1.778E-09  2.921E+00  4.553E-08  1.776E-09  3.901E+00  1.535E-08  8.984E-14  0.000E+00
   9.550E+01  9.775E+01  6.698E-08  1.904E-09  2.843E+00  5.184E-08  1.902E-09  3.670E+00  1.514E-08  1.115E-13  0.000E+00
   1.000E+02  1.024E+02  7.086E-08  1.910E-09  2.695E+00  5.544E-08  1.901E-09  3.428E+00  1.542E-08  1.271E-13  0.000E+00
   1.047E+02  1.072E+02  7.615E-08  1.843E-09  2.420E+00  5.919E-08  1.833E-09  3.096E+00  1.696E-08  1.221E-13  0.000E+00
   1.096E+02  1.122E+02  9.371E-08  2.163E-09  2.308E+00  7.313E-08  2.153E-09  2.944E+00  2.058E-08  1.316E-13  0.000E+00
   1.148E+02  1.175E+02  9.995E-08  2.029E-09  2.030E+00  7.448E-08  2.015E-09  2.705E+00  2.547E-08  1.410E-13  0.000E+00
   1.202E+02  1.231E+02  8.054E-07  2.788E-09  3.461E-01  8.101E-08  2.058E-09  2.540E+00  7.244E-07  1.320E-13  0.000E+00
   1.259E+02  1.289E+02  9.260E-08  2.131E-09  2.301E+00  9.018E-08  2.129E-09  2.360E+00  2.414E-09  1.473E-13  0.000E+00
   1.318E+02  1.349E+02  1.816E-07  2.229E-09  1.227E+00  9.714E-08  2.132E-09  2.195E+00  8.446E-08  1.704E-13  0.000E+00
   1.380E+02  1.413E+02  1.036E-07  2.190E-09  2.113E+00  1.036E-07  2.189E-09  2.112E+00  1.388E-12  1.751E-13  0.000E+00
   1.445E+02  1.480E+02  1.079E-07  2.158E-09  2.001E+00  1.079E-07  2.157E-09  1.999E+00  2.011E-12  1.833E-13  0.000E+00
   1.514E+02  1.549E+02  1.181E-07  2.232E-09  1.890E+00  1.181E-07  2.230E-09  1.888E+00  1.276E-12  2.041E-13  0.000E+00
   1.585E+02  1.622E+02  1.265E-07  2.226E-09  1.759E+00  1.265E-07  2.224E-09  1.758E+00  4.571E-13  2.095E-13  0.000E+00
   1.660E+02  1.699E+02  1.346E-07  2.234E-09  1.660E+00  1.346E-07  2.231E-09  1.658E+00  1.521E-12  2.296E-13  0.000E+00
   1.738E+02  1.779E+02  1.373E-07  2.207E-09  1.608E+00  1.373E-07  2.205E-09  1.606E+00  1.660E-12  2.279E-13  0.000E+00
   1.820E+02  1.863E+02  1.429E-07  2.282E-09  1.596E+00  1.429E-07  2.279E-09  1.595E+00  1.148E-12  2.214E-13  0.000E+00
   1.905E+02  1.950E+02  1.581E-07  2.279E-09  1.442E+00  1.581E-07  2.276E-09  1.440E+00  3.844E-12  2.289E-13  0.000E+00
   1.995E+02  2.042E+02  1.922E-07  2.376E-09  1.237E+00  1.922E-07  2.372E-09  1.234E+00  3.853E-12  2.553E-13  0.000E+00
   2.089E+02  2.139E+02  2.001E-07  2.364E-09  1.182E+00  2.001E-07  2.359E-09  1.179E+00  5.468E-12  2.647E-13  0.000E+00
   2.188E+02  2.239E+02  1.942E-07  2.240E-09  1.153E+00  1.942E-07  2.235E-09  1.151E+00  2.243E-12  2.573E-13  0.000E+00
   2.291E+02  2.345E+02  2.071E-07  2.339E-09  1.129E+00  2.071E-07  2.333E-09  1.127E+00  2.013E-12  2.777E-13  0.000E+00
   2.399E+02  2.455E+02  2.086E-07  2.354E-09  1.128E+00  2.086E-07  2.349E-09  1.126E+00  2.629E-12  2.689E-13  0.000E+00
   2.512E+02  2.571E+02  2.091E-07  2.367E-09  1.132E+00  2.091E-07  2.362E-09  1.129E+00  4.005E-13  3.164E-13  0.000E+00
   2.630E+02  2.692E+02  2.117E-07  2.376E-09  1.122E+00  2.117E-07  2.370E-09  1.119E+00  6.756E-12  2.965E-13  0.000E+00
   2.754E+02  2.819E+02  2.042E-07  2.295E-09  1.124E+00  2.042E-07  2.290E-09  1.121E+00  1.820E-12  3.132E-13  0.000E+00
   2.884E+02  2.952E+02  2.105E-07  2.339E-09  1.111E+00  2.105E-07  2.334E-09  1.109E+00  2.324E-12  3.366E-13  0.000E+00
   3.020E+02  3.091E+02  2.116E-07  2.318E-09  1.095E+00  2.116E-07  2.312E-09  1.092E+00  1.415E-12  3.471E-13  0.000E+00
   3.162E+02  3.237E+02  2.173E-07  2.331E-09  1.073E+00  2.173E-07  2.325E-09  1.070E+00  2.154E-12  3.374E-13  0.000E+00
   3.311E+02  3.389E+02  2.188E-07  2.322E-09  1.061E+00  2.188E-07  2.316E-09  1.058E+00  2.116E-11  3.628E-13  0.000E+00
   3.467E+02  3.549E+02  2.264E-07  2.333E-09  1.031E+00  2.263E-07  2.327E-09  1.028E+00  1.844E-11  3.802E-13  0.000E+00
   3.631E+02  3.716E+02  2.324E-07  2.352E-09  1.012E+00  2.324E-07  2.345E-09  1.009E+00  8.979E-14  3.992E-13  0.000E+00
   3.802E+02  3.891E+02  2.380E-07  2.329E-09  9.785E-01  2.380E-07  2.322E-09  9.755E-01  1.760E-12  4.164E-13  0.000E+00
   3.981E+02  4.075E+02  2.460E-07  2.355E-09  9.575E-01  2.460E-07  2.348E-09  9.544E-01  1.490E-12  4.144E-13  0.000E+00
   4.169E+02  4.267E+02  2.459E-07  2.295E-09  9.335E-01  2.459E-07  2.288E-09  9.303E-01  2.482E-12  4.477E-13  0.000E+00
   4.365E+02  4.468E+02  2.594E-07  2.334E-09  8.999E-01  2.594E-07  2.326E-09  8.966E-01  7.976E-13  4.612E-13  0.000E+00
   4.571E+02  4.679E+02  2.668E-07  2.345E-09  8.790E-01  2.668E-07  2.336E-09  8.757E-01  2.019E-12  4.624E-13  0.000E+00
   4.786E+02  4.899E+02  2.745E-07  2.339E-09  8.520E-01  2.745E-07  2.330E-09  8.486E-01  4.650E-12  5.075E-13  0.000E+00
   5.012E+02  5.130E+02  7.165E-07  3.811E-09  5.319E-01  7.165E-07  3.771E-09  5.264E-01  1.767E-12  1.435E-12  0.000E+00
   5.248E+02  5.372E+02  3.037E-08  2.703E-10  8.900E-01  3.037E-08  2.693E-10  8.868E-01  3.143E-12  2.824E-15  0.000E+00
   5.495E+02  5.625E+02  3.122E-08  2.763E-10  8.852E-01  3.121E-08  2.753E-10  8.821E-01  1.209E-11  3.088E-15  0.000E+00
   5.754E+02  5.890E+02  3.069E-08  2.669E-10  8.696E-01  3.069E-08  2.658E-10  8.663E-01  3.578E-12  2.822E-15  0.000E+00
   6.026E+02  6.168E+02  3.094E-08  2.633E-10  8.510E-01  3.094E-08  2.622E-10  8.476E-01  2.293E-12  2.624E-15  0.000E+00
   6.310E+02  6.458E+02  3.021E-08  2.556E-10  8.458E-01  3.021E-08  2.545E-10  8.424E-01  9.870E-13  2.334E-15  0.000E+00
   6.607E+02  6.763E+02  3.100E-08  2.570E-10  8.290E-01  3.099E-08  2.559E-10  8.255E-01  2.225E-12  2.678E-15  0.000E+00
   6.918E+02  7.081E+02  3.133E-08  2.500E-10  7.981E-01  3.105E-08  2.482E-10  7.995E-01  2.771E-10  2.820E-15  0.000E+00
   7.244E+02  7.415E+02  4.203E-08  4.791E-10  1.140E+00  4.203E-08  4.781E-10  1.137E+00  0.000E+00  2.587E-15  0.000E+00
   7.586E+02  7.765E+02  4.453E-08  4.953E-10  1.112E+00  4.453E-08  4.941E-10  1.110E+00  0.000E+00  2.255E-15  0.000E+00
   7.943E+02  8.130E+02  3.224E-08  2.403E-10  7.453E-01  3.224E-08  2.390E-10  7.413E-01  0.000E+00  2.781E-15  0.000E+00
   8.318E+02  8.514E+02  3.749E-06  6.236E-09  1.663E-01  3.749E-06  5.533E-09  1.476E-01  0.000E+00  3.021E-15  0.000E+00
   8.710E+02  8.915E+02  1.380E-08  2.158E-10  1.563E+00  1.380E-08  2.155E-10  1.561E+00  0.000E+00  2.774E-15  0.000E+00
   9.120E+02  9.335E+02  1.121E-08  1.232E-10  1.099E+00  1.121E-08  1.229E-10  1.097E+00  0.000E+00  3.017E-15  0.000E+00
   9.550E+02  9.775E+02  5.998E-08  7.635E-10  1.273E+00  5.998E-08  7.621E-10  1.271E+00  0.000E+00  3.144E-15  0.000E+00
   1.000E+03  1.024E+03  4.625E-07  2.216E-09  4.791E-01  4.625E-07  2.187E-09  4.729E-01  0.000E+00  2.639E-15  0.000E+00
   1.047E+03  1.072E+03  1.093E-08  1.626E-10  1.489E+00  1.093E-08  1.624E-10  1.487E+00  0.000E+00  2.886E-15  0.000E+00
   1.096E+03  1.122E+03  1.387E-08  2.401E-10  1.731E+00  1.387E-08  2.399E-10  1.729E+00  0.000E+00  3.014E-15  0.000E+00
   1.148E+03  1.175E+03  7.657E-08  8.195E-10  1.070E+00  7.657E-08  8.174E-10  1.068E+00  0.000E+00  1.153E-12  0.000E+00
   1.202E+03  1.231E+03  1.779E-06  3.761E-09  2.114E-01  1.779E-06  3.505E-09  1.970E-01  0.000E+00  8.658E-18  0.000E+00
   1.259E+03  1.289E+03  2.873E-09  7.985E-11  2.779E+00  2.873E-09  7.982E-11  2.778E+00  0.000E+00  2.033E-17  0.000E+00
   1.318E+03  1.349E+03  1.074E-07  9.473E-10  8.818E-01  1.074E-07  9.437E-10  8.785E-01  0.000E+00  2.276E-17  0.000E+00
   1.380E+03  1.413E+03  6.751E-09  2.008E-10  2.975E+00  6.751E-09  2.007E-10  2.974E+00  0.000E+00  1.268E-17  0.000E+00
   1.445E+03  1.480E+03  3.418E-09  1.147E-10  3.355E+00  3.418E-09  1.147E-10  3.354E+00  0.000E+00  8.662E-15  0.000E+00
   1.514E+03  1.549E+03  1.885E-09  3.610E-11  1.915E+00  1.885E-09  3.607E-11  1.913E+00  0.000E+00  0.000E+00  0.000E+00
   1.585E+03  1.622E+03  3.202E-09  1.027E-10  3.208E+00  3.202E-09  1.027E-10  3.207E+00  0.000E+00  2.368E-19  0.000E+00
   1.660E+03  1.699E+03  1.907E-09  3.468E-11  1.818E+00  1.907E-09  3.465E-11  1.817E+00  0.000E+00  5.687E-19  0.000E+00
   1.738E+03  1.779E+03  3.035E-07  1.384E-09  4.559E-01  3.035E-07  1.364E-09  4.494E-01  0.000E+00  0.000E+00  0.000E+00
   1.820E+03  1.863E+03  1.192E-09  2.669E-11  2.240E+00  1.192E-09  2.667E-11  2.238E+00  0.000E+00  2.137E-19  0.000E+00
   1.905E+03  1.950E+03  1.270E-08  2.646E-10  2.083E+00  1.270E-08  2.644E-10  2.082E+00  0.000E+00  9.120E-20  0.000E+00
   1.995E+03  2.042E+03  1.788E-07  9.998E-10  5.592E-01  1.788E-07  9.904E-10  5.539E-01  0.000E+00  0.000E+00  0.000E+00
   2.089E+03  2.139E+03  6.578E-09  1.799E-10  2.735E+00  6.578E-09  1.798E-10  2.734E+00  0.000E+00  1.265E-17  0.000E+00
   2.188E+03  2.239E+03  6.889E-09  1.819E-10  2.641E+00  6.889E-09  1.819E-10  2.640E+00  0.000E+00  9.965E-20  0.000E+00
   2.291E+03  2.345E+03  1.609E-09  7.204E-11  4.478E+00  1.609E-09  7.203E-11  4.477E+00  0.000E+00  2.101E-21  0.000E+00
   2.399E+03  2.455E+03  6.453E-10  1.626E-11  2.519E+00  6.453E-10  1.625E-11  2.518E+00  0.000E+00  2.197E-18  0.000E+00
   2.512E+03  2.571E+03  2.184E-07  9.821E-10  4.496E-01  2.184E-07  9.677E-10  4.430E-01  0.000E+00  3.903E-19  0.000E+00
   2.630E+03  2.692E+03  2.206E-10  8.436E-12  3.824E+00  2.206E-10  8.435E-12  3.823E+00  0.000E+00  6.172E-16  0.000E+00
   2.754E+03  2.819E+03  2.309E-10  8.542E-12  3.699E+00  2.309E-10  8.540E-12  3.699E+00  0.000E+00  0.000E+00  0.000E+00
   2.884E+03  2.952E+03  1.172E-08  2.165E-10  1.847E+00  1.172E-08  2.163E-10  1.845E+00  0.000E+00  0.000E+00  0.000E+00
   3.020E+03  3.091E+03  1.940E-10  7.262E-12  3.743E+00  1.940E-10  7.260E-12  3.742E+00  0.000E+00  0.000E+00  0.000E+00
   3.162E+03  3.237E+03  1.265E-07  6.715E-10  5.310E-01  1.265E-07  6.645E-10  5.254E-01  0.000E+00  6.182E-17  0.000E+00
   3.311E+03  3.389E+03  8.525E-09  1.728E-10  2.027E+00  8.525E-09  1.727E-10  2.026E+00  0.000E+00  0.000E+00  0.000E+00
   3.467E+03  3.549E+03  1.693E-09  7.342E-11  4.336E+00  1.693E-09  7.341E-11  4.335E+00  0.000E+00  0.000E+00  0.000E+00
   3.631E+03  3.716E+03  1.000E-30  1.000E-90  0.000E+00  0.000E+00  0.000E+00  0.000E+00  0.000E+00  0.000E+00  0.000E+00
   3.802E+03  3.891E+03  1.000E-30  1.000E-90  0.000E+00  0.000E+00  0.000E+00  0.000E+00  0.000E+00  0.000E+00  0.000E+00
   3.981E+03  4.075E+03  1.000E-30  1.000E-90  0.000E+00  0.000E+00  0.000E+00  0.000E+00  0.000E+00  0.000E+00  0.000E+00
   4.169E+03  4.267E+03  1.000E-30  1.000E-90  0.000E+00  0.000E+00  0.000E+00  0.000E+00  0.000E+00  0.000E+00  0.000E+00
   4.365E+03  4.468E+03  1.000E-30  1.000E-90  0.000E+00  0.000E+00  0.000E+00  0.000E+00  0.000E+00  0.000E+00  0.000E+00
   4.571E+03  4.679E+03  1.000E-30  1.000E-90  0.000E+00  0.000E+00  0.000E+00  0.000E+00  0.000E+00  0.000E+00  0.000E+00
   4.786E+03  4.899E+03  1.000E-30  1.000E-90  0.000E+00  0.000E+00  0.000E+00  0.000E+00  0.000E+00  0.000E+00  0.000E+00
   5.012E+03  5.025E+05  1.000E-30  1.000E-90  0.000E+00  0.000E+00  0.000E+00  0.000E+00  0.000E+00  0.000E+00  0.000E+00
      1.096E-02     0.000E+00     0.000E+00     0.000E+00
      1.202E-02     0.000E+00     0.000E+00     0.000E+00
      1.318E-02     0.000E+00     0.000E+00     0.000E+00
      1.445E-02     0.000E+00     0.000E+00     0.000E+00
      1.585E-02     0.000E+00     0.000E+00     0.000E+00
      1.738E-02     0.000E+00     0.000E+00     0.000E+00
      1.905E-02     0.000E+00     0.000E+00     0.000E+00
      2.089E-02     0.000E+00     0.000E+00     0.000E+00
      2.291E-02     0.000E+00     0.000E+00     0.000E+00
      2.512E-02     0.000E+00     0.000E+00     0.000E+00
      2.754E-02     0.000E+00     0.000E+00     0.000E+00
      3.020E-02     0.000E+00     0.000E+00     0.000E+00
      3.311E-02     0.000E+00     0.000E+00     0.000E+00
      3.631E-02     0.000E+00     0.000E+00     0.000E+00
      3.981E-02     0.000E+00     0.000E+00     0.000E+00
      4.365E-02     0.000E+00     0.000E+00     0.000E+00
      4.786E-02     0.000E+00     0.000E+00     0.000E+00
      5.248E-02     0.000E+00     0.000E+00     0.000E+00
      5.754E-02     0.000E+00     0.000E+00     0.000E+00
      6.310E-02     0.000E+00     0.000E+00     0.000E+00
      6.918E-02     0.000E+00     0.000E+00     0.000E+00
      7.586E-02     0.000E+00     0.000E+00     0.000E+00
      8.318E-02     0.000E+00     0.000E+00     0.000E+00
      9.120E-02     0.000E+00     0.000E+00     0.000E+00
      1.000E-01     0.000E+00     0.000E+00     0.000E+00
      1.096E-01     0.000E+00     0.000E+00     0.000E+00
      1.202E-01     0.000E+00     0.000E+00     0.000E+00
      1.318E-01     0.000E+00     0.000E+00     0.000E+00
      1.445E-01     0.000E+00     0.000E+00     0.000E+00
      1.585E-01     0.000E+00     0.000E+00     0.000E+00
      1.738E-01     2.146E-34     1.040E-29     4.848E+06
      1.905E-01     2.113E-33     0.000E+00     0.000E+00
      2.089E-01     2.853E-32     5.689E-30     1.994E+04
      2.291E-01     2.805E-31     5.995E-16     2.137E+17
      2.512E-01     1.776E-34     3.167E-33     1.783E+03
      2.754E-01     2.809E-12     0.000E+00     0.000E+00
      3.020E-01     7.485E-32     4.979E-17     6.652E+16
      3.311E-01     2.179E-31     6.422E-13     2.947E+20
      3.631E-01     5.358E-29     1.504E-29     2.807E+01
      3.981E-01     9.521E-32     7.791E-14     8.183E+19
      4.365E-01     1.438E-31     5.001E-15     3.478E+18
      4.786E-01     1.890E-20     1.128E-11     5.967E+10
      5.248E-01     4.452E-12     0.000E+00     0.000E+00
      5.754E-01     7.905E-29     1.922E-13     2.431E+17
      6.310E-01     1.041E-30     6.396E-13     6.144E+19
      6.918E-01     6.751E-28     2.472E-25     3.662E+04
      7.586E-01     8.682E-29     1.351E-17     1.556E+13
      8.318E-01     7.767E-13     4.126E-13     5.312E+01
      9.120E-01     3.324E-30     3.362E-30     1.011E+02
