# 177-shell model evolved to new time with shell-mass conservation
# t0_days = 0.0002314814814814815
# t_days  = 2.0000000000000000e+02
# Shell masses: m_i = (Menc_out - Menc_in) * Msun
# Boundary evolution: r_out uses v_out; r_in uses previous shell v_out (continuous boundaries)
# rho(t) = m_i / [4/3 pi (r_out^3 - r_in^3)]
# Columns:	shell	rzo_cm	vel_cm_s	rho_g_cc	X_C_bucket	X_Si_bucket	X_Ni56	Menc_Msun
shell	rzo_cm	vel_cm_s	rho_g_cc	X_C_bucket	X_Si_bucket	X_Ni56	Menc_Msun
1	2.16000000e+13	1.25000000e+06	2.22428160e-15	5.38048958e-11	1.00000000e+00	0.00000000e+00	4.72068311e-08
2	4.45305600e+13	2.57700000e+06	2.87598534e-15	1.13964761e-10	1.00000000e+00	0.00000000e+00	5.20997647e-07
3	2.38118400e+14	1.37800000e+07	2.64767695e-15	8.23026945e-11	1.00000000e+00	0.00000000e+00	7.53117593e-05
4	4.51526400e+14	2.61300000e+07	8.99905574e-16	8.87091341e-11	1.00000000e+00	0.00000000e+00	2.24185899e-04
5	6.64588800e+14	3.84600000e+07	9.29941898e-16	9.75362303e-11	1.00000000e+00	0.00000000e+00	6.18769853e-04
6	8.51385600e+14	4.92700000e+07	6.74378685e-16	8.71965988e-11	1.00000000e+00	0.00000000e+00	1.07835343e-03
7	1.09779840e+15	6.35300000e+07	1.06341685e-15	3.84570788e-10	1.00000000e+00	0.00000000e+00	2.65921922e-03
8	1.37185920e+15	7.93900000e+07	6.90158688e-16	3.65034386e-10	1.00000000e+00	0.00000000e+00	4.48885032e-03
9	1.74528000e+15	1.01000000e+08	7.77186468e-16	6.24406172e-10	9.99999999e-01	0.00000000e+00	8.96416726e-03
10	2.12544000e+15	1.23000000e+08	9.84550025e-16	4.01723184e-09	9.99999996e-01	0.00000000e+00	1.78499763e-02
11	2.74060800e+15	1.58600000e+08	4.38404373e-16	6.70081052e-09	9.99982641e-01	1.73524777e-05	2.79901172e-02
12	2.97734400e+15	1.72300000e+08	6.33180230e-16	1.06386279e-08	9.99941530e-01	5.84593067e-05	3.57353741e-02
13	3.32640000e+15	1.92500000e+08	3.71642510e-16	1.37050061e-08	9.99894902e-01	1.05083816e-04	4.38857260e-02
14	3.47846400e+15	2.01300000e+08	5.15352247e-16	1.60829120e-08	9.99831358e-01	1.68626228e-04	4.96183949e-02
15	3.70656000e+15	2.14500000e+08	3.44911297e-16	1.80057375e-08	9.99720867e-01	2.79115012e-04	5.60355494e-02
16	3.81542400e+15	2.20800000e+08	6.43892293e-16	2.02323079e-08	9.99479971e-01	5.20009053e-04	6.23003570e-02
17	4.04179200e+15	2.33900000e+08	2.93631548e-16	2.16048831e-08	9.99360273e-01	6.39704907e-04	6.87835711e-02
18	4.13683200e+15	2.39400000e+08	6.62636380e-16	2.48469007e-08	9.98576139e-01	1.42383601e-03	7.54374796e-02
19	4.35801600e+15	2.52200000e+08	2.72502851e-16	2.59042218e-08	9.98194375e-01	1.80559882e-03	8.23089425e-02
20	4.46169600e+15	2.58200000e+08	5.09480875e-16	2.78928648e-08	9.97464939e-01	2.53503299e-03	8.87992725e-02
21	4.65350400e+15	2.69300000e+08	2.66207518e-16	3.83916357e-08	9.83805864e-01	1.61940975e-02	9.55011830e-02
22	4.77100800e+15	2.76100000e+08	5.56819961e-16	4.17030595e-08	9.76472271e-01	2.35276873e-02	1.04680762e-01
23	5.00774400e+15	2.89800000e+08	2.57481070e-16	4.50167208e-08	9.64005704e-01	3.59942511e-02	1.13888997e-01
24	5.15116800e+15	2.98100000e+08	3.97090932e-16	4.47623198e-08	9.03883375e-01	9.61165800e-02	1.23173318e-01
25	5.36025600e+15	3.10200000e+08	2.59525041e-16	4.58708864e-08	8.88037641e-01	1.11962313e-01	1.32644493e-01
26	5.53305600e+15	3.20200000e+08	3.78143105e-16	4.72975117e-08	8.75047141e-01	1.24952811e-01	1.44892666e-01
27	5.75596800e+15	3.33100000e+08	2.74788342e-16	4.81565410e-08	8.06390709e-01	1.93609243e-01	1.57224171e-01
28	6.00480000e+15	3.47500000e+08	2.29773697e-16	5.26928729e-08	7.40420922e-01	2.59579025e-01	1.69716914e-01
29	6.13958400e+15	3.55300000e+08	4.02790207e-16	5.66362442e-08	6.79496816e-01	3.20503127e-01	1.82364311e-01
30	6.37977600e+15	3.69200000e+08	1.40347674e-16	6.31698807e-08	6.30218099e-01	3.69781838e-01	1.90710657e-01
31	6.44889600e+15	3.73200000e+08	4.78642731e-16	6.89370719e-08	5.93771958e-01	4.06227973e-01	1.99310646e-01
32	6.63724800e+15	3.84100000e+08	1.64853663e-16	7.51721298e-08	5.61184816e-01	4.38815109e-01	2.07709834e-01
33	6.72537600e+15	3.89200000e+08	3.41084417e-16	8.27532196e-08	5.29830709e-01	4.70169209e-01	2.16187585e-01
34	6.88435200e+15	3.98400000e+08	1.85026635e-16	9.11680205e-08	5.00830414e-01	4.99169495e-01	2.24793550e-01
35	6.97766400e+15	4.03800000e+08	3.03557919e-16	1.00851127e-07	4.72556033e-01	5.27443866e-01	2.33390680e-01
36	7.14528000e+15	4.13500000e+08	1.63615771e-16	1.12365276e-07	4.46241608e-01	5.53758279e-01	2.42030936e-01
37	7.24896000e+15	4.19500000e+08	2.57484176e-16	1.26079073e-07	4.20884336e-01	5.79115538e-01	2.50767599e-01
38	7.43212800e+15	4.30100000e+08	2.21959460e-16	1.43704916e-07	3.93451207e-01	6.06548649e-01	2.64608915e-01
39	7.63603200e+15	4.41900000e+08	1.92996690e-16	1.74570231e-07	3.60424799e-01	6.39575026e-01	2.78722510e-01
40	7.81056000e+15	4.52000000e+08	2.12862727e-16	2.19059555e-07	3.29630271e-01	6.70369510e-01	2.92723658e-01
41	8.05766400e+15	4.66300000e+08	1.43080678e-16	2.82586456e-07	3.02765664e-01	6.97234053e-01	3.06786322e-01
42	8.16134400e+15	4.72300000e+08	1.99755715e-16	3.62998974e-07	2.81486948e-01	7.18512689e-01	3.15391578e-01
43	8.33760000e+15	4.82500000e+08	1.12876376e-16	4.41677462e-07	2.68614698e-01	7.31384860e-01	3.23946004e-01
44	8.40499200e+15	4.86400000e+08	2.85230538e-16	5.47456150e-07	2.55180862e-01	7.44818591e-01	3.32456741e-01
45	8.58297600e+15	4.96700000e+08	1.05350212e-16	6.90570442e-07	2.43419733e-01	7.56579577e-01	3.41004066e-01
46	8.66073600e+15	5.01200000e+08	2.35578183e-16	8.99562155e-07	2.32782512e-01	7.67216588e-01	3.49607481e-01
47	8.81798400e+15	5.10300000e+08	1.13097251e-16	1.22763430e-06	2.23258911e-01	7.76739861e-01	3.58189377e-01
48	8.89574400e+15	5.14800000e+08	2.22129140e-16	1.82745257e-06	2.13736948e-01	7.86261224e-01	3.66749887e-01
49	9.05472000e+15	5.24000000e+08	1.02392596e-16	3.11931036e-06	2.05329747e-01	7.94667134e-01	3.75034608e-01
50	9.18086400e+15	5.31300000e+08	2.30004104e-16	1.01477287e-05	1.94092475e-01	8.05897377e-01	3.90273857e-01
51	9.44352000e+15	5.46500000e+08	1.01631201e-16	3.15015606e-04	1.80590310e-01	8.19094674e-01	4.04899740e-01
52	9.58521600e+15	5.54700000e+08	1.88565891e-16	8.91882210e-04	1.68570751e-01	8.30537367e-01	4.20181161e-01
53	9.85132800e+15	5.70100000e+08	9.08646822e-17	1.44048558e-03	1.58298186e-01	8.40261328e-01	4.34610282e-01
54	9.97228800e+15	5.77100000e+08	1.19406555e-16	1.90965015e-03	1.50646104e-01	8.47444246e-01	4.43575403e-01
55	1.01450880e+16	5.87100000e+08	8.03908733e-17	2.23825018e-03	1.45668757e-01	8.52092992e-01	4.52455525e-01
56	1.02193920e+16	5.91400000e+08	1.71164030e-16	2.54567228e-03	1.40914375e-01	8.56539953e-01	4.60786357e-01
57	1.03887360e+16	6.01200000e+08	7.37800231e-17	2.84285382e-03	1.36708559e-01	8.60448587e-01	4.69167641e-01
58	1.04716800e+16	6.06000000e+08	1.59249298e-16	3.13441840e-03	1.32681149e-01	8.64184433e-01	4.78246386e-01
59	1.06289280e+16	6.15100000e+08	7.56605590e-17	3.42234769e-03	1.29022931e-01	8.67554721e-01	4.86613347e-01
60	1.07377920e+16	6.21400000e+08	1.11312097e-16	3.71267467e-03	1.25444289e-01	8.70843036e-01	4.95351531e-01
61	1.08794880e+16	6.29600000e+08	8.16127416e-17	3.99157591e-03	1.22165568e-01	8.73842856e-01	5.03887228e-01
62	1.10419200e+16	6.39000000e+08	1.04102328e-16	4.31194435e-03	1.18450006e-01	8.77238050e-01	5.16722112e-01
63	1.11974400e+16	6.48000000e+08	1.04046334e-16	4.71686591e-03	1.14161923e-01	8.81121211e-01	5.29363064e-01
64	1.14134400e+16	6.60500000e+08	7.44928542e-17	5.12309484e-03	1.10288709e-01	8.84588196e-01	5.42356727e-01
65	1.15845120e+16	6.70400000e+08	8.93771042e-17	5.53123116e-03	1.06765595e-01	8.87703174e-01	5.55130130e-01
66	1.17953280e+16	6.82600000e+08	7.00429115e-17	5.93819251e-03	1.03531036e-01	8.90530771e-01	5.67879176e-01
67	1.19957760e+16	6.94200000e+08	7.22967789e-17	6.32697178e-03	1.00646181e-01	8.93026847e-01	5.80835304e-01
68	1.21703040e+16	7.04300000e+08	7.91916411e-17	6.72642725e-03	9.80110702e-02	8.95262503e-01	5.93584404e-01
69	1.23984000e+16	7.17500000e+08	5.73614245e-17	7.11638942e-03	9.56098741e-02	8.97273736e-01	6.06059091e-01
70	1.25712000e+16	7.27500000e+08	9.49657083e-17	7.53021224e-03	9.33752687e-02	8.99094519e-01	6.22219626e-01
71	1.28580480e+16	7.44100000e+08	5.29467432e-17	7.99736180e-03	9.10227532e-02	9.00979885e-01	6.37732478e-01
72	1.30654080e+16	7.56100000e+08	6.99914864e-17	8.47135012e-03	8.89609257e-02	9.02567724e-01	6.53138139e-01
73	1.33367040e+16	7.71800000e+08	5.12303483e-17	8.93931770e-03	8.71465379e-02	9.03914144e-01	6.68441204e-01
74	1.35596160e+16	7.84700000e+08	6.15905342e-17	9.41487627e-03	8.55800364e-02	9.05005087e-01	6.84128864e-01
75	1.38291840e+16	8.00300000e+08	4.69680453e-17	9.87677245e-03	8.42028529e-02	9.05920375e-01	6.99130753e-01
76	1.40641920e+16	8.13900000e+08	5.43146461e-17	1.42447256e-02	8.14351148e-02	9.04320160e-01	7.14817292e-01
77	1.43112960e+16	8.28200000e+08	4.71500638e-17	1.47195777e-02	8.04273770e-02	9.04853045e-01	7.29634787e-01
78	1.45134720e+16	8.39900000e+08	3.32063185e-17	1.51291871e-02	7.96710714e-02	9.05199742e-01	7.38445361e-01
79	1.46655360e+16	8.48700000e+08	4.23838238e-17	1.52726567e-02	7.92605990e-02	9.05466744e-01	7.47112716e-01
80	1.47968640e+16	8.56300000e+08	4.80044523e-17	1.52310279e-02	7.89748900e-02	9.05794082e-01	7.55756285e-01
81	1.49627520e+16	8.65900000e+08	3.78953333e-17	1.47325896e-02	7.88168440e-02	9.06450566e-01	7.64550051e-01
82	1.50768000e+16	8.72500000e+08	5.34823209e-17	1.33663125e-02	7.89706736e-02	9.07663014e-01	7.73243698e-01
83	1.52547840e+16	8.82800000e+08	3.33368076e-17	1.04649882e-02	7.95927011e-02	9.09942311e-01	7.81865841e-01
84	1.53792000e+16	8.90000000e+08	4.36872572e-17	5.26593418e-03	8.09173336e-02	9.13816732e-01	7.89922509e-01
85	1.55381760e+16	8.99200000e+08	3.60236044e-17	1.16434723e-06	8.38106013e-02	9.16188234e-01	7.98569060e-01
86	1.56850560e+16	9.07700000e+08	4.14178579e-17	4.49327982e-08	1.09365715e-01	8.90634240e-01	8.07936573e-01
87	1.58440320e+16	9.16900000e+08	3.99536718e-17	1.71083882e-07	1.32602529e-01	8.67397300e-01	8.17909665e-01
88	1.60168320e+16	9.26900000e+08	3.39380949e-17	3.68405691e-07	1.59319314e-01	8.40680318e-01	8.27312648e-01
89	1.61481600e+16	9.34500000e+08	4.41179441e-17	6.39463327e-07	1.90021661e-01	8.09977700e-01	8.36780621e-01
90	1.63244160e+16	9.44700000e+08	3.20359656e-17	1.01324279e-06	2.27489594e-01	7.72509393e-01	8.46185096e-01
91	1.64764800e+16	9.53500000e+08	3.43506009e-17	1.50208205e-06	2.72280723e-01	7.27717775e-01	8.55061772e-01
92	1.66389120e+16	9.62900000e+08	3.49460854e-17	2.14315237e-06	3.24961810e-01	6.75036047e-01	8.64893922e-01
93	1.67961600e+16	9.72000000e+08	3.18741209e-17	2.73836837e-06	3.70381899e-01	6.29615362e-01	8.73743981e-01
94	1.69724160e+16	9.82200000e+08	4.99513638e-17	4.14753137e-06	4.67338306e-01	5.32657547e-01	8.89601520e-01
95	1.72558080e+16	9.98600000e+08	2.87138607e-17	6.04449224e-06	5.77574366e-01	4.22419590e-01	9.04659715e-01
96	1.75046400e+16	1.01300000e+09	3.36295935e-17	8.91027145e-06	7.05899860e-01	2.94091229e-01	9.20630310e-01
97	1.77638400e+16	1.02800000e+09	3.04127912e-17	1.21099433e-05	8.03610839e-01	1.96377051e-01	9.36118036e-01
98	1.80230400e+16	1.04300000e+09	2.89606317e-17	1.58181359e-05	8.72855349e-01	1.27128833e-01	9.51302987e-01
99	1.83168000e+16	1.06000000e+09	2.37429468e-17	2.03675873e-05	9.20190699e-01	7.97889329e-02	9.65851475e-01
100	1.85068800e+16	1.07100000e+09	1.96875012e-17	2.31349176e-05	9.37237151e-01	6.27397144e-02	9.73866416e-01
101	1.86796800e+16	1.08100000e+09	1.98786796e-17	2.55191270e-05	9.48225383e-01	5.17490982e-02	9.81369183e-01
102	1.88006400e+16	1.08800000e+09	2.78063714e-17	2.70370105e-05	9.53556781e-01	4.64161823e-02	9.88832112e-01
103	1.89734400e+16	1.09800000e+09	1.98522387e-17	2.84887349e-05	9.57989953e-01	4.19815578e-02	9.96563530e-01
104	1.91116800e+16	1.10600000e+09	2.58661784e-17	3.03311697e-05	9.62675701e-01	3.72939681e-02	1.00475560e+00
105	1.93017600e+16	1.11700000e+09	1.88682353e-17	3.20354969e-05	9.66133161e-01	3.38348031e-02	1.01311457e+00
106	1.94572800e+16	1.12600000e+09	2.27429800e-17	3.42161580e-05	9.69708183e-01	3.02576006e-02	1.02150718e+00
107	1.96473600e+16	1.13700000e+09	1.86371596e-17	3.66859952e-05	9.72895328e-01	2.70679858e-02	1.03006358e+00
108	1.98201600e+16	1.14700000e+09	1.96601384e-17	3.99162612e-05	9.76822663e-01	2.31374204e-02	1.03842207e+00
109	2.00275200e+16	1.15900000e+09	1.61867621e-17	4.50504240e-05	9.82491609e-01	1.74633406e-02	1.04684010e+00
110	2.02176000e+16	1.17000000e+09	1.73711950e-17	9.19565081e-05	9.91230568e-01	8.67747559e-03	1.05528726e+00
111	2.04076800e+16	1.18100000e+09	1.71548046e-17	9.01335549e-04	9.97115029e-01	1.98363564e-03	1.06378754e+00
112	2.06323200e+16	1.19400000e+09	1.50228602e-17	3.49557286e-03	9.96369023e-01	1.35404576e-04	1.07276542e+00
113	2.08396800e+16	1.20600000e+09	1.58639665e-17	2.30938754e-02	9.76894784e-01	1.13403283e-05	1.08170188e+00
114	2.10643200e+16	1.21900000e+09	1.49119893e-17	3.50618988e-02	9.64938101e-01	0.00000000e+00	1.09099267e+00
115	2.13062400e+16	1.23300000e+09	1.28280771e-17	4.72095636e-02	9.52790436e-01	0.00000000e+00	1.09979265e+00
116	2.15308800e+16	1.24600000e+09	1.39199923e-17	6.72747010e-02	9.32725299e-01	0.00000000e+00	1.10885594e+00
117	2.17728000e+16	1.26000000e+09	1.24484159e-17	9.01214652e-02	9.09878535e-01	0.00000000e+00	1.11777573e+00
118	2.20147200e+16	1.27400000e+09	1.27294560e-17	1.33146151e-01	8.66853849e-01	0.00000000e+00	1.12710187e+00
119	2.22393600e+16	1.28700000e+09	1.26688501e-17	1.81866699e-01	8.18133301e-01	0.00000000e+00	1.13590526e+00
120	2.24467200e+16	1.29900000e+09	1.02762697e-17	2.45102137e-01	7.54897863e-01	0.00000000e+00	1.14262609e+00
121	2.26022400e+16	1.30800000e+09	1.32899114e-17	3.34394655e-01	6.65605345e-01	0.00000000e+00	1.14925123e+00
122	2.27577600e+16	1.31700000e+09	1.29439617e-17	5.09077873e-01	4.90922127e-01	0.00000000e+00	1.15579331e+00
123	2.29132800e+16	1.32600000e+09	1.26767481e-17	6.51221493e-01	3.48778507e-01	0.00000000e+00	1.16228852e+00
124	2.30688000e+16	1.33500000e+09	1.27402167e-17	6.78300692e-01	3.21699308e-01	0.00000000e+00	1.16890545e+00
125	2.31897600e+16	1.34200000e+09	1.61020552e-17	6.95324327e-01	3.04675673e-01	0.00000000e+00	1.17548845e+00
126	2.33280000e+16	1.35000000e+09	1.39506156e-17	7.07219004e-01	2.92780996e-01	0.00000000e+00	1.18207990e+00
127	2.34835200e+16	1.35900000e+09	1.21174983e-17	7.14244535e-01	2.85755465e-01	0.00000000e+00	1.18860251e+00
128	2.36044800e+16	1.36600000e+09	1.55762827e-17	7.19361349e-01	2.80638651e-01	0.00000000e+00	1.19520096e+00
129	2.37427200e+16	1.37400000e+09	1.23535140e-17	7.24203300e-01	2.75796700e-01	0.00000000e+00	1.20124781e+00
130	2.38809600e+16	1.38200000e+09	1.27019513e-17	7.29880640e-01	2.70119360e-01	0.00000000e+00	1.20753804e+00
131	2.40192000e+16	1.39000000e+09	1.49365147e-17	7.33543381e-01	2.66456619e-01	0.00000000e+00	1.21502100e+00
132	2.41747200e+16	1.39900000e+09	1.11351902e-17	7.34586272e-01	2.65413728e-01	0.00000000e+00	1.22137409e+00
133	2.43129600e+16	1.40700000e+09	1.27514393e-17	7.37604592e-01	2.62395408e-01	0.00000000e+00	1.22792002e+00
134	2.44684800e+16	1.41600000e+09	1.10171460e-17	7.41032334e-01	2.58967666e-01	0.00000000e+00	1.23435995e+00
135	2.46240000e+16	1.42500000e+09	1.08543730e-17	7.45906850e-01	2.54093150e-01	0.00000000e+00	1.24078591e+00
136	2.47968000e+16	1.43500000e+09	1.15906313e-17	7.53657535e-01	2.46342465e-01	0.00000000e+00	1.24851249e+00
137	2.50041600e+16	1.44700000e+09	9.39252776e-18	7.62406540e-01	2.37593460e-01	0.00000000e+00	1.25614206e+00
138	2.52115200e+16	1.45900000e+09	9.45222975e-18	7.78271335e-01	2.21728665e-01	0.00000000e+00	1.26394855e+00
139	2.54016000e+16	1.47000000e+09	1.03726645e-17	8.06920148e-01	1.93079852e-01	0.00000000e+00	1.27192611e+00
140	2.55398400e+16	1.47800000e+09	1.37463003e-17	8.68388907e-01	1.31611093e-01	0.00000000e+00	1.27971504e+00
141	2.56780800e+16	1.48600000e+09	1.32174745e-17	9.99982722e-01	1.72782903e-05	0.00000000e+00	1.28728585e+00
142	2.58508800e+16	1.49600000e+09	1.07780302e-17	1.00000000e+00	0.00000000e+00	0.00000000e+00	1.29509678e+00
143	2.60236800e+16	1.50600000e+09	1.10821723e-17	1.00000000e+00	0.00000000e+00	0.00000000e+00	1.30323621e+00
144	2.62310400e+16	1.51800000e+09	8.70925639e-18	1.00000000e+00	0.00000000e+00	0.00000000e+00	1.31102508e+00
145	2.63865600e+16	1.52700000e+09	1.26224500e-17	1.00000000e+00	0.00000000e+00	0.00000000e+00	1.31960945e+00
146	2.66284800e+16	1.54100000e+09	7.64995077e-18	1.00000000e+00	0.00000000e+00	0.00000000e+00	1.32782519e+00
147	2.69049600e+16	1.55700000e+09	6.64230100e-18	1.00000000e+00	0.00000000e+00	0.00000000e+00	1.33613807e+00
148	2.72678400e+16	1.57800000e+09	4.74876700e-18	1.00000000e+00	0.00000000e+00	0.00000000e+00	1.34412589e+00
149	2.83737600e+16	1.64200000e+09	1.51659860e-18	1.00000000e+00	0.00000000e+00	0.00000000e+00	1.35232876e+00
150	2.93760000e+16	1.70000000e+09	7.87720542e-19	1.00000000e+00	0.00000000e+00	0.00000000e+00	1.35648789e+00
151	3.04992000e+16	1.76500000e+09	6.29722363e-19	1.00000000e+00	0.00000000e+00	0.00000000e+00	1.36049348e+00
152	3.13804800e+16	1.81600000e+09	8.14963828e-19	1.00000000e+00	0.00000000e+00	0.00000000e+00	1.36483751e+00
153	3.26419200e+16	1.88900000e+09	2.55507186e-19	1.00000000e+00	0.00000000e+00	0.00000000e+00	1.36692443e+00
154	3.31430400e+16	1.91800000e+09	5.87540446e-19	1.00000000e+00	0.00000000e+00	0.00000000e+00	1.36893702e+00
155	3.39206400e+16	1.96300000e+09	2.63969719e-19	1.00000000e+00	0.00000000e+00	0.00000000e+00	1.37039523e+00
156	3.44044800e+16	1.99100000e+09	4.59931571e-19	1.00000000e+00	0.00000000e+00	0.00000000e+00	1.37203611e+00
157	3.51820800e+16	2.03600000e+09	2.06712044e-19	1.00000000e+00	0.00000000e+00	0.00000000e+00	1.37326555e+00
158	3.56832000e+16	2.06500000e+09	2.82326939e-19	1.00000000e+00	0.00000000e+00	0.00000000e+00	1.37438778e+00
159	3.62534400e+16	2.09800000e+09	1.65404378e-19	1.00000000e+00	0.00000000e+00	0.00000000e+00	1.37515874e+00
160	3.66508800e+16	2.12100000e+09	1.79558883e-19	1.00000000e+00	0.00000000e+00	0.00000000e+00	1.37575785e+00
161	3.70310400e+16	2.14300000e+09	1.27616748e-19	1.00000000e+00	0.00000000e+00	0.00000000e+00	1.37617387e+00
162	3.73939200e+16	2.16400000e+09	1.50504753e-19	1.00000000e+00	0.00000000e+00	0.00000000e+00	1.37665169e+00
163	3.77049600e+16	2.18200000e+09	8.46324181e-20	1.00000000e+00	0.00000000e+00	0.00000000e+00	1.37688619e+00
164	3.79987200e+16	2.19900000e+09	8.14829946e-20	1.00000000e+00	0.00000000e+00	0.00000000e+00	1.37710287e+00
165	3.82406400e+16	2.21300000e+09	5.68720618e-20	1.00000000e+00	0.00000000e+00	0.00000000e+00	1.37722918e+00
166	3.84480000e+16	2.22500000e+09	5.01080202e-20	1.00000000e+00	0.00000000e+00	0.00000000e+00	1.37732570e+00
167	3.86899200e+16	2.23900000e+09	3.26255404e-20	1.00000000e+00	0.00000000e+00	0.00000000e+00	1.37739988e+00
168	3.88454400e+16	2.24800000e+09	1.91543938e-20	1.00000000e+00	0.00000000e+00	0.00000000e+00	1.37742816e+00
169	3.89664000e+16	2.25500000e+09	3.02782701e-20	1.00000000e+00	0.00000000e+00	0.00000000e+00	1.37746319e+00
170	3.91392000e+16	2.26500000e+09	1.53312539e-20	1.00000000e+00	0.00000000e+00	0.00000000e+00	1.37748871e+00
171	3.92774400e+16	2.27300000e+09	1.35696853e-20	1.00000000e+00	0.00000000e+00	0.00000000e+00	1.37750693e+00
172	3.94329600e+16	2.28200000e+09	7.74577533e-21	1.00000000e+00	0.00000000e+00	0.00000000e+00	1.37751872e+00
173	3.96748800e+16	2.29600000e+09	4.31266227e-21	1.00000000e+00	0.00000000e+00	0.00000000e+00	1.37752903e+00
174	3.98131200e+16	2.30400000e+09	3.96623840e-21	1.00000000e+00	0.00000000e+00	0.00000000e+00	1.37753451e+00
175	4.00896000e+16	2.32000000e+09	1.49095213e-21	1.00000000e+00	0.00000000e+00	0.00000000e+00	1.37753866e+00
176	4.03660800e+16	2.33600000e+09	1.19788631e-21	1.00000000e+00	0.00000000e+00	0.00000000e+00	1.37754205e+00
177	4.17830400e+16	2.41800000e+09	2.11745975e-22	1.00000000e+00	0.00000000e+00	0.00000000e+00	1.37754525e+00
