izn          menc_Msun       radius_cm         tau3keV         tau6keV         tau1keV         tau2keV         tau5keV        tau10keV        tau20keV        tau50keV       tau100keV       tau200keV       tau500keV       tau847keV      tau1000keV      tau1238keV      tau2000keV
0         4.720683e-08    1.296000e+13    6.589149e-01    1.083177e+00    1.729336e-01    4.449280e-01    9.575498e-01    1.474877e+00    1.935497e+00    2.144617e+00    2.002459e+00    1.691645e+00    1.215203e+00    9.624310e-01    8.894652e-01    7.990726e-01    6.167600e-01
1         5.209976e-07    2.671834e+13    6.522559e-01    1.072473e+00    1.711744e-01    4.403981e-01    9.480332e-01    1.460435e+00    1.916717e+00    2.124033e+00    1.983336e+00    1.675541e+00    1.203654e+00    9.532866e-01    8.810146e-01    7.914813e-01    6.109013e-01
2         7.531176e-05    1.428710e+14    6.431154e-01    1.057781e+00    1.687595e-01    4.341801e-01    9.349702e-01    1.440611e+00    1.890939e+00    2.095779e+00    1.957087e+00    1.653435e+00    1.187800e+00    9.407346e-01    8.694149e-01    7.810612e-01    6.028593e-01
3         2.241859e-04    2.709158e+14    5.720740e-01    9.435852e-01    1.499906e-01    3.858531e-01    8.334428e-01    1.286538e+00    1.690586e+00    1.876182e+00    1.753075e+00    1.481628e+00    1.064581e+00    8.431788e-01    7.792599e-01    7.000740e-01    5.403555e-01
4         6.187699e-04    3.987533e+14    5.454559e-01    9.007981e-01    1.429582e-01    3.677457e-01    7.954022e-01    1.228809e+00    1.615517e+00    1.793903e+00    1.676634e+00    1.417254e+00    1.018413e+00    8.066262e-01    7.454803e-01    6.697295e-01    5.169364e-01
5         1.078353e-03    5.108314e+14    5.179940e-01    8.566544e-01    1.357029e-01    3.490643e-01    7.561556e-01    1.169250e+00    1.538068e+00    1.709015e+00    1.597771e+00    1.350840e+00    9.707813e-01    7.689148e-01    7.106298e-01    6.384229e-01    4.927747e-01
6         2.659219e-03    6.586790e+14    5.005341e-01    8.285886e-01    1.310900e-01    3.371869e-01    7.312031e-01    1.131384e+00    1.488827e+00    1.655045e+00    1.547631e+00    1.308615e+00    9.404978e-01    7.449384e-01    6.884724e-01    6.185186e-01    4.774132e-01
7         4.488850e-03    8.231155e+14    4.642149e-01    7.702075e-01    1.214946e-01    3.124802e-01    6.792984e-01    1.052615e+00    1.386399e+00    1.542778e+00    1.443331e+00    1.220780e+00    8.775036e-01    6.950641e-01    6.423817e-01    5.771149e-01    4.454588e-01
8         8.964167e-03    1.047168e+15    4.379991e-01    7.280668e-01    1.145685e-01    2.946465e-01    6.418325e-01    9.957588e-01    1.312465e+00    1.461742e+00    1.368046e+00    1.157380e+00    8.320332e-01    6.590638e-01    6.091125e-01    5.472288e-01    4.223935e-01
9         1.784998e-02    1.275264e+15    3.977744e-01    6.634078e-01    1.039413e-01    2.672830e-01    5.843463e-01    9.085203e-01    1.199022e+00    1.337404e+00    1.252531e+00    1.060100e+00    7.622650e-01    6.038263e-01    5.580655e-01    5.013727e-01    3.870030e-01
10        2.799012e-02    1.644365e+15    3.458977e-01    5.800186e-01    9.023567e-02    2.319930e-01    5.102077e-01    7.960109e-01    1.052718e+00    1.177047e+00    1.103555e+00    9.346407e-01    6.722867e-01    5.325878e-01    4.922314e-01    4.422333e-01    3.413607e-01
11        3.573537e-02    1.786406e+15    3.085181e-01    5.199328e-01    8.036012e-02    2.065650e-01    4.567874e-01    7.149425e-01    9.472986e-01    1.061502e+00    9.962097e-01    8.442410e-01    6.074528e-01    4.812569e-01    4.447946e-01    3.996203e-01    3.084731e-01
12        4.388573e-02    1.995840e+15    2.877426e-01    4.865371e-01    7.487133e-02    1.924321e-01    4.270964e-01    6.698845e-01    8.887063e-01    9.972817e-01    9.365467e-01    7.939963e-01    5.714178e-01    4.527269e-01    4.184290e-01    3.759358e-01    2.901940e-01
13        4.961839e-02    2.087078e+15    2.697633e-01    4.576360e-01    7.012127e-02    1.802015e-01    4.014014e-01    6.308906e-01    8.379994e-01    9.417040e-01    8.849130e-01    7.505134e-01    5.402322e-01    4.280363e-01    3.956115e-01    3.554386e-01    2.743749e-01
14        5.603555e-02    2.223936e+15    2.589022e-01    4.401770e-01    6.725183e-02    1.728131e-01    3.858793e-01    6.073346e-01    8.073675e-01    9.081295e-01    8.537211e-01    7.242453e-01    5.213929e-01    4.131207e-01    3.818275e-01    3.430562e-01    2.648185e-01
15        6.230036e-02    2.289254e+15    2.479991e-01    4.226503e-01    6.437128e-02    1.653962e-01    3.702970e-01    5.836870e-01    7.766163e-01    8.744240e-01    8.224073e-01    6.978745e-01    5.024800e-01    3.981468e-01    3.679895e-01    3.306255e-01    2.552247e-01
16        6.878357e-02    2.425075e+15    2.382854e-01    4.070351e-01    6.180498e-02    1.587884e-01    3.564143e-01    5.626182e-01    7.492181e-01    8.443932e-01    7.945073e-01    6.743785e-01    4.856288e-01    3.848052e-01    3.556600e-01    3.195498e-01    2.466768e-01
17        7.543748e-02    2.482099e+15    2.290749e-01    3.922285e-01    5.937161e-02    1.525229e-01    3.432505e-01    5.426403e-01    7.232384e-01    8.159169e-01    7.680513e-01    6.520986e-01    4.696497e-01    3.721541e-01    3.439687e-01    3.090473e-01    2.385712e-01
18        8.230894e-02    2.614810e+15    2.203507e-01    3.782024e-01    5.706676e-02    1.465883e-01    3.307809e-01    5.237146e-01    6.986258e-01    7.889378e-01    7.429857e-01    6.309893e-01    4.545101e-01    3.601675e-01    3.328915e-01    2.990965e-01    2.308915e-01
19        8.879927e-02    2.677018e+15    2.120021e-01    3.647797e-01    5.486118e-02    1.409094e-01    3.188480e-01    5.056026e-01    6.750711e-01    7.631175e-01    7.189965e-01    6.107863e-01    4.400204e-01    3.486956e-01    3.222898e-01    2.895729e-01    2.235414e-01
20        9.550118e-02    2.792102e+15    2.046875e-01    3.530182e-01    5.292876e-02    1.359339e-01    3.083922e-01    4.897316e-01    6.544298e-01    7.404898e-01    6.979729e-01    5.930807e-01    4.273218e-01    3.386417e-01    3.129986e-01    2.812265e-01    2.170999e-01
21        1.046808e-01    2.862605e+15    1.976518e-01    3.416870e-01    5.107045e-02    1.311502e-01    2.983233e-01    4.744288e-01    6.345115e-01    7.186347e-01    6.776586e-01    5.759679e-01    4.150467e-01    3.289228e-01    3.040170e-01    2.731582e-01    2.108729e-01
22        1.138890e-01    3.004646e+15    1.886604e-01    3.271933e-01    4.869587e-02    1.250382e-01    2.854474e-01    4.548466e-01    6.090121e-01    6.906419e-01    6.516335e-01    5.540414e-01    3.993176e-01    3.164690e-01    2.925079e-01    2.628194e-01    2.028936e-01
23        1.231733e-01    3.090701e+15    1.803218e-01    3.137317e-01    4.649417e-02    1.193723e-01    2.734934e-01    4.366454e-01    5.852936e-01    6.645824e-01    6.273963e-01    5.336164e-01    3.846639e-01    3.048664e-01    2.817854e-01    2.531871e-01    1.954595e-01
24        1.326445e-01    3.216154e+15    1.727023e-01    3.013397e-01    4.448440e-02    1.142052e-01    2.625117e-01    4.198293e-01    5.633012e-01    6.403208e-01    6.047892e-01    5.145433e-01    3.709721e-01    2.940242e-01    2.717654e-01    2.441856e-01    1.885120e-01
25        1.448927e-01    3.319834e+15    1.654856e-01    2.895793e-01    4.258141e-02    1.093139e-01    2.520955e-01    4.038549e-01    5.423895e-01    6.172265e-01    5.832590e-01    4.963735e-01    3.579266e-01    2.836934e-01    2.622180e-01    2.356087e-01    1.818922e-01
26        1.572242e-01    3.453581e+15    1.568379e-01    2.754637e-01    4.030161e-02    1.034554e-01    2.395989e-01    3.846658e-01    5.172499e-01    5.894382e-01    5.573424e-01    4.744963e-01    3.422174e-01    2.712529e-01    2.507208e-01    2.252801e-01    1.739203e-01
27        1.697169e-01    3.602880e+15    1.489421e-01    2.624594e-01    3.822266e-02    9.811925e-02    2.281144e-01    3.669110e-01    4.938908e-01    5.634957e-01    5.330950e-01    4.540015e-01    3.274911e-01    2.595892e-01    2.399412e-01    2.155959e-01    1.664455e-01
28        1.823643e-01    3.683750e+15    1.417609e-01    2.505254e-01    3.633430e-02    9.327811e-02    2.176010e-01    3.505476e-01    4.722728e-01    5.393761e-01    5.105045e-01    4.348832e-01    3.137449e-01    2.487004e-01    2.298777e-01    2.065547e-01    1.594668e-01
29        1.907107e-01    3.827866e+15    1.351078e-01    2.393730e-01    3.458700e-02    8.880378e-02    2.077989e-01    3.351935e-01    4.519088e-01    5.165575e-01    4.890912e-01    4.167401e-01    3.006922e-01    2.383596e-01    2.203204e-01    1.979682e-01    1.528387e-01
30        1.993106e-01    3.869338e+15    1.310599e-01    2.325380e-01    3.352501e-02    8.608703e-02    2.018034e-01    3.257517e-01    4.393458e-01    5.024308e-01    4.758136e-01    4.054796e-01    2.925872e-01    2.319379e-01    2.143852e-01    1.926357e-01    1.487224e-01
31        2.077098e-01    3.982349e+15    1.271476e-01    2.258955e-01    3.249944e-02    8.346544e-02    1.959852e-01    3.165523e-01    4.270758e-01    4.885971e-01    4.627963e-01    3.944322e-01    2.846327e-01    2.256351e-01    2.085597e-01    1.874017e-01    1.446821e-01
32        2.161876e-01    4.035226e+15    1.235264e-01    2.197161e-01    3.155090e-02    8.104244e-02    1.905800e-01    3.079745e-01    4.156097e-01    4.756393e-01    4.505905e-01    3.840669e-01    2.771670e-01    2.197191e-01    2.030918e-01    1.824889e-01    1.408896e-01
33        2.247936e-01    4.130611e+15    1.200681e-01    2.137850e-01    3.064568e-02    7.873172e-02    1.853988e-01    2.997227e-01    4.045562e-01    4.631192e-01    4.387849e-01    3.740356e-01    2.699395e-01    2.139916e-01    1.977980e-01    1.777325e-01    1.372178e-01
34        2.333907e-01    4.186598e+15    1.167266e-01    2.080273e-01    2.977166e-02    7.650211e-02    1.803754e-01    2.916952e-01    3.937816e-01    4.508889e-01    4.272420e-01    3.642219e-01    2.628670e-01    2.083866e-01    1.926173e-01    1.730777e-01    1.336244e-01
35        2.420309e-01    4.287168e+15    1.135490e-01    2.025262e-01    2.894108e-02    7.438473e-02    1.755818e-01    2.840093e-01    3.834454e-01    4.391319e-01    4.161355e-01    3.547741e-01    2.560562e-01    2.029887e-01    1.876281e-01    1.685948e-01    1.301636e-01
36        2.507676e-01    4.349376e+15    1.105086e-01    1.972392e-01    2.814691e-02    7.236142e-02    1.709802e-01    2.766080e-01    3.734736e-01    4.277671e-01    4.053904e-01    3.456291e-01    2.494620e-01    1.977621e-01    1.827972e-01    1.642541e-01    1.268126e-01
37        2.646089e-01    4.459277e+15    1.075829e-01    1.921293e-01    2.738320e-02    7.041694e-02    1.665378e-01    2.694408e-01    3.638000e-01    4.167214e-01    3.949384e-01    3.367292e-01    2.430430e-01    1.926742e-01    1.780944e-01    1.600285e-01    1.235504e-01
38        2.787225e-01    4.581619e+15    1.031831e-01    1.844079e-01    2.623555e-02    6.749696e-02    1.598334e-01    2.585877e-01    3.491229e-01    3.999280e-01    3.790333e-01    3.231789e-01    2.332672e-01    1.849251e-01    1.709318e-01    1.535926e-01    1.185817e-01
39        2.927237e-01    4.686336e+15    9.898943e-02    1.770043e-01    2.514267e-02    6.471871e-02    1.534150e-01    2.481545e-01    3.349802e-01    3.837057e-01    3.636527e-01    3.100669e-01    2.238046e-01    1.774239e-01    1.639982e-01    1.473624e-01    1.137717e-01
40        3.067863e-01    4.834598e+15    9.508777e-02    1.700771e-01    2.412676e-02    6.213830e-02    1.474184e-01    2.383686e-01    3.216853e-01    3.684203e-01    3.491456e-01    2.976923e-01    2.148715e-01    1.703419e-01    1.574521e-01    1.414803e-01    1.092304e-01
41        3.153916e-01    4.896806e+15    9.142216e-02    1.635360e-01    2.317308e-02    5.971773e-02    1.417634e-01    2.291082e-01    3.090795e-01    3.538974e-01    3.353500e-01    2.859184e-01    2.063698e-01    1.636016e-01    1.512217e-01    1.358819e-01    1.049081e-01
42        3.239460e-01    5.002560e+15    8.929700e-02    1.597282e-01    2.262053e-02    5.831613e-02    1.384749e-01    2.237081e-01    3.017169e-01    3.454013e-01    3.272738e-01    2.790230e-01    2.013897e-01    1.596531e-01    1.475719e-01    1.326022e-01    1.023759e-01
43        3.324567e-01    5.042995e+15    8.726835e-02    1.560843e-01    2.209327e-02    5.697921e-02    1.353299e-01    2.185348e-01    2.946570e-01    3.372463e-01    3.195185e-01    2.723998e-01    1.966057e-01    1.558600e-01    1.440657e-01    1.294516e-01    9.994340e-02
44        3.410041e-01    5.149786e+15    8.532125e-02    1.525776e-01    2.158743e-02    5.569707e-02    1.323054e-01    2.135508e-01    2.878485e-01    3.293736e-01    3.120284e-01    2.660015e-01    1.919834e-01    1.521950e-01    1.406780e-01    1.264074e-01    9.759302e-02
45        3.496075e-01    5.196442e+15    8.343296e-02    1.491689e-01    2.109704e-02    5.445455e-02    1.293672e-01    2.087013e-01    2.812179e-01    3.216997e-01    3.047245e-01    2.597608e-01    1.874745e-01    1.486199e-01    1.373733e-01    1.234378e-01    9.530021e-02
46        3.581894e-01    5.290790e+15    8.159795e-02    1.458493e-01    2.062065e-02    5.324788e-02    1.265074e-01    2.039744e-01    2.747497e-01    3.142076e-01    2.975911e-01    2.536646e-01    1.830695e-01    1.451270e-01    1.341446e-01    1.205365e-01    9.306015e-02
47        3.667499e-01    5.337446e+15    7.982494e-02    1.426357e-01    2.016049e-02    5.208268e-02    1.237402e-01    1.993948e-01    2.684785e-01    3.069382e-01    2.906677e-01    2.477467e-01    1.787930e-01    1.417360e-01    1.310100e-01    1.177198e-01    9.088534e-02
48        3.750346e-01    5.432832e+15    7.811116e-02    1.395235e-01    1.971585e-02    5.095708e-02    1.210616e-01    1.949560e-01    2.623958e-01    2.998821e-01    2.839453e-01    2.419995e-01    1.746395e-01    1.384424e-01    1.279655e-01    1.149840e-01    8.877302e-02
49        3.902739e-01    5.508518e+15    7.650294e-02    1.365979e-01    1.929870e-02    4.990137e-02    1.185447e-01    1.907804e-01    2.566701e-01    2.932359e-01    2.776116e-01    2.365838e-01    1.707251e-01    1.353384e-01    1.250963e-01    1.124057e-01    8.678230e-02
50        4.048997e-01    5.666112e+15    7.365278e-02    1.314010e-01    1.855970e-02    4.803177e-02    1.140765e-01    1.833560e-01    2.464808e-01    2.813980e-01    2.663261e-01    2.269318e-01    1.637482e-01    1.298058e-01    1.199821e-01    1.078100e-01    8.323391e-02
51        4.201812e-01    5.751130e+15    7.104781e-02    1.266379e-01    1.788466e-02    4.632457e-02    1.099842e-01    1.765440e-01    2.371231e-01    2.705152e-01    2.559467e-01    2.180526e-01    1.573291e-01    1.247154e-01    1.152766e-01    1.035815e-01    7.996905e-02
52        4.346103e-01    5.910797e+15    6.845510e-02    1.218857e-01    1.721325e-02    4.462690e-02    1.059035e-01    1.697415e-01    2.277708e-01    2.596296e-01    2.455609e-01    2.091660e-01    1.509039e-01    1.196200e-01    1.105665e-01    9.934892e-02    7.670099e-02
53        4.435754e-01    5.983373e+15    6.611999e-02    1.175967e-01    1.660890e-02    4.309907e-02    1.022224e-01    1.635974e-01    2.193181e-01    2.497841e-01    2.361646e-01    2.011245e-01    1.450892e-01    1.150087e-01    1.063039e-01    9.551841e-02    7.374336e-02
54        4.524555e-01    6.087053e+15    6.473010e-02    1.150398e-01    1.624935e-02    4.219021e-02    1.000288e-01    1.599326e-01    2.142738e-01    2.439055e-01    2.305530e-01    1.963214e-01    1.416159e-01    1.122542e-01    1.037577e-01    9.323029e-02    7.197665e-02
55        4.607864e-01    6.131635e+15    6.339637e-02    1.125838e-01    1.590445e-02    4.131841e-02    9.792207e-02    1.564111e-01    2.094252e-01    2.382531e-01    2.251565e-01    1.917021e-01    1.382753e-01    1.096049e-01    1.013087e-01    9.102957e-02    7.027741e-02
56        4.691676e-01    6.233242e+15    6.217797e-02    1.103379e-01    1.558946e-02    4.052229e-02    9.599612e-02    1.531899e-01    2.049887e-01    2.330795e-01    2.202164e-01    1.874730e-01    1.352169e-01    1.071794e-01    9.906659e-02    8.901471e-02    6.872167e-02
57        4.782464e-01    6.283008e+15    6.098333e-02    1.081339e-01    1.528070e-02    3.974195e-02    9.410646e-02    1.500278e-01    2.006325e-01    2.279981e-01    2.153639e-01    1.833186e-01    1.322123e-01    1.047966e-01    9.686391e-02    8.703531e-02    6.719331e-02
58        4.866133e-01    6.377357e+15    5.972268e-02    1.058062e-01    1.495497e-02    3.891876e-02    9.211112e-02    1.466873e-01    1.960295e-01    2.226273e-01    2.102343e-01    1.789267e-01    1.290359e-01    1.022774e-01    9.453523e-02    8.494267e-02    6.557751e-02
59        4.953515e-01    6.442675e+15    5.858905e-02    1.037115e-01    1.466214e-02    3.817873e-02    9.031579e-02    1.436804e-01    1.918852e-01    2.177906e-01    2.056144e-01    1.749710e-01    1.261748e-01    1.000083e-01    9.243771e-02    8.305776e-02    6.412211e-02
60        5.038872e-01    6.527693e+15    5.743627e-02    1.015798e-01    1.436444e-02    3.742642e-02    8.848910e-02    1.406198e-01    1.876658e-01    2.128652e-01    2.009093e-01    1.709421e-01    1.232608e-01    9.769721e-02    9.030131e-02    8.113791e-02    6.263972e-02
61        5.167221e-01    6.625152e+15    5.633778e-02    9.954715e-02    1.408083e-02    3.670973e-02    8.674752e-02    1.377006e-01    1.836409e-01    2.081656e-01    1.964196e-01    1.670973e-01    1.204798e-01    9.549166e-02    8.826251e-02    7.930576e-02    6.122505e-02
62        5.293631e-01    6.718464e+15    5.473419e-02    9.657757e-02    1.366692e-02    3.566381e-02    8.420363e-02    1.334350e-01    1.777579e-01    2.012951e-01    1.898551e-01    1.614756e-01    1.164134e-01    9.226660e-02    8.528128e-02    7.662670e-02    5.915644e-02
63        5.423567e-01    6.848064e+15    5.320254e-02    9.373875e-02    1.327172e-02    3.466517e-02    8.177223e-02    1.293560e-01    1.721311e-01    1.947220e-01    1.835740e-01    1.560962e-01    1.125221e-01    8.918040e-02    8.242841e-02    7.406299e-02    5.717689e-02
64        5.551301e-01    6.950707e+15    5.168203e-02    9.091834e-02    1.287951e-02    3.367412e-02    7.935700e-02    1.253025e-01    1.665383e-01    1.881870e-01    1.773288e-01    1.507471e-01    1.086526e-01    8.611150e-02    7.959152e-02    7.151364e-02    5.520843e-02
65        5.678792e-01    7.077197e+15    5.023930e-02    8.824030e-02    1.250749e-02    3.273406e-02    7.706406e-02    1.214529e-01    1.612257e-01    1.819781e-01    1.713947e-01    1.456642e-01    1.049757e-01    8.319526e-02    7.689575e-02    6.909110e-02    5.333788e-02
66        5.808353e-01    7.197466e+15    4.884784e-02    8.565575e-02    1.214880e-02    3.182767e-02    7.485146e-02    1.177370e-01    1.560969e-01    1.759829e-01    1.656643e-01    1.407556e-01    1.014247e-01    8.037890e-02    7.429230e-02    6.675152e-02    5.153139e-02
67        5.935844e-01    7.302182e+15    4.748383e-02    8.312073e-02    1.179728e-02    3.093939e-02    7.268153e-02    1.140917e-01    1.510648e-01    1.700999e-01    1.600408e-01    1.359383e-01    9.793966e-02    7.761485e-02    7.173722e-02    6.445540e-02    4.975845e-02
68        6.060591e-01    7.439040e+15    4.618426e-02    8.070422e-02    1.146247e-02    3.009328e-02    7.061325e-02    1.106165e-01    1.462669e-01    1.644897e-01    1.546778e-01    1.313440e-01    9.461589e-02    7.497869e-02    6.930035e-02    6.226551e-02    4.806754e-02
69        6.222196e-01    7.542720e+15    4.495513e-02    7.841761e-02    1.114588e-02    2.929321e-02    6.865634e-02    1.073276e-01    1.417259e-01    1.591794e-01    1.496011e-01    1.269949e-01    9.146941e-02    7.248313e-02    6.699345e-02    6.019242e-02    4.646681e-02
70        6.377325e-01    7.714829e+15    4.341476e-02    7.555074e-02    1.074924e-02    2.829077e-02    6.620304e-02    1.032038e-01    1.360315e-01    1.525196e-01    1.432341e-01    1.215401e-01    8.752303e-02    6.935314e-02    6.410008e-02    5.759230e-02    4.445913e-02
71        6.531381e-01    7.839245e+15    4.199028e-02    7.289839e-02    1.038255e-02    2.736397e-02    6.393351e-02    9.938830e-02    1.307624e-01    1.463565e-01    1.373417e-01    1.164918e-01    8.387061e-02    6.645629e-02    6.142222e-02    5.518584e-02    4.260098e-02
72        6.684412e-01    8.002022e+15    4.062992e-02    7.036446e-02    1.003247e-02    2.647907e-02    6.176544e-02    9.574289e-02    1.257280e-01    1.404674e-01    1.317110e-01    1.116676e-01    8.038033e-02    6.368803e-02    5.886323e-02    5.288621e-02    4.082532e-02
73        6.841289e-01    8.135770e+15    3.932787e-02    6.793834e-02    9.697489e-03    2.563227e-02    5.968972e-02    9.225247e-02    1.209074e-01    1.348282e-01    1.263190e-01    1.070479e-01    7.703789e-02    6.103703e-02    5.641264e-02    5.068398e-02    3.912487e-02
74        6.991308e-01    8.297510e+15    3.804216e-02    6.554203e-02    9.366805e-03    2.479625e-02    5.763960e-02    8.880490e-02    1.161460e-01    1.292578e-01    1.209928e-01    1.024844e-01    7.373617e-02    5.841831e-02    5.399189e-02    4.850857e-02    3.744513e-02
75        7.148173e-01    8.438515e+15    3.685684e-02    6.333231e-02    9.062018e-03    2.402563e-02    5.574916e-02    8.562577e-02    1.117553e-01    1.241210e-01    1.160811e-01    9.827604e-02    7.069133e-02    5.600333e-02    5.175947e-02    4.650240e-02    3.589607e-02
76        7.296348e-01    8.586778e+15    3.565860e-02    6.109876e-02    8.754545e-03    2.324722e-02    5.383778e-02    8.241533e-02    1.073247e-01    1.189404e-01    1.111286e-01    9.403308e-02    6.762159e-02    5.356862e-02    4.950882e-02    4.447986e-02    3.433436e-02
77        7.384454e-01    8.708083e+15    3.456496e-02    5.905990e-02    8.473986e-03    2.253687e-02    5.209303e-02    7.948486e-02    1.032806e-01    1.142117e-01    1.066081e-01    9.016022e-02    6.481962e-02    5.134628e-02    4.745448e-02    4.263373e-02    3.290887e-02
78        7.471127e-01    8.799322e+15    3.393479e-02    5.788497e-02    8.312358e-03    2.212761e-02    5.108758e-02    7.779618e-02    1.009503e-01    1.114870e-01    1.040033e-01    8.792860e-02    6.320506e-02    5.006572e-02    4.627073e-02    4.156995e-02    3.208747e-02
79        7.557563e-01    8.878118e+15    3.332988e-02    5.675704e-02    8.157219e-03    2.173476e-02    5.012235e-02    7.617506e-02    9.871324e-02    1.088712e-01    1.015027e-01    8.578623e-02    6.165506e-02    4.883637e-02    4.513432e-02    4.054871e-02    3.129892e-02
80        7.645501e-01    8.977651e+15    3.273828e-02    5.565386e-02    8.005496e-03    2.135056e-02    4.917834e-02    7.458947e-02    9.652511e-02    1.063126e-01    9.905667e-02    8.369064e-02    6.013891e-02    4.763386e-02    4.402271e-02    3.954976e-02    3.052759e-02
81        7.732437e-01    9.046080e+15    3.214870e-02    5.455432e-02    7.854257e-03    2.096766e-02    4.823749e-02    7.300886e-02    9.434359e-02    1.037614e-01    9.661771e-02    8.160103e-02    5.862708e-02    4.643477e-02    4.291427e-02    3.855366e-02    2.975845e-02
82        7.818658e-01    9.152870e+15    3.157735e-02    5.348856e-02    7.707603e-03    2.059652e-02    4.732566e-02    7.147627e-02    9.222771e-02    1.012865e-01    9.425139e-02    7.957358e-02    5.716019e-02    4.527132e-02    4.183878e-02    3.758717e-02    2.901217e-02
83        7.899225e-01    9.227520e+15    3.102292e-02    5.245400e-02    7.565105e-03    2.023622e-02    4.644076e-02    6.998747e-02    9.017105e-02    9.887972e-02    9.194983e-02    7.760145e-02    5.573326e-02    4.413956e-02    4.079258e-02    3.664700e-02    2.828621e-02
84        7.985691e-01    9.322906e+15    3.051721e-02    5.150980e-02    7.434816e-03    1.990731e-02    4.563352e-02    6.862696e-02    8.828956e-02    9.667619e-02    8.984194e-02    7.579501e-02    5.442614e-02    4.310281e-02    3.983419e-02    3.578574e-02    2.762119e-02
85        8.079366e-01    9.411034e+15    2.998627e-02    5.051824e-02    7.297684e-03    1.956167e-02    4.478611e-02    6.719652e-02    8.630945e-02    9.435555e-02    8.762144e-02    7.389184e-02    5.304894e-02    4.201047e-02    3.882443e-02    3.487831e-02    2.692051e-02
86        8.179097e-01    9.506419e+15    2.941448e-02    4.945652e-02    7.149863e-03    1.918875e-02    4.387744e-02    6.566839e-02    8.419840e-02    9.188649e-02    8.526095e-02    7.186968e-02    5.158601e-02    4.085019e-02    3.775186e-02    3.391445e-02    2.617627e-02
87        8.273126e-01    9.610099e+15    2.881009e-02    4.833999e-02    6.993483e-03    1.879393e-02    4.292063e-02    6.406471e-02    8.198701e-02    8.930483e-02    8.279471e-02    6.975790e-02    5.005859e-02    3.963882e-02    3.663207e-02    3.290817e-02    2.539929e-02
88        8.367806e-01    9.688896e+15    2.824421e-02    4.730060e-02    6.846930e-03    1.842358e-02    4.202864e-02    6.257533e-02    7.993751e-02    8.691722e-02    8.051588e-02    6.780760e-02    4.864834e-02    3.852043e-02    3.559825e-02    3.197914e-02    2.468196e-02
89        8.461851e-01    9.794650e+15    2.767623e-02    4.626409e-02    6.699681e-03    1.805110e-02    4.113766e-02    6.109402e-02    7.790391e-02    8.455383e-02    7.826247e-02    6.588021e-02    4.725508e-02    3.741558e-02    3.457695e-02    3.106138e-02    2.397335e-02
90        8.550618e-01    9.885888e+15    2.711210e-02    4.524247e-02    6.553251e-03    1.768026e-02    4.025777e-02    5.963865e-02    7.591162e-02    8.224520e-02    7.606401e-02    6.400120e-02    4.589728e-02    3.633892e-02    3.358173e-02    3.016708e-02    2.328286e-02
91        8.648939e-01    9.983347e+15    2.657852e-02    4.428471e-02    6.414555e-03    1.732854e-02    3.943100e-02    5.827933e-02    7.405707e-02    8.010360e-02    7.402763e-02    6.226222e-02    4.464122e-02    3.534304e-02    3.266118e-02    2.933988e-02    2.264420e-02
92        8.737440e-01    1.007770e+16    2.598370e-02    4.322771e-02    6.259698e-03    1.693526e-02    3.851620e-02    5.678558e-02    7.202700e-02    7.776876e-02    7.181134e-02    6.037154e-02    4.327630e-02    3.426095e-02    3.166096e-02    2.844112e-02    2.195031e-02
93        8.896015e-01    1.018345e+16    2.544707e-02    4.228206e-02    6.119813e-03    1.657956e-02    3.769599e-02    5.545400e-02    7.022327e-02    7.570136e-02    6.985183e-02    5.870139e-02    4.207111e-02    3.330558e-02    3.077789e-02    2.764764e-02    2.133771e-02
94        9.046597e-01    1.035348e+16    2.446169e-02    4.057468e-02    5.862286e-03    1.592313e-02    3.620854e-02    5.306761e-02    6.701281e-02    7.204817e-02    6.640020e-02    5.576495e-02    3.995417e-02    3.162777e-02    2.922710e-02    2.625424e-02    2.026201e-02
95        9.206303e-01    1.050278e+16    2.350603e-02    3.894802e-02    5.611860e-03    1.528320e-02    3.478471e-02    5.081223e-02    6.400137e-02    6.864899e-02    6.319996e-02    5.304815e-02    3.799767e-02    3.007746e-02    2.779421e-02    2.496683e-02    1.926819e-02
96        9.361180e-01    1.065830e+16    2.246946e-02    3.721701e-02    5.339477e-03    1.458535e-02    3.326175e-02    4.843331e-02    6.085160e-02    6.512617e-02    5.989687e-02    5.025091e-02    3.598577e-02    2.848365e-02    2.632117e-02    2.364342e-02    1.824666e-02
97        9.513030e-01    1.081382e+16    2.145440e-02    3.554461e-02    5.072229e-03    1.389942e-02    3.178495e-02    4.614956e-02    5.784648e-02    6.178806e-02    5.677661e-02    4.761341e-02    3.409056e-02    2.698258e-02    2.493389e-02    2.239711e-02    1.728468e-02
98        9.658515e-01    1.099008e+16    2.046177e-02    3.392389e-02    4.810552e-03    1.322700e-02    3.035023e-02    4.394603e-02    5.495925e-02    5.859617e-02    5.379949e-02    4.510023e-02    3.228590e-02    2.555342e-02    2.361310e-02    2.121056e-02    1.636887e-02
99        9.738664e-01    1.110413e+16    1.952293e-02    3.240010e-02    4.562849e-03    1.258999e-02    2.899910e-02    4.188031e-02    5.226031e-02    5.562206e-02    5.102961e-02    4.276407e-02    3.060913e-02    2.422566e-02    2.238603e-02    2.010824e-02    1.551810e-02
100       9.813692e-01    1.120781e+16    1.901601e-02    3.157908e-02    4.429065e-03    1.224584e-02    2.827068e-02    4.076843e-02    5.080909e-02    5.402473e-02    4.954274e-02    4.151044e-02    2.970949e-02    2.351330e-02    2.172770e-02    1.951683e-02    1.506165e-02
101       9.888321e-01    1.128038e+16    1.854881e-02    3.082340e-02    4.305739e-03    1.192855e-02    2.759999e-02    3.974572e-02    4.947513e-02    5.255755e-02    4.817750e-02    4.035958e-02    2.888369e-02    2.285942e-02    2.112342e-02    1.897399e-02    1.464269e-02
102       9.965635e-01    1.138406e+16    1.809044e-02    3.008249e-02    4.184736e-03    1.161720e-02    2.694229e-02    3.874333e-02    4.816808e-02    5.112049e-02    4.684050e-02    3.923266e-02    2.807510e-02    2.221918e-02    2.053174e-02    1.844247e-02    1.423246e-02
103       1.004756e+00    1.146701e+16    1.762218e-02    2.932599e-02    4.061111e-03    1.129909e-02    2.627065e-02    3.772013e-02    4.683424e-02    4.965441e-02    4.547670e-02    3.808323e-02    2.725041e-02    2.156619e-02    1.992828e-02    1.790037e-02    1.381407e-02
104       1.013115e+00    1.158106e+16    1.713325e-02    2.853656e-02    3.932019e-03    1.096689e-02    2.556965e-02    3.665266e-02    4.544309e-02    4.812582e-02    4.405495e-02    3.688507e-02    2.639079e-02    2.088556e-02    1.929928e-02    1.733531e-02    1.337797e-02
105       1.021507e+00    1.167437e+16    1.664224e-02    2.774407e-02    3.802368e-03    1.063322e-02    2.486587e-02    3.558130e-02    4.404715e-02    4.659233e-02    4.262879e-02    3.568328e-02    2.552859e-02    2.020289e-02    1.866839e-02    1.676857e-02    1.294056e-02
106       1.030064e+00    1.178842e+16    1.615736e-02    2.696184e-02    3.674331e-03    1.030370e-02    2.417111e-02    3.452402e-02    4.266985e-02    4.507968e-02    4.122217e-02    3.449803e-02    2.467829e-02    1.952964e-02    1.804621e-02    1.620965e-02    1.250920e-02
107       1.038422e+00    1.189210e+16    1.567115e-02    2.617776e-02    3.545936e-03    9.973235e-03    2.347464e-02    3.346445e-02    4.128983e-02    4.356436e-02    3.981322e-02    3.331089e-02    2.382666e-02    1.885534e-02    1.742306e-02    1.564986e-02    1.207716e-02
108       1.046840e+00    1.201651e+16    1.520422e-02    2.542512e-02    3.422622e-03    9.655829e-03    2.280600e-02    3.244759e-02    3.996574e-02    4.211085e-02    3.846189e-02    3.217238e-02    2.300995e-02    1.820870e-02    1.682547e-02    1.511304e-02    1.166285e-02
109       1.055287e+00    1.213056e+16    1.474193e-02    2.468047e-02    3.300525e-03    9.341528e-03    2.214434e-02    3.144188e-02    3.865661e-02    4.067430e-02    3.712657e-02    3.104748e-02    2.220305e-02    1.756982e-02    1.623506e-02    1.458266e-02    1.125352e-02
110       1.063788e+00    1.224461e+16    1.428570e-02    2.394635e-02    3.180012e-03    9.031260e-03    2.149184e-02    3.045090e-02    3.736732e-02    3.926037e-02    3.581263e-02    2.994078e-02    2.140926e-02    1.694135e-02    1.565426e-02    1.406093e-02    1.085085e-02
111       1.072765e+00    1.237939e+16    1.383396e-02    2.321997e-02    3.060702e-03    8.724014e-03    2.084606e-02    2.947085e-02    3.609288e-02    3.786343e-02    3.451479e-02    2.884779e-02    2.062537e-02    1.632072e-02    1.508071e-02    1.354570e-02    1.045321e-02
112       1.081702e+00    1.250381e+16    1.336577e-02    2.246712e-02    2.937150e-03    8.405684e-03    2.017669e-02    2.845555e-02    3.477313e-02    3.641731e-02    3.317145e-02    2.771656e-02    1.981407e-02    1.567839e-02    1.448712e-02    1.301247e-02    1.004168e-02
113       1.090993e+00    1.263859e+16    1.290680e-02    2.172784e-02    2.816806e-03    8.094519e-03    1.951911e-02    2.746095e-02    3.348322e-02    3.500612e-02    3.186143e-02    2.661367e-02    1.902319e-02    1.505224e-02    1.390847e-02    1.249266e-02    9.640507e-03
114       1.099793e+00    1.278374e+16    1.243781e-02    2.097163e-02    2.694317e-03    7.777119e-03    1.884630e-02    2.644509e-02    3.216753e-02    3.356810e-02    3.052703e-02    2.549044e-02    1.821777e-02    1.441459e-02    1.331920e-02    1.196332e-02    9.231974e-03
115       1.108856e+00    1.291853e+16    1.200182e-02    2.026788e-02    2.580895e-03    7.482571e-03    1.822003e-02    2.550111e-02    3.094663e-02    3.223496e-02    2.929047e-02    2.444973e-02    1.747157e-02    1.382383e-02    1.277326e-02    1.147290e-02    8.853486e-03
116       1.117776e+00    1.306368e+16    1.156001e-02    1.955350e-02    2.466703e-03    7.184949e-03    1.758403e-02    2.454518e-02    2.971307e-02    3.089016e-02    2.804392e-02    2.340089e-02    1.671963e-02    1.322853e-02    1.222313e-02    1.097872e-02    8.472096e-03
117       1.127102e+00    1.320883e+16    1.113176e-02    1.885971e-02    2.356830e-03    6.897403e-03    1.696609e-02    2.361933e-02    2.852139e-02    2.959335e-02    2.684278e-02    2.239057e-02    1.599538e-02    1.265518e-02    1.169328e-02    1.050276e-02    8.104766e-03
118       1.135905e+00    1.334362e+16    1.068855e-02    1.813910e-02    2.244674e-03    6.601609e-03    1.632374e-02    2.266252e-02    2.729572e-02    2.826405e-02    2.561332e-02    2.135700e-02    1.525465e-02    1.206879e-02    1.115140e-02    1.001599e-02    7.729099e-03
119       1.142626e+00    1.346803e+16    1.027341e-02    1.746148e-02    2.141230e-03    6.326411e-03    1.571917e-02    2.176776e-02    2.615559e-02    2.703221e-02    2.447584e-02    2.040138e-02    1.456996e-02    1.152680e-02    1.065054e-02    9.566078e-03    7.381880e-03
120       1.149251e+00    1.356134e+16    9.957189e-03    1.694277e-02    2.063977e-03    6.118569e-03    1.525587e-02    2.108758e-02    2.529472e-02    2.610661e-02    2.362293e-02    1.968542e-02    1.405716e-02    1.112089e-02    1.027545e-02    9.229146e-03    7.121856e-03
121       1.155793e+00    1.365466e+16    9.643098e-03    1.642411e-02    1.989320e-03    5.914524e-03    1.479192e-02    2.041384e-02    2.444985e-02    2.520435e-02    2.279398e-02    1.899039e-02    1.355958e-02    1.072707e-02    9.911529e-03    8.902255e-03    6.869584e-03
122       1.162289e+00    1.374797e+16    9.323127e-03    1.588937e-02    1.917128e-03    5.711126e-03    1.431230e-02    1.973094e-02    2.360817e-02    2.431706e-02    2.198340e-02    1.831230e-02    1.307460e-02    1.034328e-02    9.556893e-03    8.583713e-03    6.623762e-03
123       1.168905e+00    1.384128e+16    8.998563e-03    1.534207e-02    1.846844e-03    5.508209e-03    1.382046e-02    1.904088e-02    2.276887e-02    2.344129e-02    2.118700e-02    1.764731e-02    1.259934e-02    9.967237e-03    9.209425e-03    8.271617e-03    6.382921e-03
124       1.175488e+00    1.391386e+16    8.670228e-03    1.478752e-02    1.776287e-03    5.303564e-03    1.332193e-02    1.834329e-02    2.192250e-02    2.255984e-02    2.038612e-02    1.697882e-02    1.212164e-02    9.589277e-03    8.860189e-03    7.957935e-03    6.140856e-03
125       1.182080e+00    1.399680e+16    8.346146e-03    1.423960e-02    1.706977e-03    5.101955e-03    1.282925e-02    1.765503e-02    2.108873e-02    2.169256e-02    1.959855e-02    1.632157e-02    1.165203e-02    9.217716e-03    8.516867e-03    7.649565e-03    5.902892e-03
126       1.188603e+00    1.409011e+16    8.024336e-03    1.369515e-02    1.638384e-03    4.902027e-03    1.233960e-02    1.697180e-02    2.026195e-02    2.083325e-02    1.881852e-02    1.567072e-02    1.118701e-02    8.849797e-03    8.176911e-03    7.344220e-03    5.667262e-03
127       1.195201e+00    1.416269e+16    7.709343e-03    1.316200e-02    1.571376e-03    4.706486e-03    1.186009e-02    1.630317e-02    1.945332e-02    1.999324e-02    1.805617e-02    1.503468e-02    1.073260e-02    8.490268e-03    7.844709e-03    7.045838e-03    5.437007e-03
128       1.201248e+00    1.424563e+16    7.394032e-03    1.262816e-02    1.504397e-03    4.510859e-03    1.137992e-02    1.563395e-02    1.864436e-02    1.915318e-02    1.729391e-02    1.439874e-02    1.027827e-02    8.130811e-03    7.512572e-03    6.747517e-03    5.206797e-03
129       1.207538e+00    1.432858e+16    7.107905e-03    1.214359e-02    1.443700e-03    4.333434e-03    1.094404e-02    1.502674e-02    1.791067e-02    1.839155e-02    1.660291e-02    1.382231e-02    9.866458e-03    7.804995e-03    7.211520e-03    6.477115e-03    4.998134e-03
130       1.215021e+00    1.441152e+16    6.813309e-03    1.164451e-02    1.381306e-03    4.150873e-03    1.049508e-02    1.440164e-02    1.715576e-02    1.760819e-02    1.589234e-02    1.322958e-02    9.443023e-03    7.469982e-03    6.901971e-03    6.199082e-03    4.783581e-03
131       1.221374e+00    1.450483e+16    6.466585e-03    1.105700e-02    1.307946e-03    3.936094e-03    9.966547e-03    1.366601e-02    1.626764e-02    1.668684e-02    1.505669e-02    1.253255e-02    8.945088e-03    7.076028e-03    6.537961e-03    5.872133e-03    4.531281e-03
132       1.227920e+00    1.458778e+16    6.175719e-03    1.056411e-02    1.246422e-03    3.755937e-03    9.523126e-03    1.304890e-02    1.552268e-02    1.591408e-02    1.435582e-02    1.194796e-02    8.527474e-03    6.745623e-03    6.232669e-03    5.597924e-03    4.319680e-03
133       1.234360e+00    1.468109e+16    5.879431e-03    1.006195e-02    1.183805e-03    3.572483e-03    9.071344e-03    1.242034e-02    1.476410e-02    1.512734e-02    1.364235e-02    1.135288e-02    8.102375e-03    6.409296e-03    5.921907e-03    5.318801e-03    4.104287e-03
134       1.240786e+00    1.477440e+16    5.591207e-03    9.573353e-03    1.122950e-03    3.394090e-03    8.631753e-03    1.180894e-02    1.402645e-02    1.436249e-02    1.294882e-02    1.077445e-02    7.689176e-03    6.082386e-03    5.619845e-03    5.047494e-03    3.894925e-03
135       1.248512e+00    1.487808e+16    5.306912e-03    9.091285e-03    1.063007e-03    3.218223e-03    8.198006e-03    1.120595e-02    1.329926e-02    1.360875e-02    1.226545e-02    1.020454e-02    7.282074e-03    5.760301e-03    5.322242e-03    4.780191e-03    3.688653e-03
136       1.256142e+00    1.500250e+16    4.968982e-03    8.518014e-03    9.919081e-04    3.009355e-03    7.682151e-03    1.048933e-02    1.243563e-02    1.271407e-02    1.145451e-02    9.528297e-03    6.799040e-03    5.378144e-03    4.969134e-03    4.463035e-03    3.443911e-03
137       1.263949e+00    1.512691e+16    4.639690e-03    7.959116e-03    9.227953e-04    2.806020e-03    7.179174e-03    9.791180e-03    1.159491e-02    1.184365e-02    1.066577e-02    8.870649e-03    6.329308e-03    5.006514e-03    4.625753e-03    4.154616e-03    3.205912e-03
138       1.271926e+00    1.524096e+16    4.307061e-03    7.394049e-03    8.532894e-04    2.600980e-03    6.670547e-03    9.086232e-03    1.074718e-02    1.096695e-02    9.871744e-03    8.208721e-03    5.856558e-03    4.632502e-03    4.280172e-03    3.844223e-03    2.966389e-03
139       1.279715e+00    1.532390e+16    3.970202e-03    6.820878e-03    7.834552e-04    2.393975e-03    6.154445e-03    8.372817e-03    9.891398e-03    1.008367e-02    9.072490e-03    7.542684e-03    5.380947e-03    4.256237e-03    3.932512e-03    3.531963e-03    2.725428e-03
140       1.287286e+00    1.540685e+16    3.640865e-03    6.258616e-03    7.163217e-04    2.192911e-03    5.647801e-03    7.676353e-03    9.060340e-03    9.229533e-03    8.301096e-03    6.900371e-03    4.922427e-03    3.893514e-03    3.597369e-03    3.230949e-03    2.493147e-03
141       1.295097e+00    1.551053e+16    3.314588e-03    5.697749e-03    6.521280e-04    1.996392e-03    5.141672e-03    6.988434e-03    8.248393e-03    8.402422e-03    7.557187e-03    6.281990e-03    4.481301e-03    3.544594e-03    3.274988e-03    2.941406e-03    2.269722e-03
142       1.303236e+00    1.561421e+16    2.982012e-03    5.126055e-03    5.866955e-04    1.796081e-03    4.625773e-03    6.287236e-03    7.420775e-03    7.559350e-03    6.798923e-03    5.651675e-03    4.031661e-03    3.188941e-03    2.946386e-03    2.646274e-03    2.041985e-03
143       1.311025e+00    1.573862e+16    2.640053e-03    4.538228e-03    5.194167e-04    1.590117e-03    4.095316e-03    5.566253e-03    6.569804e-03    6.692488e-03    6.019262e-03    5.003574e-03    3.569334e-03    2.823252e-03    2.608512e-03    2.342815e-03    1.807822e-03
144       1.319609e+00    1.583194e+16    2.317565e-03    3.983875e-03    4.559690e-04    1.395881e-03    3.595066e-03    4.886324e-03    5.767290e-03    5.874988e-03    5.283998e-03    4.392378e-03    3.133333e-03    2.478386e-03    2.289877e-03    2.056636e-03    1.586993e-03
145       1.327825e+00    1.597709e+16    1.967026e-03    3.381301e-03    3.870022e-04    1.184750e-03    3.051301e-03    4.147252e-03    4.894969e-03    4.986377e-03    4.484776e-03    3.728017e-03    2.659406e-03    2.103522e-03    1.943526e-03    1.745563e-03    1.346955e-03
146       1.336138e+00    1.614298e+16    1.636552e-03    2.813220e-03    3.219832e-04    9.857035e-04    2.538661e-03    3.450486e-03    4.072581e-03    4.148632e-03    3.731303e-03    3.101684e-03    2.212608e-03    1.750116e-03    1.617000e-03    1.452297e-03    1.120658e-03
147       1.344126e+00    1.636070e+16    1.308616e-03    2.249501e-03    2.574635e-04    7.881861e-04    2.029959e-03    2.759070e-03    3.256508e-03    3.317320e-03    2.983617e-03    2.480162e-03    1.769241e-03    1.399424e-03    1.292982e-03    1.161282e-03    8.960980e-04
148       1.352329e+00    1.702426e+16    1.000900e-03    1.720539e-03    1.969219e-04    6.028471e-04    1.552622e-03    2.110285e-03    2.490752e-03    2.537265e-03    2.282030e-03    1.896961e-03    1.353210e-03    1.070355e-03    9.889423e-04    8.882110e-04    6.853839e-04
149       1.356488e+00    1.762560e+16    7.013973e-04    1.205696e-03    1.379963e-04    4.224550e-04    1.088025e-03    1.478817e-03    1.745436e-03    1.778030e-03    1.599170e-03    1.329327e-03    9.482845e-04    7.500688e-04    6.930176e-04    6.224285e-04    4.802940e-04
150       1.360493e+00    1.829952e+16    5.604195e-04    9.633565e-04    1.102596e-04    3.375435e-04    8.693370e-04    1.181581e-03    1.394611e-03    1.420654e-03    1.277744e-03    1.062138e-03    7.576835e-04    5.993083e-04    5.537242e-04    4.973232e-04    3.837571e-04
151       1.364838e+00    1.882829e+16    4.341168e-04    7.462432e-04    8.541023e-05    2.614707e-04    6.734129e-04    9.152862e-04    1.080305e-03    1.100479e-03    9.897768e-04    8.227622e-04    5.869230e-04    4.642411e-04    4.289304e-04    3.852405e-04    2.972691e-04
152       1.366924e+00    1.958515e+16    3.058663e-04    5.257817e-04    6.017762e-05    1.842248e-04    4.744676e-04    6.448846e-04    7.611522e-04    7.753659e-04    6.973686e-04    5.796948e-04    4.135293e-04    3.270911e-04    3.022121e-04    2.714295e-04    2.094473e-04
153       1.368937e+00    1.988582e+16    2.483122e-04    4.268467e-04    4.885415e-05    1.495597e-04    3.851882e-04    5.235383e-04    6.179281e-04    6.294672e-04    5.661465e-04    4.706151e-04    3.357165e-04    2.655432e-04    2.453456e-04    2.203553e-04    1.700361e-04
154       1.370395e+00    2.035238e+16    1.957364e-04    3.364693e-04    3.851013e-05    1.178930e-04    3.036313e-04    4.126881e-04    4.870925e-04    4.961884e-04    4.462747e-04    3.709705e-04    2.646343e-04    2.093190e-04    1.933979e-04    1.736989e-04    1.340339e-04
155       1.372036e+00    2.064269e+16    1.590828e-04    2.734620e-04    3.129872e-05    9.581635e-05    2.467732e-04    3.354081e-04    3.958795e-04    4.032721e-04    3.627053e-04    3.015025e-04    2.150789e-04    1.701219e-04    1.571822e-04    1.411720e-04    1.089347e-04
156       1.373266e+00    2.110925e+16    1.193452e-04    2.051534e-04    2.348055e-05    7.188219e-05    1.851313e-04    2.516258e-04    2.969920e-04    3.025380e-04    2.721044e-04    2.261896e-04    1.613539e-04    1.276268e-04    1.179194e-04    1.059084e-04    8.172370e-05
157       1.374388e+00    2.140992e+16    9.064210e-05    1.558130e-04    1.783336e-05    5.459418e-05    1.406063e-04    1.911086e-04    2.255640e-04    2.297761e-04    2.066620e-04    1.717899e-04    1.225475e-04    9.693195e-05    8.955919e-05    8.043691e-05    6.206876e-05
158       1.375159e+00    2.175206e+16    6.537818e-05    1.123846e-04    1.286282e-05    3.937760e-05    1.014163e-04    1.378425e-04    1.626944e-04    1.657326e-04    1.490608e-04    1.239083e-04    8.839087e-05    6.991492e-05    6.459710e-05    5.801740e-05    4.476885e-05
159       1.375758e+00    2.199053e+16    4.853550e-05    8.343212e-05    9.549108e-06    2.923317e-05    7.528949e-05    1.023316e-04    1.207812e-04    1.230366e-04    1.106599e-04    9.198716e-05    6.561967e-05    5.190348e-05    4.795564e-05    4.307100e-05    3.323553e-05
160       1.376174e+00    2.221862e+16    3.579211e-05    6.152633e-05    7.041912e-06    2.155776e-05    5.552162e-05    7.546361e-05    8.906910e-05    9.073237e-05    8.160522e-05    6.783518e-05    4.839069e-05    3.827580e-05    3.536449e-05    3.176235e-05    2.450927e-05
161       1.376652e+00    2.243635e+16    2.712886e-05    4.663428e-05    5.337463e-06    1.633985e-05    4.208297e-05    5.719813e-05    6.751050e-05    6.877119e-05    6.185320e-05    5.141611e-05    3.667804e-05    2.901139e-05    2.680475e-05    2.407448e-05    1.857696e-05
162       1.376886e+00    2.262298e+16    1.737627e-05    2.986966e-05    3.418691e-06    1.046581e-05    2.695451e-05    3.663590e-05    4.324107e-05    4.404855e-05    3.961752e-05    3.293247e-05    2.349260e-05    1.858205e-05    1.716868e-05    1.541992e-05    1.189871e-05
163       1.377103e+00    2.279923e+16    1.267560e-05    2.178926e-05    2.493859e-06    7.634578e-06    1.966271e-05    2.672508e-05    3.154339e-05    3.213243e-05    2.890010e-05    2.402350e-05    1.713733e-05    1.355519e-05    1.252417e-05    1.124848e-05    8.679840e-06
164       1.377229e+00    2.294438e+16    8.401290e-06    1.444175e-05    1.652910e-06    5.060138e-06    1.303229e-05    1.771317e-05    2.090672e-05    2.129712e-05    1.915476e-05    1.592259e-05    1.135849e-05    8.984274e-06    8.300919e-06    7.455407e-06    5.752930e-06
165       1.377326e+00    2.306880e+16    5.944447e-06    1.021846e-05    1.169539e-06    3.580370e-06    9.221177e-06    1.253320e-05    1.479283e-05    1.506907e-05    1.355321e-05    1.126625e-05    8.036854e-06    6.356945e-06    5.873428e-06    5.275175e-06    4.070564e-06
166       1.377400e+00    2.321395e+16    4.089042e-06    7.029029e-06    8.044978e-07    2.462850e-06    6.343025e-06    8.621282e-06    1.017563e-05    1.036565e-05    9.322926e-06    7.749778e-06    5.528358e-06    4.372789e-06    4.040190e-06    3.628666e-06    2.800043e-06
167       1.377428e+00    2.330726e+16    2.679636e-06    4.606272e-06    5.272045e-07    1.613958e-06    4.156719e-06    5.649709e-06    6.668307e-06    6.792830e-06    6.109511e-06    5.078594e-06    3.622850e-06    2.865582e-06    2.647622e-06    2.377942e-06    1.834927e-06
168       1.377463e+00    2.337984e+16    2.147697e-06    3.691874e-06    4.225484e-07    1.293569e-06    3.331563e-06    4.528177e-06    5.344572e-06    5.444376e-06    4.896703e-06    4.070435e-06    2.903673e-06    2.296731e-06    2.122039e-06    1.905893e-06    1.470673e-06
169       1.377489e+00    2.348352e+16    1.493695e-06    2.567649e-06    2.938767e-07    8.996598e-07    2.317057e-06    3.149287e-06    3.717078e-06    3.786491e-06    3.405592e-06    2.830933e-06    2.019466e-06    1.597346e-06    1.475850e-06    1.325523e-06    1.022834e-06
170       1.377507e+00    2.356646e+16    1.020622e-06    1.754441e-06    2.008021e-07    6.147257e-07    1.583215e-06    2.151866e-06    2.539831e-06    2.587259e-06    2.326996e-06    1.934339e-06    1.379874e-06    1.091445e-06    1.008429e-06    9.057125e-07    6.988888e-07
171       1.377519e+00    2.365978e+16    6.856488e-07    1.178625e-06    1.348979e-07    4.129697e-07    1.063596e-06    1.445613e-06    1.706246e-06    1.738108e-06    1.563264e-06    1.299480e-06    9.269927e-07    7.332275e-07    6.774573e-07    6.084531e-07    4.695100e-07
172       1.377529e+00    2.380493e+16    4.705402e-07    8.088547e-07    9.257635e-08    2.834087e-07    7.299139e-07    9.920809e-07    1.170945e-06    1.192811e-06    1.072821e-06    8.917938e-07    6.361673e-07    5.031920e-07    4.649186e-07    4.175631e-07    3.222106e-07
173       1.377535e+00    2.388787e+16    2.842355e-07    4.885985e-07    5.592186e-08    1.711964e-07    4.409133e-07    5.992784e-07    7.073236e-07    7.205321e-07    6.480507e-07    5.386988e-07    3.842845e-07    3.039592e-07    2.808397e-07    2.522341e-07    1.946352e-07
174       1.377539e+00    2.405376e+16    1.863273e-07    3.202950e-07    3.665893e-08    1.122258e-07    2.890356e-07    3.928500e-07    4.636778e-07    4.723364e-07    4.248221e-07    3.531378e-07    2.519133e-07    1.992569e-07    1.841012e-07    1.653491e-07    1.275909e-07
175       1.377542e+00    2.421965e+16    1.127177e-07    1.937609e-07    2.217663e-08    6.789046e-08    1.748506e-07    2.376526e-07    2.804995e-07    2.857375e-07    2.569940e-07    2.136289e-07    1.523937e-07    1.205395e-07    1.113711e-07    1.000271e-07    7.718545e-08
176       1.377545e+00    2.506982e+16    5.357712e-08    9.209862e-08    1.054102e-08    3.226976e-08    8.311018e-08    1.129613e-07    1.333273e-07    1.358171e-07    1.221547e-07    1.015423e-07    7.243591e-08    5.729495e-08    5.293703e-08    4.754499e-08    3.668787e-08
