izn          menc_Msun       radius_cm         tau3keV         tau6keV         tau1keV         tau2keV         tau5keV        tau10keV        tau20keV        tau50keV       tau100keV       tau200keV       tau500keV       tau847keV      tau1000keV      tau1238keV      tau2000keV
0         4.720683e-08    1.080000e+13    9.488375e-01    1.559776e+00    2.490245e-01    6.406963e-01    1.378872e+00    2.123823e+00    2.787116e+00    3.088249e+00    2.883541e+00    2.435969e+00    1.749893e+00    1.385901e+00    1.280830e+00    1.150665e+00    8.881344e-01
1         5.209976e-07    2.226528e+13    9.392485e-01    1.544362e+00    2.464911e-01    6.341733e-01    1.365168e+00    2.103027e+00    2.760073e+00    3.058608e+00    2.856004e+00    2.412779e+00    1.733261e+00    1.372733e+00    1.268661e+00    1.139733e+00    8.796978e-01
2         7.531176e-05    1.190592e+14    9.260862e-01    1.523204e+00    2.430136e-01    6.252194e-01    1.346357e+00    2.074480e+00    2.722952e+00    3.017922e+00    2.818205e+00    2.380947e+00    1.710432e+00    1.354658e+00    1.251957e+00    1.124728e+00    8.681173e-01
3         2.241859e-04    2.257632e+14    8.237865e-01    1.358763e+00    2.159865e-01    5.556284e-01    1.200158e+00    1.852615e+00    2.434444e+00    2.701702e+00    2.524427e+00    2.133544e+00    1.532997e+00    1.214177e+00    1.122134e+00    1.008107e+00    7.781119e-01
4         6.187699e-04    3.322944e+14    7.854565e-01    1.297149e+00    2.058598e-01    5.295538e-01    1.145379e+00    1.769485e+00    2.326345e+00    2.583220e+00    2.414354e+00    2.040846e+00    1.466515e+00    1.161542e+00    1.073492e+00    9.644104e-01    7.443883e-01
5         1.078353e-03    4.256928e+14    7.459113e-01    1.233582e+00    1.954121e-01    5.026526e-01    1.088864e+00    1.683720e+00    2.214818e+00    2.460982e+00    2.300790e+00    1.945210e+00    1.397925e+00    1.107237e+00    1.023307e+00    9.193290e-01    7.095956e-01
6         2.659219e-03    5.488992e+14    7.207691e-01    1.193168e+00    1.887696e-01    4.855491e-01    1.052932e+00    1.629192e+00    2.143912e+00    2.383264e+00    2.228588e+00    1.884406e+00    1.354317e+00    1.072711e+00    9.914002e-01    8.906668e-01    6.874749e-01
7         4.488850e-03    6.859296e+14    6.684695e-01    1.109099e+00    1.749523e-01    4.499715e-01    9.781897e-01    1.515766e+00    1.996415e+00    2.221601e+00    2.078397e+00    1.757924e+00    1.263605e+00    1.000892e+00    9.250296e-01    8.310454e-01    6.414607e-01
8         8.964167e-03    8.726400e+14    6.307187e-01    1.048416e+00    1.649787e-01    4.242909e-01    9.242388e-01    1.433893e+00    1.889949e+00    2.104909e+00    1.969986e+00    1.666627e+00    1.198128e+00    9.490518e-01    8.771220e-01    7.880094e-01    6.082467e-01
9         1.784998e-02    1.062720e+15    5.727951e-01    9.553072e-01    1.496755e-01    3.848875e-01    8.414587e-01    1.308269e+00    1.726592e+00    1.925861e+00    1.803645e+00    1.526544e+00    1.097662e+00    8.695098e-01    8.036143e-01    7.219767e-01    5.572843e-01
10        2.799012e-02    1.370304e+15    4.980926e-01    8.352269e-01    1.299394e-01    3.340699e-01    7.346991e-01    1.146256e+00    1.515914e+00    1.694948e+00    1.589119e+00    1.345883e+00    9.680929e-01    7.669264e-01    7.088132e-01    6.368159e-01    4.915594e-01
11        3.573537e-02    1.488672e+15    4.442660e-01    7.487032e-01    1.157186e-01    2.974535e-01    6.577738e-01    1.029517e+00    1.364110e+00    1.528563e+00    1.434542e+00    1.215707e+00    8.747321e-01    6.930099e-01    6.405042e-01    5.754532e-01    4.442013e-01
12        4.388573e-02    1.663200e+15    4.143493e-01    7.006134e-01    1.078147e-01    2.771023e-01    6.150188e-01    9.646337e-01    1.279737e+00    1.436086e+00    1.348627e+00    1.143355e+00    8.228416e-01    6.519267e-01    6.025377e-01    5.413475e-01    4.178794e-01
13        4.961839e-02    1.739232e+15    3.884591e-01    6.589958e-01    1.009746e-01    2.594901e-01    5.780181e-01    9.084825e-01    1.206719e+00    1.356054e+00    1.274275e+00    1.080739e+00    7.779343e-01    6.163723e-01    5.696806e-01    5.118316e-01    3.950998e-01
14        5.603555e-02    1.853280e+15    3.728192e-01    6.338549e-01    9.684263e-02    2.488509e-01    5.556663e-01    8.745619e-01    1.162609e+00    1.307707e+00    1.229358e+00    1.042913e+00    7.508058e-01    5.948938e-01    5.498315e-01    4.940010e-01    3.813386e-01
15        6.230036e-02    1.907712e+15    3.571187e-01    6.086164e-01    9.269465e-02    2.381705e-01    5.332277e-01    8.405093e-01    1.118327e+00    1.259171e+00    1.184267e+00    1.004939e+00    7.235712e-01    5.733314e-01    5.299049e-01    4.761007e-01    3.675236e-01
16        6.878357e-02    2.020896e+15    3.431310e-01    5.861305e-01    8.899918e-02    2.286552e-01    5.132366e-01    8.101702e-01    1.078874e+00    1.215926e+00    1.144090e+00    9.711051e-01    6.993054e-01    5.541195e-01    5.121504e-01    4.601517e-01    3.552146e-01
17        7.543748e-02    2.068416e+15    3.298678e-01    5.648090e-01    8.549512e-02    2.196329e-01    4.942807e-01    7.814020e-01    1.041463e+00    1.174920e+00    1.105994e+00    9.390220e-01    6.762956e-01    5.359019e-01    4.953149e-01    4.450281e-01    3.435426e-01
18        8.230894e-02    2.179008e+15    3.173049e-01    5.446114e-01    8.217614e-02    2.110872e-01    4.763246e-01    7.541490e-01    1.006021e+00    1.136070e+00    1.069899e+00    9.086246e-01    6.544945e-01    5.186412e-01    4.793637e-01    4.306990e-01    3.324838e-01
19        8.879927e-02    2.230848e+15    3.052831e-01    5.252827e-01    7.900010e-02    2.029096e-01    4.591411e-01    7.280678e-01    9.721024e-01    1.098889e+00    1.035355e+00    8.795322e-01    6.336294e-01    5.021217e-01    4.640973e-01    4.169850e-01    3.218997e-01
20        9.550118e-02    2.326752e+15    2.947500e-01    5.083463e-01    7.621741e-02    1.957449e-01    4.440847e-01    7.052136e-01    9.423789e-01    1.066305e+00    1.005081e+00    8.540362e-01    6.153434e-01    4.876440e-01    4.507180e-01    4.049662e-01    3.126238e-01
21        1.046808e-01    2.385504e+15    2.846186e-01    4.920293e-01    7.354145e-02    1.888563e-01    4.295855e-01    6.831775e-01    9.136966e-01    1.034834e+00    9.758284e-01    8.293938e-01    5.976673e-01    4.736489e-01    4.377845e-01    3.933479e-01    3.036570e-01
22        1.138890e-01    2.503872e+15    2.716710e-01    4.711583e-01    7.012206e-02    1.800551e-01    4.110443e-01    6.549791e-01    8.769774e-01    9.945244e-01    9.383522e-01    7.978195e-01    5.750173e-01    4.557154e-01    4.212114e-01    3.784599e-01    2.921668e-01
23        1.231733e-01    2.575584e+15    2.596634e-01    4.517736e-01    6.695160e-02    1.718961e-01    3.938306e-01    6.287694e-01    8.428228e-01    9.569986e-01    9.034507e-01    7.684076e-01    5.539159e-01    4.390076e-01    4.057710e-01    3.645894e-01    2.814616e-01
24        1.326445e-01    2.680128e+15    2.486913e-01    4.339291e-01    6.405754e-02    1.644555e-01    3.780169e-01    6.045542e-01    8.111538e-01    9.220620e-01    8.708964e-01    7.409424e-01    5.341998e-01    4.233948e-01    3.913421e-01    3.516273e-01    2.714573e-01
25        1.448927e-01    2.766528e+15    2.382993e-01    4.169942e-01    6.131723e-02    1.574121e-01    3.630175e-01    5.815510e-01    7.810409e-01    8.888061e-01    8.398930e-01    7.147778e-01    5.154143e-01    4.085185e-01    3.775939e-01    3.392765e-01    2.619247e-01
26        1.572242e-01    2.877984e+15    2.258466e-01    3.966677e-01    5.803431e-02    1.489758e-01    3.450224e-01    5.539188e-01    7.448398e-01    8.487911e-01    8.025730e-01    6.832747e-01    4.927931e-01    3.906042e-01    3.610380e-01    3.244034e-01    2.504452e-01
27        1.697169e-01    3.002400e+15    2.144766e-01    3.779415e-01    5.504062e-02    1.412917e-01    3.284848e-01    5.283519e-01    7.112027e-01    8.114338e-01    7.676568e-01    6.537622e-01    4.715871e-01    3.738084e-01    3.455154e-01    3.104581e-01    2.396815e-01
28        1.823643e-01    3.069792e+15    2.041357e-01    3.607566e-01    5.232140e-02    1.343205e-01    3.133454e-01    5.047886e-01    6.800729e-01    7.767016e-01    7.351264e-01    6.262319e-01    4.517927e-01    3.581285e-01    3.310238e-01    2.974388e-01    2.296321e-01
29        1.907107e-01    3.189888e+15    1.945553e-01    3.446971e-01    4.980528e-02    1.278774e-01    2.992305e-01    4.826786e-01    6.507486e-01    7.438428e-01    7.042913e-01    6.001058e-01    4.329968e-01    3.432378e-01    3.172614e-01    2.850742e-01    2.200878e-01
30        1.993106e-01    3.224448e+15    1.887263e-01    3.348548e-01    4.827602e-02    1.239653e-01    2.905969e-01    4.690825e-01    6.326580e-01    7.235003e-01    6.851716e-01    5.838907e-01    4.213255e-01    3.339906e-01    3.087147e-01    2.773954e-01    2.141603e-01
31        2.077098e-01    3.318624e+15    1.830926e-01    3.252895e-01    4.679920e-02    1.201902e-01    2.822187e-01    4.558354e-01    6.149892e-01    7.035799e-01    6.664267e-01    5.679824e-01    4.098711e-01    3.249145e-01    3.003260e-01    2.698584e-01    2.083422e-01
32        2.161876e-01    3.362688e+15    1.778781e-01    3.163911e-01    4.543329e-02    1.167011e-01    2.744351e-01    4.434832e-01    5.984780e-01    6.849206e-01    6.488503e-01    5.530564e-01    3.991204e-01    3.163955e-01    2.924522e-01    2.627840e-01    2.028811e-01
33        2.247936e-01    3.442176e+15    1.728981e-01    3.078504e-01    4.412978e-02    1.133737e-01    2.669743e-01    4.316007e-01    5.825609e-01    6.668916e-01    6.318503e-01    5.386112e-01    3.887129e-01    3.081480e-01    2.848292e-01    2.559348e-01    1.975937e-01
34        2.333907e-01    3.488832e+15    1.680864e-01    2.995593e-01    4.287119e-02    1.101630e-01    2.597406e-01    4.200411e-01    5.670455e-01    6.492801e-01    6.152285e-01    5.244795e-01    3.785284e-01    3.000766e-01    2.773690e-01    2.492318e-01    1.924191e-01
35        2.420309e-01    3.572640e+15    1.635106e-01    2.916377e-01    4.167516e-02    1.071140e-01    2.528378e-01    4.089735e-01    5.521614e-01    6.323499e-01    5.992351e-01    5.108747e-01    3.687210e-01    2.923037e-01    2.701845e-01    2.427765e-01    1.874356e-01
36        2.507676e-01    3.624480e+15    1.591324e-01    2.840244e-01    4.053155e-02    1.042004e-01    2.462115e-01    3.983155e-01    5.378019e-01    6.159846e-01    5.837622e-01    4.977059e-01    3.592253e-01    2.847775e-01    2.632280e-01    2.365260e-01    1.826102e-01
37        2.646089e-01    3.716064e+15    1.549193e-01    2.766662e-01    3.943180e-02    1.014004e-01    2.398145e-01    3.879948e-01    5.238720e-01    6.000789e-01    5.687113e-01    4.848901e-01    3.499819e-01    2.774508e-01    2.564559e-01    2.304410e-01    1.779125e-01
38        2.787225e-01    3.818016e+15    1.485837e-01    2.655473e-01    3.777919e-02    9.719563e-02    2.301602e-01    3.723663e-01    5.027369e-01    5.758963e-01    5.458080e-01    4.653775e-01    3.359048e-01    2.662922e-01    2.461418e-01    2.211734e-01    1.707576e-01
39        2.927237e-01    3.905280e+15    1.425448e-01    2.548862e-01    3.620544e-02    9.319494e-02    2.209177e-01    3.573425e-01    4.823714e-01    5.525363e-01    5.236598e-01    4.464963e-01    3.222787e-01    2.554904e-01    2.361574e-01    2.122019e-01    1.638313e-01
40        3.067863e-01    4.028832e+15    1.369264e-01    2.449110e-01    3.474254e-02    8.947915e-02    2.122825e-01    3.432508e-01    4.632268e-01    5.305252e-01    5.027696e-01    4.286769e-01    3.094150e-01    2.452923e-01    2.267310e-01    2.037316e-01    1.572918e-01
41        3.153916e-01    4.080672e+15    1.316479e-01    2.354918e-01    3.336923e-02    8.599353e-02    2.041393e-01    3.299158e-01    4.450744e-01    5.096122e-01    4.829040e-01    4.117226e-01    2.971726e-01    2.355863e-01    2.177593e-01    1.956699e-01    1.510676e-01
42        3.239460e-01    4.168800e+15    1.285877e-01    2.300087e-01    3.257356e-02    8.397523e-02    1.994039e-01    3.221396e-01    4.344724e-01    4.973779e-01    4.712742e-01    4.017931e-01    2.900012e-01    2.299005e-01    2.125036e-01    1.909472e-01    1.474213e-01
43        3.324567e-01    4.202496e+15    1.256664e-01    2.247614e-01    3.181431e-02    8.205006e-02    1.948751e-01    3.146901e-01    4.243060e-01    4.856347e-01    4.601066e-01    3.922557e-01    2.831122e-01    2.244384e-01    2.074546e-01    1.864103e-01    1.439185e-01
44        3.410041e-01    4.291488e+15    1.228626e-01    2.197118e-01    3.108589e-02    8.020378e-02    1.905198e-01    3.075132e-01    4.145018e-01    4.742980e-01    4.493208e-01    3.830422e-01    2.764561e-01    2.191608e-01    2.025763e-01    1.820267e-01    1.405339e-01
45        3.496075e-01    4.330368e+15    1.201435e-01    2.148032e-01    3.037974e-02    7.841455e-02    1.862888e-01    3.005299e-01    4.049538e-01    4.632476e-01    4.388033e-01    3.740556e-01    2.699633e-01    2.140126e-01    1.978175e-01    1.777504e-01    1.372323e-01
46        3.581894e-01    4.408992e+15    1.175010e-01    2.100230e-01    2.969373e-02    7.667695e-02    1.821706e-01    2.937232e-01    3.956396e-01    4.524589e-01    4.285312e-01    3.652770e-01    2.636201e-01    2.089829e-01    1.931682e-01    1.735726e-01    1.340066e-01
47        3.667499e-01    4.447872e+15    1.149479e-01    2.053954e-01    2.903111e-02    7.499905e-02    1.781859e-01    2.871285e-01    3.866090e-01    4.419910e-01    4.185615e-01    3.567552e-01    2.574619e-01    2.040998e-01    1.886544e-01    1.695165e-01    1.308749e-01
48        3.750346e-01    4.527360e+15    1.124801e-01    2.009138e-01    2.839082e-02    7.337819e-02    1.743287e-01    2.807366e-01    3.778499e-01    4.318303e-01    4.088812e-01    3.484793e-01    2.514808e-01    1.993570e-01    1.842703e-01    1.655769e-01    1.278332e-01
49        3.902739e-01    4.590432e+15    1.101642e-01    1.967009e-01    2.779013e-02    7.185798e-02    1.707044e-01    2.747238e-01    3.696050e-01    4.222597e-01    3.997606e-01    3.406806e-01    2.458442e-01    1.948873e-01    1.801387e-01    1.618641e-01    1.249665e-01
50        4.048997e-01    4.721760e+15    1.060600e-01    1.892174e-01    2.672597e-02    6.916575e-02    1.642702e-01    2.640326e-01    3.549324e-01    4.052131e-01    3.835095e-01    3.267818e-01    2.357975e-01    1.869204e-01    1.727742e-01    1.552463e-01    1.198568e-01
51        4.201812e-01    4.792608e+15    1.023088e-01    1.823586e-01    2.575392e-02    6.670738e-02    1.583773e-01    2.542234e-01    3.414572e-01    3.895419e-01    3.685633e-01    3.139958e-01    2.265539e-01    1.795901e-01    1.659983e-01    1.491573e-01    1.151554e-01
52        4.346103e-01    4.925664e+15    9.857534e-02    1.755155e-01    2.478708e-02    6.426273e-02    1.525011e-01    2.444278e-01    3.279900e-01    3.738667e-01    3.536078e-01    3.011991e-01    2.173016e-01    1.722528e-01    1.592158e-01    1.430624e-01    1.104494e-01
53        4.435754e-01    4.986144e+15    9.521279e-02    1.693393e-01    2.391682e-02    6.206266e-02    1.472003e-01    2.355803e-01    3.158180e-01    3.596890e-01    3.400770e-01    2.896193e-01    2.089284e-01    1.656125e-01    1.530776e-01    1.375465e-01    1.061904e-01
54        4.524555e-01    5.072544e+15    9.321135e-02    1.656574e-01    2.339907e-02    6.075390e-02    1.440414e-01    2.303030e-01    3.085542e-01    3.512239e-01    3.319963e-01    2.827029e-01    2.039269e-01    1.616461e-01    1.494111e-01    1.342516e-01    1.036464e-01
55        4.607864e-01    5.109696e+15    9.129078e-02    1.621206e-01    2.290240e-02    5.949851e-02    1.410078e-01    2.252320e-01    3.015722e-01    3.430845e-01    3.242253e-01    2.760510e-01    1.991165e-01    1.578311e-01    1.458846e-01    1.310826e-01    1.011995e-01
56        4.691676e-01    5.194368e+15    8.953628e-02    1.588866e-01    2.244882e-02    5.835210e-02    1.382344e-01    2.205934e-01    2.951837e-01    3.356344e-01    3.171116e-01    2.699612e-01    1.947124e-01    1.543383e-01    1.426559e-01    1.281812e-01    9.895921e-02
57        4.782464e-01    5.235840e+15    8.781599e-02    1.557128e-01    2.200421e-02    5.722841e-02    1.355133e-01    2.160400e-01    2.889108e-01    3.283173e-01    3.101240e-01    2.639788e-01    1.903858e-01    1.509071e-01    1.394840e-01    1.253308e-01    9.675837e-02
58        4.866133e-01    5.314464e+15    8.600066e-02    1.523609e-01    2.153516e-02    5.604302e-02    1.326400e-01    2.112297e-01    2.822824e-01    3.205833e-01    3.027374e-01    2.576545e-01    1.858117e-01    1.472795e-01    1.361307e-01    1.223174e-01    9.443162e-02
59        4.953515e-01    5.368896e+15    8.436823e-02    1.493445e-01    2.111348e-02    5.497737e-02    1.300547e-01    2.068998e-01    2.763146e-01    3.136184e-01    2.960847e-01    2.519582e-01    1.816918e-01    1.440120e-01    1.331103e-01    1.196032e-01    9.233583e-02
60        5.038872e-01    5.439744e+15    8.270824e-02    1.462749e-01    2.068479e-02    5.389405e-02    1.274243e-01    2.024925e-01    2.702388e-01    3.065258e-01    2.893094e-01    2.461566e-01    1.774955e-01    1.406840e-01    1.300339e-01    1.168386e-01    9.020119e-02
61        5.167221e-01    5.520960e+15    8.112640e-02    1.433479e-01    2.027639e-02    5.286200e-02    1.249164e-01    1.982889e-01    2.644428e-01    2.997585e-01    2.828442e-01    2.406202e-01    1.734909e-01    1.375080e-01    1.270980e-01    1.142003e-01    8.816407e-02
62        5.293631e-01    5.598720e+15    7.881723e-02    1.390717e-01    1.968036e-02    5.135588e-02    1.212532e-01    1.921464e-01    2.559714e-01    2.898650e-01    2.733914e-01    2.325249e-01    1.676353e-01    1.328639e-01    1.228050e-01    1.103424e-01    8.518527e-02
63        5.423567e-01    5.706720e+15    7.661166e-02    1.349838e-01    1.911127e-02    4.991785e-02    1.177520e-01    1.862727e-01    2.478688e-01    2.803996e-01    2.643466e-01    2.247785e-01    1.620318e-01    1.284198e-01    1.186969e-01    1.066507e-01    8.233473e-02
64        5.551301e-01    5.792256e+15    7.442212e-02    1.309224e-01    1.854650e-02    4.849074e-02    1.142741e-01    1.804357e-01    2.398151e-01    2.709892e-01    2.553534e-01    2.170758e-01    1.564598e-01    1.240006e-01    1.146118e-01    1.029796e-01    7.950014e-02
65        5.678792e-01    5.897664e+15    7.234459e-02    1.270660e-01    1.801079e-02    4.713705e-02    1.109722e-01    1.748922e-01    2.321651e-01    2.620485e-01    2.468084e-01    2.097565e-01    1.511650e-01    1.198012e-01    1.107299e-01    9.949118e-02    7.680655e-02
66        5.808353e-01    5.997888e+15    7.034089e-02    1.233443e-01    1.749427e-02    4.583184e-02    1.077861e-01    1.695413e-01    2.247795e-01    2.534154e-01    2.385567e-01    2.026881e-01    1.460515e-01    1.157456e-01    1.069809e-01    9.612219e-02    7.420520e-02
67        5.935844e-01    6.085152e+15    6.837671e-02    1.196938e-01    1.698809e-02    4.455272e-02    1.046614e-01    1.642921e-01    2.175334e-01    2.449438e-01    2.304588e-01    1.957512e-01    1.410331e-01    1.117654e-01    1.033016e-01    9.281577e-02    7.165217e-02
68        6.060591e-01    6.199200e+15    6.650534e-02    1.162141e-01    1.650595e-02    4.333432e-02    1.016831e-01    1.592877e-01    2.106243e-01    2.368652e-01    2.227360e-01    1.891354e-01    1.362469e-01    1.079693e-01    9.979250e-02    8.966234e-02    6.921725e-02
69        6.222196e-01    6.285600e+15    6.473539e-02    1.129214e-01    1.605007e-02    4.218223e-02    9.886513e-02    1.545518e-01    2.040852e-01    2.292183e-01    2.154256e-01    1.828726e-01    1.317160e-01    1.043757e-01    9.647057e-02    8.667709e-02    6.691220e-02
70        6.377325e-01    6.429024e+15    6.251725e-02    1.087931e-01    1.547891e-02    4.073871e-02    9.533238e-02    1.486135e-01    1.958854e-01    2.196283e-01    2.062571e-01    1.750178e-01    1.260332e-01    9.986853e-02    9.230412e-02    8.293291e-02    6.402114e-02
71        6.531381e-01    6.532704e+15    6.046600e-02    1.049737e-01    1.495088e-02    3.940411e-02    9.206425e-02    1.431191e-01    1.882979e-01    2.107534e-01    1.977720e-01    1.677482e-01    1.207737e-01    9.569706e-02    8.844800e-02    7.946761e-02    6.134542e-02
72        6.684412e-01    6.668352e+15    5.850708e-02    1.013248e-01    1.444676e-02    3.812986e-02    8.894223e-02    1.378698e-01    1.810483e-01    2.022731e-01    1.896639e-01    1.608014e-01    1.157477e-01    9.171076e-02    8.476306e-02    7.615614e-02    5.878846e-02
73        6.841289e-01    6.779808e+15    5.663213e-02    9.783120e-02    1.396438e-02    3.691046e-02    8.595320e-02    1.328436e-01    1.741067e-01    1.941526e-01    1.818994e-01    1.541489e-01    1.109346e-01    8.789332e-02    8.123420e-02    7.298493e-02    5.633981e-02
74        6.991308e-01    6.914592e+15    5.478072e-02    9.438053e-02    1.348820e-02    3.570660e-02    8.300103e-02    1.278791e-01    1.672502e-01    1.861312e-01    1.742297e-01    1.475776e-01    1.061801e-01    8.412237e-02    7.774832e-02    6.985234e-02    5.392098e-02
75        7.148173e-01    7.032096e+15    5.307385e-02    9.119852e-02    1.304931e-02    3.459690e-02    8.027879e-02    1.233011e-01    1.609276e-01    1.787342e-01    1.671568e-01    1.415175e-01    1.017955e-01    8.064479e-02    7.453364e-02    6.696346e-02    5.169034e-02
76        7.296348e-01    7.155648e+15    5.134838e-02    8.798221e-02    1.260654e-02    3.347600e-02    7.752641e-02    1.186781e-01    1.545476e-01    1.712742e-01    1.600252e-01    1.354076e-01    9.737510e-02    7.713881e-02    7.129270e-02    6.405099e-02    4.944148e-02
77        7.384454e-01    7.256736e+15    4.977355e-02    8.504626e-02    1.220254e-02    3.245310e-02    7.501396e-02    1.144582e-01    1.487241e-01    1.644649e-01    1.535157e-01    1.298307e-01    9.334025e-02    7.393864e-02    6.833446e-02    6.139257e-02    4.738877e-02
78        7.471127e-01    7.332768e+15    4.886610e-02    8.335436e-02    1.196980e-02    3.186375e-02    7.356611e-02    1.120265e-01    1.453685e-01    1.605412e-01    1.497648e-01    1.266172e-01    9.101528e-02    7.209464e-02    6.662985e-02    5.986072e-02    4.620596e-02
79        7.557563e-01    7.398432e+15    4.799502e-02    8.173013e-02    1.174640e-02    3.129805e-02    7.217619e-02    1.096921e-01    1.421471e-01    1.567745e-01    1.461639e-01    1.235322e-01    8.878329e-02    7.032437e-02    6.499341e-02    5.839014e-02    4.507045e-02
80        7.645501e-01    7.481376e+15    4.714312e-02    8.014156e-02    1.152791e-02    3.074481e-02    7.081681e-02    1.074088e-01    1.389962e-01    1.530901e-01    1.426416e-01    1.205145e-01    8.660003e-02    6.859275e-02    6.339270e-02    5.695166e-02    4.395973e-02
81        7.732437e-01    7.538400e+15    4.629413e-02    7.855822e-02    1.131013e-02    3.019343e-02    6.946198e-02    1.051328e-01    1.358548e-01    1.494165e-01    1.391295e-01    1.175055e-01    8.442299e-02    6.686607e-02    6.179655e-02    5.551727e-02    4.285217e-02
82        7.818658e-01    7.627392e+15    4.547138e-02    7.702352e-02    1.109895e-02    2.965899e-02    6.814894e-02    1.029258e-01    1.328079e-01    1.458525e-01    1.357220e-01    1.145860e-01    8.231067e-02    6.519070e-02    6.024784e-02    5.412552e-02    4.177752e-02
83        7.899225e-01    7.689600e+15    4.467300e-02    7.553376e-02    1.089375e-02    2.914015e-02    6.687469e-02    1.007820e-01    1.298463e-01    1.423868e-01    1.324078e-01    1.117461e-01    8.025590e-02    6.356097e-02    5.874131e-02    5.277167e-02    4.073215e-02
84        7.985691e-01    7.769088e+15    4.394478e-02    7.417412e-02    1.070614e-02    2.866653e-02    6.571227e-02    9.882282e-02    1.271370e-01    1.392137e-01    1.293724e-01    1.091448e-01    7.837364e-02    6.206805e-02    5.736124e-02    5.153147e-02    3.977452e-02
85        8.079366e-01    7.842528e+15    4.318023e-02    7.274627e-02    1.050866e-02    2.816881e-02    6.449200e-02    9.676298e-02    1.242856e-01    1.358720e-01    1.261749e-01    1.064042e-01    7.639047e-02    6.049508e-02    5.590717e-02    5.022476e-02    3.876554e-02
86        8.179097e-01    7.922016e+15    4.235686e-02    7.121739e-02    1.029580e-02    2.763180e-02    6.318351e-02    9.456249e-02    1.212457e-01    1.323166e-01    1.227758e-01    1.034923e-01    7.428386e-02    5.882428e-02    5.436268e-02    4.883681e-02    3.769383e-02
87        8.273126e-01    8.008416e+15    4.148654e-02    6.960958e-02    1.007062e-02    2.706325e-02    6.180571e-02    9.225318e-02    1.180613e-01    1.285990e-01    1.192244e-01    1.004514e-01    7.208437e-02    5.707990e-02    5.275019e-02    4.738776e-02    3.657497e-02
88        8.367806e-01    8.074080e+15    4.067167e-02    6.811287e-02    9.859579e-03    2.652995e-02    6.052124e-02    9.010848e-02    1.151100e-01    1.251608e-01    1.159429e-01    9.764294e-02    7.005361e-02    5.546942e-02    5.126148e-02    4.604996e-02    3.554203e-02
89        8.461851e-01    8.162208e+15    3.985378e-02    6.662028e-02    9.647540e-03    2.599359e-02    5.923823e-02    8.797538e-02    1.121816e-01    1.217575e-01    1.126980e-01    9.486751e-02    6.804731e-02    5.387843e-02    4.979081e-02    4.472839e-02    3.452163e-02
90        8.550618e-01    8.238240e+15    3.904143e-02    6.514916e-02    9.436681e-03    2.545958e-02    5.797118e-02    8.587965e-02    1.093127e-01    1.184331e-01    1.095322e-01    9.216172e-02    6.609208e-02    5.232805e-02    4.835769e-02    4.344059e-02    3.352732e-02
91        8.648939e-01    8.319456e+15    3.827307e-02    6.376999e-02    9.236959e-03    2.495310e-02    5.678064e-02    8.392224e-02    1.066422e-01    1.153492e-01    1.065998e-01    8.965760e-02    6.428336e-02    5.089398e-02    4.703210e-02    4.224943e-02    3.260765e-02
92        8.737440e-01    8.398080e+15    3.741652e-02    6.224791e-02    9.013965e-03    2.438677e-02    5.546333e-02    8.177124e-02    1.037189e-01    1.119870e-01    1.034083e-01    8.693502e-02    6.231787e-02    4.933576e-02    4.559178e-02    4.095522e-02    3.160845e-02
93        8.896015e-01    8.486208e+15    3.664379e-02    6.088616e-02    8.812531e-03    2.387456e-02    5.428223e-02    7.985376e-02    1.011215e-01    1.090100e-01    1.005866e-01    8.453000e-02    6.058239e-02    4.796003e-02    4.432016e-02    3.981260e-02    3.072630e-02
94        9.046597e-01    8.627904e+15    3.522484e-02    5.842754e-02    8.441692e-03    2.292930e-02    5.214030e-02    7.641735e-02    9.649845e-02    1.037494e-01    9.561629e-02    8.030153e-02    5.753400e-02    4.554399e-02    4.208703e-02    3.780610e-02    2.917730e-02
95        9.206303e-01    8.752320e+15    3.384868e-02    5.608515e-02    8.081079e-03    2.200781e-02    5.008998e-02    7.316961e-02    9.216197e-02    9.885455e-02    9.100794e-02    7.638933e-02    5.471665e-02    4.331154e-02    4.002366e-02    3.595223e-02    2.774620e-02
96        9.361180e-01    8.881920e+15    3.235602e-02    5.359250e-02    7.688846e-03    2.100290e-02    4.789692e-02    6.974396e-02    8.762630e-02    9.378169e-02    8.625149e-02    7.236131e-02    5.181950e-02    4.101646e-02    3.790249e-02    3.404652e-02    2.627519e-02
97        9.513030e-01    9.011520e+15    3.089433e-02    5.118424e-02    7.304010e-03    2.001517e-02    4.577033e-02    6.645537e-02    8.329893e-02    8.897481e-02    8.175832e-02    6.856332e-02    4.909041e-02    3.885492e-02    3.590481e-02    3.225183e-02    2.488995e-02
98        9.658515e-01    9.158400e+15    2.946494e-02    4.885040e-02    6.927195e-03    1.904688e-02    4.370433e-02    6.328229e-02    7.914131e-02    8.437848e-02    7.747127e-02    6.494432e-02    4.649169e-02    3.679692e-02    3.400286e-02    3.054320e-02    2.357118e-02
99        9.738664e-01    9.253440e+15    2.811301e-02    4.665615e-02    6.570503e-03    1.812958e-02    4.175871e-02    6.030765e-02    7.525485e-02    8.009577e-02    7.348264e-02    6.158026e-02    4.407715e-02    3.488495e-02    3.223589e-02    2.895586e-02    2.234606e-02
100       9.813692e-01    9.339840e+15    2.738305e-02    4.547387e-02    6.377853e-03    1.763401e-02    4.070979e-02    5.870654e-02    7.316509e-02    7.779561e-02    7.134155e-02    5.977503e-02    4.278166e-02    3.385915e-02    3.128789e-02    2.810424e-02    2.168878e-02
101       9.888321e-01    9.400320e+15    2.671028e-02    4.438569e-02    6.200265e-03    1.717711e-02    3.974398e-02    5.723384e-02    7.124419e-02    7.568287e-02    6.937560e-02    5.811780e-02    4.159251e-02    3.291757e-02    3.041773e-02    2.732255e-02    2.108547e-02
102       9.965635e-01    9.486720e+15    2.605023e-02    4.331878e-02    6.026019e-03    1.672877e-02    3.879689e-02    5.579040e-02    6.936204e-02    7.361350e-02    6.745032e-02    5.649502e-02    4.042815e-02    3.199562e-02    2.956571e-02    2.655716e-02    2.049475e-02
103       1.004756e+00    9.555840e+15    2.537594e-02    4.222943e-02    5.848000e-03    1.627069e-02    3.782974e-02    5.431698e-02    6.744131e-02    7.150235e-02    6.548644e-02    5.483985e-02    3.924059e-02    3.105532e-02    2.869673e-02    2.577653e-02    1.989226e-02
104       1.013115e+00    9.650880e+15    2.467188e-02    4.109264e-02    5.662107e-03    1.579232e-02    3.682030e-02    5.277983e-02    6.543805e-02    6.930119e-02    6.343913e-02    5.311451e-02    3.800274e-02    3.007520e-02    2.779096e-02    2.496285e-02    1.926428e-02
105       1.021507e+00    9.728640e+15    2.396482e-02    3.995147e-02    5.475410e-03    1.531184e-02    3.580686e-02    5.123707e-02    6.342790e-02    6.709296e-02    6.138546e-02    5.138393e-02    3.676117e-02    2.909216e-02    2.688248e-02    2.414674e-02    1.863441e-02
106       1.030064e+00    9.823680e+15    2.326660e-02    3.882505e-02    5.291036e-03    1.483733e-02    3.480640e-02    4.971459e-02    6.144459e-02    6.491474e-02    5.935993e-02    4.967717e-02    3.553674e-02    2.812268e-02    2.598654e-02    2.334190e-02    1.801325e-02
107       1.038422e+00    9.910080e+15    2.256646e-02    3.769598e-02    5.106148e-03    1.436146e-02    3.380348e-02    4.818880e-02    5.945735e-02    6.273268e-02    5.733103e-02    4.796768e-02    3.431039e-02    2.715169e-02    2.508920e-02    2.253580e-02    1.739111e-02
108       1.046840e+00    1.001376e+16    2.189407e-02    3.661217e-02    4.928576e-03    1.390439e-02    3.284063e-02    4.672453e-02    5.755066e-02    6.063962e-02    5.538512e-02    4.632823e-02    3.313433e-02    2.622052e-02    2.422867e-02    2.176277e-02    1.679450e-02
109       1.055287e+00    1.010880e+16    2.122838e-02    3.553988e-02    4.752756e-03    1.345180e-02    3.188785e-02    4.527630e-02    5.566551e-02    5.857099e-02    5.346226e-02    4.470838e-02    3.197238e-02    2.530055e-02    2.337848e-02    2.099903e-02    1.620506e-02
110       1.063788e+00    1.020384e+16    2.057141e-02    3.448274e-02    4.579217e-03    1.300501e-02    3.094825e-02    4.384929e-02    5.380894e-02    5.653493e-02    5.157019e-02    4.311473e-02    3.082934e-02    2.439555e-02    2.254214e-02    2.024773e-02    1.562523e-02
111       1.072765e+00    1.031616e+16    1.992090e-02    3.343675e-02    4.407411e-03    1.256258e-02    3.001833e-02    4.243803e-02    5.197375e-02    5.452334e-02    4.970130e-02    4.154082e-02    2.970053e-02    2.350184e-02    2.171623e-02    1.950581e-02    1.505263e-02
112       1.081702e+00    1.041984e+16    1.924671e-02    3.235266e-02    4.229496e-03    1.210419e-02    2.905444e-02    4.097599e-02    5.007331e-02    5.244093e-02    4.776689e-02    3.991184e-02    2.853226e-02    2.257689e-02    2.086145e-02    1.873795e-02    1.446001e-02
113       1.090993e+00    1.053216e+16    1.858579e-02    3.128809e-02    4.056201e-03    1.165611e-02    2.810751e-02    3.954377e-02    4.821584e-02    5.040881e-02    4.588045e-02    3.832368e-02    2.739339e-02    2.167523e-02    2.002819e-02    1.798943e-02    1.388233e-02
114       1.099793e+00    1.065312e+16    1.791045e-02    3.019914e-02    3.879816e-03    1.119905e-02    2.713868e-02    3.808093e-02    4.632125e-02    4.833806e-02    4.395892e-02    3.670623e-02    2.623359e-02    2.075701e-02    1.917964e-02    1.722718e-02    1.329404e-02
115       1.108856e+00    1.076544e+16    1.728262e-02    2.918575e-02    3.716489e-03    1.077490e-02    2.623684e-02    3.672160e-02    4.456314e-02    4.641834e-02    4.217827e-02    3.520761e-02    2.515906e-02    1.990631e-02    1.839349e-02    1.652097e-02    1.274902e-02
116       1.117776e+00    1.088640e+16    1.664641e-02    2.815704e-02    3.552053e-03    1.034633e-02    2.532100e-02    3.534506e-02    4.278683e-02    4.448183e-02    4.038325e-02    3.369729e-02    2.407627e-02    1.904909e-02    1.760131e-02    1.580936e-02    1.219982e-02
117       1.127102e+00    1.100736e+16    1.602973e-02    2.715798e-02    3.393836e-03    9.932261e-03    2.443117e-02    3.401183e-02    4.107080e-02    4.261442e-02    3.865360e-02    3.224242e-02    2.303335e-02    1.822345e-02    1.683832e-02    1.512397e-02    1.167086e-02
118       1.135905e+00    1.111968e+16    1.539151e-02    2.612030e-02    3.232330e-03    9.506317e-03    2.350619e-02    3.263403e-02    3.930583e-02    4.070023e-02    3.688317e-02    3.075408e-02    2.196670e-02    1.737906e-02    1.605801e-02    1.442302e-02    1.112990e-02
119       1.142626e+00    1.122336e+16    1.479371e-02    2.514453e-02    3.083372e-03    9.110031e-03    2.263561e-02    3.134557e-02    3.766406e-02    3.892638e-02    3.524521e-02    2.937799e-02    2.098074e-02    1.659859e-02    1.533677e-02    1.377515e-02    1.062991e-02
120       1.149251e+00    1.130112e+16    1.433835e-02    2.439759e-02    2.972127e-03    8.810739e-03    2.196845e-02    3.036612e-02    3.642440e-02    3.759352e-02    3.401702e-02    2.834701e-02    2.024231e-02    1.601408e-02    1.479664e-02    1.328997e-02    1.025547e-02
121       1.155793e+00    1.137888e+16    1.388606e-02    2.365073e-02    2.864621e-03    8.516915e-03    2.130037e-02    2.939593e-02    3.520779e-02    3.629427e-02    3.282333e-02    2.734616e-02    1.952580e-02    1.544698e-02    1.427260e-02    1.281925e-02    9.892201e-03
122       1.162289e+00    1.145664e+16    1.342530e-02    2.288069e-02    2.760665e-03    8.224022e-03    2.060971e-02    2.841256e-02    3.399576e-02    3.501657e-02    3.165609e-02    2.636972e-02    1.882742e-02    1.489432e-02    1.376193e-02    1.236055e-02    9.538217e-03
123       1.168905e+00    1.153440e+16    1.295793e-02    2.209259e-02    2.659455e-03    7.931821e-03    1.990146e-02    2.741887e-02    3.278717e-02    3.375546e-02    3.050928e-02    2.541213e-02    1.814305e-02    1.435282e-02    1.326157e-02    1.191113e-02    9.191406e-03
124       1.175488e+00    1.159488e+16    1.248513e-02    2.129404e-02    2.557853e-03    7.637133e-03    1.918358e-02    2.641434e-02    3.156840e-02    3.248617e-02    2.935602e-02    2.444950e-02    1.745517e-02    1.380856e-02    1.275867e-02    1.145943e-02    8.842833e-03
125       1.182080e+00    1.166400e+16    1.201845e-02    2.050503e-02    2.458047e-03    7.346816e-03    1.847411e-02    2.542324e-02    3.036778e-02    3.123728e-02    2.822191e-02    2.350306e-02    1.677892e-02    1.327351e-02    1.226429e-02    1.101537e-02    8.500164e-03
126       1.188603e+00    1.174176e+16    1.155504e-02    1.972101e-02    2.359273e-03    7.058919e-03    1.776903e-02    2.443940e-02    2.917720e-02    2.999988e-02    2.709867e-02    2.256583e-02    1.610930e-02    1.274371e-02    1.177475e-02    1.057568e-02    8.160858e-03
127       1.195201e+00    1.180224e+16    1.110145e-02    1.895328e-02    2.262782e-03    6.777340e-03    1.707853e-02    2.347656e-02    2.801279e-02    2.879027e-02    2.600089e-02    2.164993e-02    1.545494e-02    1.222599e-02    1.129638e-02    1.014601e-02    7.829289e-03
128       1.201248e+00    1.187136e+16    1.064741e-02    1.818455e-02    2.166332e-03    6.495638e-03    1.638708e-02    2.251288e-02    2.684788e-02    2.758058e-02    2.490322e-02    2.073419e-02    1.480071e-02    1.170837e-02    1.081810e-02    9.716424e-03    7.497788e-03
129       1.207538e+00    1.194048e+16    1.023538e-02    1.748677e-02    2.078928e-03    6.240145e-03    1.575942e-02    2.163850e-02    2.579137e-02    2.648383e-02    2.390819e-02    1.990412e-02    1.420770e-02    1.123919e-02    1.038459e-02    9.327045e-03    7.197312e-03
130       1.215021e+00    1.200960e+16    9.811165e-03    1.676810e-02    1.989080e-03    5.977256e-03    1.511292e-02    2.073837e-02    2.470430e-02    2.535580e-02    2.288496e-02    1.905059e-02    1.359795e-02    1.075677e-02    9.938838e-03    8.926678e-03    6.888357e-03
131       1.221374e+00    1.208736e+16    9.311882e-03    1.592209e-02    1.883442e-03    5.667975e-03    1.435183e-02    1.967905e-02    2.342540e-02    2.402906e-02    2.168163e-02    1.804688e-02    1.288093e-02    1.018948e-02    9.414664e-03    8.455871e-03    6.525045e-03
132       1.227920e+00    1.215648e+16    8.893035e-03    1.521232e-02    1.794848e-03    5.408549e-03    1.371330e-02    1.879042e-02    2.235266e-02    2.291627e-02    2.067238e-02    1.720506e-02    1.227956e-02    9.713697e-03    8.975043e-03    8.061010e-03    6.220339e-03
133       1.234360e+00    1.223424e+16    8.466380e-03    1.448921e-02    1.704679e-03    5.144376e-03    1.306274e-02    1.788529e-02    2.126030e-02    2.178337e-02    1.964499e-02    1.634815e-02    1.166742e-02    9.229387e-03    8.527545e-03    7.659073e-03    5.910173e-03
134       1.240786e+00    1.231200e+16    8.051338e-03    1.378563e-02    1.617048e-03    4.887490e-03    1.242972e-02    1.700487e-02    2.019809e-02    2.068199e-02    1.864629e-02    1.551521e-02    1.107241e-02    8.758636e-03    8.092577e-03    7.268391e-03    5.608691e-03
135       1.248512e+00    1.239840e+16    7.641954e-03    1.309145e-02    1.530730e-03    4.634241e-03    1.180513e-02    1.613656e-02    1.915093e-02    1.959660e-02    1.766225e-02    1.469453e-02    1.048619e-02    8.294833e-03    7.664028e-03    6.883475e-03    5.311660e-03
136       1.256142e+00    1.250208e+16    7.155335e-03    1.226594e-02    1.428348e-03    4.333471e-03    1.106230e-02    1.510464e-02    1.790731e-02    1.830827e-02    1.649449e-02    1.372075e-02    9.790618e-03    7.744527e-03    7.155552e-03    6.426770e-03    4.959232e-03
137       1.263949e+00    1.260576e+16    6.681153e-03    1.146113e-02    1.328825e-03    4.040669e-03    1.033801e-02    1.409930e-02    1.669667e-02    1.705486e-02    1.535872e-02    1.277373e-02    9.114203e-03    7.209380e-03    6.661084e-03    5.982647e-03    4.616513e-03
138       1.271926e+00    1.270080e+16    6.202168e-03    1.064743e-02    1.228737e-03    3.745412e-03    9.605587e-03    1.308417e-02    1.547594e-02    1.579240e-02    1.421531e-02    1.182056e-02    8.433444e-03    6.670803e-03    6.163448e-03    5.535681e-03    4.271600e-03
139       1.279715e+00    1.276992e+16    5.717091e-03    9.822064e-03    1.128176e-03    3.447324e-03    8.862401e-03    1.205686e-02    1.424361e-02    1.452049e-02    1.306439e-02    1.086147e-02    7.748564e-03    6.128981e-03    5.662817e-03    5.086027e-03    3.924616e-03
140       1.287286e+00    1.283904e+16    5.242846e-03    9.012408e-03    1.031503e-03    3.157792e-03    8.132834e-03    1.105395e-02    1.304689e-02    1.329053e-02    1.195358e-02    9.936535e-03    7.088295e-03    5.606660e-03    5.180211e-03    4.652567e-03    3.590132e-03
141       1.295097e+00    1.292544e+16    4.773006e-03    8.204758e-03    9.390643e-04    2.874805e-03    7.404008e-03    1.006334e-02    1.187769e-02    1.209949e-02    1.088235e-02    9.046065e-03    6.453073e-03    5.104215e-03    4.715983e-03    4.235624e-03    3.268399e-03
142       1.303236e+00    1.301184e+16    4.294098e-03    7.381519e-03    8.448416e-04    2.586356e-03    6.661113e-03    9.053621e-03    1.068592e-02    1.088546e-02    9.790450e-03    8.138412e-03    5.805592e-03    4.592075e-03    4.242796e-03    3.810635e-03    2.940459e-03
143       1.311025e+00    1.311552e+16    3.801676e-03    6.535049e-03    7.479600e-04    2.289768e-03    5.897255e-03    8.015404e-03    9.460517e-03    9.637182e-03    8.667737e-03    7.205146e-03    5.139841e-03    4.065482e-03    3.756257e-03    3.373654e-03    2.603264e-03
144       1.319609e+00    1.319328e+16    3.337294e-03    5.736781e-03    6.565953e-04    2.010069e-03    5.176895e-03    7.036307e-03    8.304898e-03    8.459982e-03    7.608957e-03    6.325024e-03    4.511999e-03    3.568876e-03    3.297423e-03    2.961555e-03    2.285270e-03
145       1.327825e+00    1.331424e+16    2.832518e-03    4.869074e-03    5.572832e-04    1.706039e-03    4.393873e-03    5.972043e-03    7.048755e-03    7.180383e-03    6.458078e-03    5.368344e-03    3.829545e-03    3.029072e-03    2.798677e-03    2.513611e-03    1.939616e-03
146       1.336138e+00    1.345248e+16    2.356635e-03    4.051036e-03    4.636558e-04    1.419413e-03    3.655672e-03    4.968699e-03    5.864516e-03    5.974030e-03    5.373077e-03    4.466426e-03    3.186155e-03    2.520167e-03    2.328480e-03    2.091307e-03    1.613747e-03
147       1.344126e+00    1.363392e+16    1.884408e-03    3.239281e-03    3.707475e-04    1.134988e-03    2.923141e-03    3.973061e-03    4.689372e-03    4.776941e-03    4.296408e-03    3.571434e-03    2.547707e-03    2.015171e-03    1.861895e-03    1.672246e-03    1.290381e-03
148       1.352329e+00    1.418688e+16    1.441296e-03    2.477576e-03    2.835676e-04    8.680998e-04    2.235775e-03    3.038810e-03    3.586684e-03    3.653661e-03    3.286124e-03    2.731624e-03    1.948623e-03    1.541311e-03    1.424077e-03    1.279024e-03    9.869528e-04
149       1.356488e+00    1.468800e+16    1.010012e-03    1.736202e-03    1.987147e-04    6.083353e-04    1.566756e-03    2.129496e-03    2.513428e-03    2.560363e-03    2.302805e-03    1.914231e-03    1.365530e-03    1.080099e-03    9.979454e-04    8.962971e-04    6.916234e-04
150       1.360493e+00    1.524960e+16    8.070041e-04    1.387233e-03    1.587739e-04    4.860626e-04    1.251845e-03    1.701477e-03    2.008240e-03    2.045742e-03    1.839952e-03    1.529479e-03    1.091064e-03    8.630039e-04    7.973628e-04    7.161453e-04    5.526102e-04
151       1.364838e+00    1.569024e+16    6.251282e-04    1.074590e-03    1.229907e-04    3.765178e-04    9.697146e-04    1.318012e-03    1.555639e-03    1.584689e-03    1.425279e-03    1.184777e-03    8.451692e-04    6.685072e-04    6.176597e-04    5.547464e-04    4.280674e-04
152       1.366924e+00    1.632096e+16    4.404475e-04    7.571257e-04    8.665578e-05    2.652837e-04    6.832334e-04    9.286339e-04    1.096059e-03    1.116527e-03    1.004211e-03    8.347605e-04    5.954822e-04    4.710112e-04    4.351855e-04    3.908585e-04    3.016042e-04
153       1.368937e+00    1.657152e+16    3.575696e-04    6.146592e-04    7.034998e-05    2.153659e-04    5.546710e-04    7.538952e-04    8.898165e-04    9.064328e-04    8.152509e-04    6.776857e-04    4.834318e-04    3.823822e-04    3.532977e-04    3.173117e-04    2.448521e-04
154       1.370395e+00    1.696032e+16    2.818604e-04    4.845157e-04    5.545458e-05    1.697659e-04    4.372290e-04    5.942709e-04    7.014132e-04    7.145113e-04    6.426356e-04    5.341975e-04    3.810735e-04    3.014193e-04    2.784930e-04    2.501264e-04    1.930089e-04
155       1.372036e+00    1.720224e+16    2.290792e-04    3.937853e-04    4.507015e-05    1.379755e-04    3.553535e-04    4.829876e-04    5.700665e-04    5.807118e-04    5.222956e-04    4.341636e-04    3.097136e-04    2.449755e-04    2.263424e-04    2.032877e-04    1.568660e-04
156       1.373266e+00    1.759104e+16    1.718571e-04    2.954209e-04    3.381199e-05    1.035104e-04    2.665890e-04    3.623412e-04    4.276685e-04    4.356547e-04    3.918304e-04    3.257130e-04    2.323496e-04    1.837826e-04    1.698039e-04    1.525081e-04    1.176821e-04
157       1.374388e+00    1.784160e+16    1.305246e-04    2.243707e-04    2.568004e-05    7.861562e-05    2.024731e-04    2.751964e-04    3.248121e-04    3.308777e-04    2.975933e-04    2.473775e-04    1.764684e-04    1.395820e-04    1.289652e-04    1.158291e-04    8.937902e-05
158       1.375159e+00    1.812672e+16    9.414458e-05    1.618338e-04    1.852246e-05    5.670375e-05    1.460395e-04    1.984932e-04    2.342800e-04    2.386549e-04    2.146476e-04    1.784280e-04    1.272829e-04    1.006775e-04    9.301983e-05    8.354505e-05    6.446715e-05
159       1.375758e+00    1.832544e+16    6.989112e-05    1.201423e-04    1.375072e-05    4.209576e-05    1.084169e-04    1.473575e-04    1.739249e-04    1.771728e-04    1.593502e-04    1.324615e-04    9.449233e-05    7.474101e-05    6.905612e-05    6.202223e-05    4.785916e-05
160       1.376174e+00    1.851552e+16    5.154063e-05    8.859792e-05    1.014035e-05    3.104318e-05    7.995113e-05    1.086676e-04    1.282595e-04    1.306546e-04    1.175115e-04    9.768266e-05    6.968260e-05    5.511715e-05    5.092487e-05    4.573779e-05    3.529335e-05
161       1.376652e+00    1.869696e+16    3.906556e-05    6.715337e-05    7.685946e-06    2.352938e-05    6.059948e-05    8.236531e-05    9.721512e-05    9.903051e-05    8.906861e-05    7.403920e-05    5.281637e-05    4.177640e-05    3.859884e-05    3.466725e-05    2.675082e-05
162       1.376886e+00    1.885248e+16    2.502183e-05    4.301232e-05    4.922916e-06    1.507077e-05    3.881449e-05    5.275570e-05    6.226714e-05    6.342991e-05    5.704922e-05    4.742276e-05    3.382935e-05    2.675815e-05    2.472289e-05    2.220468e-05    1.713414e-05
163       1.377103e+00    1.899936e+16    1.825287e-05    3.137653e-05    3.591157e-06    1.099379e-05    2.831431e-05    3.848411e-05    4.542249e-05    4.627070e-05    4.161614e-05    3.459384e-05    2.467776e-05    1.951947e-05    1.803480e-05    1.619782e-05    1.249897e-05
164       1.377229e+00    1.912032e+16    1.209786e-05    2.079612e-05    2.380191e-06    7.286599e-06    1.876650e-05    2.550697e-05    3.010567e-05    3.066786e-05    2.758285e-05    2.292853e-05    1.635622e-05    1.293735e-05    1.195332e-05    1.073579e-05    8.284219e-06
165       1.377326e+00    1.922400e+16    8.560004e-06    1.471458e-05    1.684137e-06    5.155733e-06    1.327849e-05    1.804780e-05    2.130168e-05    2.169946e-05    1.951662e-05    1.622339e-05    1.157307e-05    9.154001e-06    8.457737e-06    7.596252e-06    5.861612e-06
166       1.377400e+00    1.934496e+16    5.888220e-06    1.012180e-05    1.158477e-06    3.546504e-06    9.133956e-06    1.241465e-05    1.465291e-05    1.492654e-05    1.342501e-05    1.115968e-05    7.960835e-06    6.296816e-06    5.817873e-06    5.225279e-06    4.032062e-06
167       1.377428e+00    1.942272e+16    3.858675e-06    6.633031e-06    7.591745e-07    2.324099e-06    5.985675e-06    8.135581e-06    9.602362e-06    9.781676e-06    8.797696e-06    7.313175e-06    5.216904e-06    4.126437e-06    3.812576e-06    3.424236e-06    2.642295e-06
168       1.377463e+00    1.948320e+16    3.092684e-06    5.316299e-06    6.084697e-07    1.862739e-06    4.797450e-06    6.520575e-06    7.696184e-06    7.839901e-06    7.051253e-06    5.861426e-06    4.181289e-06    3.307292e-06    3.055736e-06    2.744486e-06    2.117770e-06
169       1.377489e+00    1.956960e+16    2.150921e-06    3.697415e-06    4.231825e-07    1.295510e-06    3.336562e-06    4.534973e-06    5.352593e-06    5.452547e-06    4.904052e-06    4.076544e-06    2.908031e-06    2.300178e-06    2.125223e-06    1.908753e-06    1.472881e-06
170       1.377507e+00    1.963872e+16    1.469696e-06    2.526395e-06    2.891550e-07    8.852050e-07    2.279829e-06    3.098687e-06    3.657356e-06    3.725653e-06    3.350874e-06    2.785449e-06    1.987019e-06    1.571681e-06    1.452137e-06    1.304226e-06    1.006400e-06
171       1.377519e+00    1.971648e+16    9.873343e-07    1.697219e-06    1.942529e-07    5.946763e-07    1.531578e-06    2.081683e-06    2.456994e-06    2.502875e-06    2.251101e-06    1.871251e-06    1.334869e-06    1.055848e-06    9.755385e-07    8.761725e-07    6.760944e-07
172       1.377529e+00    1.983744e+16    6.775779e-07    1.164751e-06    1.333099e-07    4.081085e-07    1.051076e-06    1.428596e-06    1.686161e-06    1.717648e-06    1.544863e-06    1.284183e-06    9.160809e-07    7.245965e-07    6.694828e-07    6.012909e-07    4.639833e-07
173       1.377535e+00    1.990656e+16    4.092991e-07    7.035818e-07    8.052748e-08    2.465229e-07    6.349151e-07    8.629609e-07    1.018546e-06    1.037566e-06    9.331930e-07    7.757263e-07    5.533697e-07    4.377013e-07    4.044092e-07    3.632170e-07    2.802747e-07
174       1.377539e+00    2.004480e+16    2.683113e-07    4.612249e-07    5.278886e-08    1.616052e-07    4.162112e-07    5.657040e-07    6.676960e-07    6.801644e-07    6.117439e-07    5.085184e-07    3.627551e-07    2.869300e-07    2.651057e-07    2.381027e-07    1.837308e-07
175       1.377542e+00    2.018304e+16    1.623136e-07    2.790157e-07    3.193435e-08    9.776226e-08    2.517849e-07    3.422198e-07    4.039193e-07    4.114621e-07    3.700714e-07    3.076256e-07    2.194469e-07    1.735768e-07    1.603744e-07    1.440390e-07    1.111470e-07
176       1.377545e+00    2.089152e+16    7.715105e-08    1.326220e-07    1.517907e-08    4.646846e-08    1.196787e-07    1.626643e-07    1.919914e-07    1.955766e-07    1.759027e-07    1.462209e-07    1.043077e-07    8.250473e-08    7.622932e-08    6.846479e-08    5.283053e-08
