 177  1.377E+00 0.00E+00 0.00E+00 0.00E+00 0.00E+00 0.00E+00 0.00E+00 0.00E+00 0.00E+00 0.00E+00 0.00E+00 0.00E+00 0.00E+00 0.00E+00 0.00E+00 0.00E+00
 176  1.377E+00 1.27E-03 1.77E-04 3.55E-05 4.00E-06 2.86E-07 8.50E-08 5.86E-08 5.09E-08 4.45E-08 3.67E-08 2.61E-08 2.07E-08 1.91E-08 1.71E-08 1.32E-08
 175  1.377E+00 2.68E-03 3.73E-04 7.47E-05 8.42E-06 6.02E-07 1.79E-07 1.23E-07 1.07E-07 9.37E-08 7.72E-08 5.50E-08 4.35E-08 4.01E-08 3.61E-08 2.78E-08
 174  1.377E+00 4.58E-03 5.96E-04 1.43E-04 1.67E-05 1.20E-06 3.24E-07 2.07E-07 1.77E-07 1.55E-07 1.28E-07 9.08E-08 7.18E-08 6.63E-08 5.96E-08 4.60E-08
 173  1.377E+00 9.55E-03 1.97E-03 5.31E-04 6.73E-05 4.77E-06 8.89E-07 3.58E-07 2.72E-07 2.37E-07 1.95E-07 1.39E-07 1.10E-07 1.01E-07 9.09E-08 7.02E-08
 172  1.377E+00 3.43E-02 1.14E-02 2.81E-03 3.67E-04 2.56E-05 3.82E-06 8.40E-07 4.63E-07 3.93E-07 3.23E-07 2.29E-07 1.81E-07 1.68E-07 1.51E-07 1.16E-07
 171  1.377E+00 7.14E-02 2.60E-02 6.28E-03 8.26E-04 5.74E-05 8.23E-06 1.50E-06 6.90E-07 5.74E-07 4.70E-07 3.34E-07 2.64E-07 2.44E-07 2.19E-07 1.69E-07
 170  1.377E+00 1.33E-01 5.06E-02 1.21E-02 1.60E-03 1.11E-04 1.56E-05 2.59E-06 1.04E-06 8.56E-07 7.00E-07 4.98E-07 3.94E-07 3.63E-07 3.27E-07 2.52E-07
 169  1.377E+00 2.23E-01 8.64E-02 2.06E-02 2.71E-03 1.88E-04 2.63E-05 4.16E-06 1.55E-06 1.26E-06 1.03E-06 7.28E-07 5.76E-07 5.32E-07 4.78E-07 3.69E-07
 168  1.377E+00 3.48E-01 1.37E-01 3.24E-02 4.28E-03 2.97E-04 4.12E-05 6.34E-06 2.24E-06 1.81E-06 1.47E-06 1.05E-06 8.28E-07 7.65E-07 6.87E-07 5.30E-07
 167  1.377E+00 4.51E-01 1.78E-01 4.21E-02 5.56E-03 3.85E-04 5.34E-05 8.12E-06 2.81E-06 2.26E-06 1.84E-06 1.31E-06 1.03E-06 9.54E-07 8.57E-07 6.62E-07
 166  1.377E+00 7.23E-01 2.87E-01 6.79E-02 8.96E-03 6.21E-04 8.60E-05 1.29E-05 4.31E-06 3.44E-06 2.81E-06 1.99E-06 1.58E-06 1.46E-06 1.31E-06 1.01E-06
 165  1.377E+00 1.08E+00 4.31E-01 1.02E-01 1.35E-02 9.33E-04 1.29E-04 1.91E-05 6.29E-06 5.01E-06 4.08E-06 2.90E-06 2.29E-06 2.12E-06 1.90E-06 1.47E-06
 164  1.377E+00 1.56E+00 6.23E-01 1.47E-01 1.94E-02 1.35E-03 1.86E-04 2.74E-05 8.91E-06 7.08E-06 5.77E-06 4.10E-06 3.24E-06 2.99E-06 2.69E-06 2.08E-06
 163  1.377E+00 2.39E+00 9.56E-01 2.26E-01 2.98E-02 2.07E-03 2.85E-04 4.18E-05 1.35E-05 1.07E-05 8.70E-06 6.18E-06 4.89E-06 4.51E-06 4.06E-06 3.13E-06
 162  1.377E+00 3.29E+00 1.33E+00 3.14E-01 4.14E-02 2.87E-03 3.96E-04 5.79E-05 1.85E-05 1.47E-05 1.19E-05 8.47E-06 6.70E-06 6.19E-06 5.56E-06 4.29E-06
 161  1.376E+00 5.14E+00 2.09E+00 4.96E-01 6.56E-02 4.54E-03 6.27E-04 9.13E-05 2.89E-05 2.29E-05 1.86E-05 1.32E-05 1.05E-05 9.66E-06 8.68E-06 6.70E-06
 160  1.376E+00 6.79E+00 2.77E+00 6.58E-01 8.70E-02 6.03E-03 8.31E-04 1.21E-04 3.82E-05 3.02E-05 2.46E-05 1.75E-05 1.38E-05 1.27E-05 1.15E-05 8.84E-06
 159  1.375E+00 9.21E+00 3.77E+00 8.96E-01 1.18E-01 8.21E-03 1.13E-03 1.65E-04 5.18E-05 4.09E-05 3.33E-05 2.37E-05 1.87E-05 1.73E-05 1.55E-05 1.20E-05
 158  1.374E+00 1.24E+01 5.10E+00 1.21E+00 1.60E-01 1.11E-02 1.53E-03 2.22E-04 6.98E-05 5.52E-05 4.49E-05 3.19E-05 2.52E-05 2.33E-05 2.09E-05 1.61E-05
 157  1.373E+00 1.72E+01 7.08E+00 1.68E+00 2.23E-01 1.54E-02 2.13E-03 3.09E-04 9.68E-05 7.65E-05 6.22E-05 4.42E-05 3.49E-05 3.23E-05 2.90E-05 2.24E-05
 156  1.372E+00 2.27E+01 9.34E+00 2.22E+00 2.93E-01 2.03E-02 2.80E-03 4.07E-04 1.27E-04 1.01E-04 8.20E-05 5.82E-05 4.60E-05 4.25E-05 3.82E-05 2.95E-05
 155  1.370E+00 3.02E+01 1.25E+01 2.96E+00 3.92E-01 2.72E-02 3.74E-03 5.43E-04 1.70E-04 1.34E-04 1.09E-04 7.76E-05 6.13E-05 5.66E-05 5.09E-05 3.93E-05
 154  1.369E+00 3.72E+01 1.53E+01 3.65E+00 4.82E-01 3.34E-02 4.61E-03 6.68E-04 2.09E-04 1.65E-04 1.34E-04 9.54E-05 7.55E-05 6.97E-05 6.26E-05 4.84E-05
 153  1.367E+00 4.72E+01 1.95E+01 4.63E+00 6.12E-01 4.25E-02 5.85E-03 8.48E-04 2.65E-04 2.09E-04 1.71E-04 1.21E-04 9.57E-05 8.84E-05 7.95E-05 6.13E-05
 152  1.365E+00 5.81E+01 2.40E+01 5.71E+00 7.54E-01 5.23E-02 7.21E-03 1.04E-03 3.27E-04 2.58E-04 2.10E-04 1.49E-04 1.18E-04 1.09E-04 9.79E-05 7.56E-05
 151  1.360E+00 8.25E+01 3.41E+01 8.10E+00 1.07E+00 7.43E-02 1.02E-02 1.48E-03 4.64E-04 3.66E-04 2.98E-04 2.12E-04 1.67E-04 1.55E-04 1.39E-04 1.07E-04
 150  1.356E+00 1.06E+02 4.40E+01 1.05E+01 1.38E+00 9.59E-02 1.32E-02 1.92E-03 5.99E-04 4.73E-04 3.85E-04 2.73E-04 2.16E-04 2.00E-04 1.79E-04 1.38E-04
 149  1.352E+00 1.33E+02 5.51E+01 1.31E+01 1.73E+00 1.20E-01 1.66E-02 2.40E-03 7.49E-04 5.92E-04 4.82E-04 3.42E-04 2.70E-04 2.50E-04 2.24E-04 1.73E-04
 148  1.344E+00 1.90E+02 7.86E+01 1.87E+01 2.47E+00 1.71E-01 2.36E-02 3.42E-03 1.07E-03 8.44E-04 6.87E-04 4.88E-04 3.86E-04 3.56E-04 3.20E-04 2.47E-04
 147  1.336E+00 2.49E+02 1.03E+02 2.44E+01 3.23E+00 2.24E-01 3.09E-02 4.47E-03 1.40E-03 1.10E-03 8.99E-04 6.38E-04 5.05E-04 4.66E-04 4.19E-04 3.23E-04
 146  1.328E+00 3.11E+02 1.29E+02 3.06E+01 4.04E+00 2.80E-01 3.86E-02 5.60E-03 1.75E-03 1.38E-03 1.12E-03 7.98E-04 6.31E-04 5.83E-04 5.24E-04 4.04E-04
 145  1.319E+00 3.74E+02 1.55E+02 3.68E+01 4.86E+00 3.37E-01 4.64E-02 6.73E-03 2.10E-03 1.66E-03 1.35E-03 9.59E-04 7.58E-04 7.00E-04 6.29E-04 4.86E-04
 144  1.311E+00 4.40E+02 1.82E+02 4.33E+01 5.73E+00 3.97E-01 5.47E-02 7.93E-03 2.48E-03 1.96E-03 1.59E-03 1.13E-03 8.94E-04 8.25E-04 7.42E-04 5.72E-04
 143  1.303E+00 5.02E+02 2.07E+02 4.93E+01 6.52E+00 4.52E-01 6.23E-02 9.03E-03 2.82E-03 2.23E-03 1.81E-03 1.29E-03 1.02E-03 9.40E-04 8.45E-04 6.52E-04
 142  1.295E+00 5.66E+02 2.34E+02 5.57E+01 7.37E+00 5.11E-01 7.04E-02 1.02E-02 3.19E-03 2.52E-03 2.05E-03 1.45E-03 1.15E-03 1.06E-03 9.54E-04 7.37E-04
 141  1.287E+00 6.30E+02 2.60E+02 6.19E+01 8.19E+00 5.68E-01 7.83E-02 1.13E-02 3.54E-03 2.80E-03 2.28E-03 1.62E-03 1.28E-03 1.18E-03 1.06E-03 8.19E-04
 140  1.280E+00 6.88E+02 2.86E+02 6.82E+01 9.05E+00 6.28E-01 8.66E-02 1.25E-02 3.89E-03 3.07E-03 2.50E-03 1.78E-03 1.40E-03 1.30E-03 1.16E-03 8.99E-04
 139  1.272E+00 7.13E+02 3.10E+02 7.61E+01 1.11E+01 7.99E-01 1.11E-01 1.55E-02 4.36E-03 3.37E-03 2.73E-03 1.94E-03 1.53E-03 1.42E-03 1.27E-03 9.83E-04
 138  1.264E+00 7.40E+02 3.38E+02 8.33E+01 1.33E+01 9.96E-01 1.39E-01 1.90E-02 4.87E-03 3.68E-03 2.98E-03 2.11E-03 1.67E-03 1.54E-03 1.39E-03 1.07E-03
 137  1.256E+00 7.68E+02 3.67E+02 9.03E+01 1.54E+01 1.20E+00 1.68E-01 2.26E-02 5.38E-03 3.99E-03 3.22E-03 2.28E-03 1.80E-03 1.67E-03 1.50E-03 1.16E-03
 136  1.248E+00 7.96E+02 3.96E+02 9.71E+01 1.75E+01 1.41E+00 1.98E-01 2.63E-02 5.90E-03 4.30E-03 3.46E-03 2.45E-03 1.94E-03 1.79E-03 1.61E-03 1.24E-03
 135  1.241E+00 8.25E+02 4.26E+02 1.04E+02 1.96E+01 1.62E+00 2.28E-01 3.01E-02 6.43E-03 4.62E-03 3.71E-03 2.63E-03 2.08E-03 1.92E-03 1.72E-03 1.33E-03
 134  1.234E+00 8.50E+02 4.52E+02 1.10E+02 2.14E+01 1.81E+00 2.55E-01 3.34E-02 6.88E-03 4.89E-03 3.92E-03 2.77E-03 2.19E-03 2.03E-03 1.82E-03 1.41E-03
 133  1.228E+00 8.75E+02 4.78E+02 1.16E+02 2.32E+01 1.99E+00 2.82E-01 3.67E-02 7.35E-03 5.17E-03 4.13E-03 2.92E-03 2.31E-03 2.13E-03 1.92E-03 1.48E-03
 132  1.221E+00 9.01E+02 5.04E+02 1.22E+02 2.51E+01 2.19E+00 3.10E-01 4.02E-02 7.82E-03 5.45E-03 4.35E-03 3.08E-03 2.43E-03 2.25E-03 2.02E-03 1.56E-03
 131  1.215E+00 9.27E+02 5.31E+02 1.28E+02 2.69E+01 2.38E+00 3.37E-01 4.36E-02 8.29E-03 5.72E-03 4.56E-03 3.23E-03 2.55E-03 2.36E-03 2.12E-03 1.63E-03
 130  1.207E+00 9.58E+02 5.62E+02 1.36E+02 2.91E+01 2.61E+00 3.70E-01 4.77E-02 8.84E-03 6.05E-03 4.82E-03 3.41E-03 2.69E-03 2.49E-03 2.24E-03 1.73E-03
 129  1.201E+00 9.85E+02 5.88E+02 1.42E+02 3.09E+01 2.80E+00 3.98E-01 5.12E-02 9.32E-03 6.33E-03 5.03E-03 3.56E-03 2.81E-03 2.60E-03 2.34E-03 1.80E-03
 128  1.195E+00 1.01E+03 6.14E+02 1.48E+02 3.27E+01 2.99E+00 4.26E-01 5.46E-02 9.78E-03 6.61E-03 5.24E-03 3.71E-03 2.93E-03 2.71E-03 2.43E-03 1.88E-03
 127  1.188E+00 1.04E+03 6.43E+02 1.54E+02 3.47E+01 3.20E+00 4.56E-01 5.84E-02 1.03E-02 6.91E-03 5.48E-03 3.87E-03 3.06E-03 2.83E-03 2.54E-03 1.96E-03
 126  1.182E+00 1.07E+03 6.71E+02 1.61E+02 3.67E+01 3.42E+00 4.87E-01 6.22E-02 1.08E-02 7.21E-03 5.71E-03 4.04E-03 3.19E-03 2.95E-03 2.65E-03 2.05E-03
 125  1.175E+00 1.10E+03 7.00E+02 1.68E+02 3.87E+01 3.63E+00 5.19E-01 6.61E-02 1.13E-02 7.52E-03 5.95E-03 4.21E-03 3.32E-03 3.07E-03 2.76E-03 2.13E-03
 124  1.169E+00 1.13E+03 7.30E+02 1.75E+02 4.08E+01 3.86E+00 5.51E-01 7.01E-02 1.19E-02 7.83E-03 6.19E-03 4.38E-03 3.46E-03 3.19E-03 2.87E-03 2.22E-03
 123  1.162E+00 1.16E+03 7.59E+02 1.82E+02 4.30E+01 4.09E+00 5.85E-01 7.43E-02 1.24E-02 8.15E-03 6.44E-03 4.55E-03 3.59E-03 3.32E-03 2.98E-03 2.30E-03
 122  1.156E+00 1.19E+03 7.89E+02 1.88E+02 4.52E+01 4.33E+00 6.19E-01 7.85E-02 1.30E-02 8.47E-03 6.68E-03 4.72E-03 3.73E-03 3.44E-03 3.10E-03 2.39E-03
 121  1.149E+00 1.24E+03 8.16E+02 1.95E+02 4.77E+01 4.64E+00 6.65E-01 8.41E-02 1.36E-02 8.80E-03 6.93E-03 4.90E-03 3.87E-03 3.57E-03 3.21E-03 2.48E-03
 120  1.143E+00 1.29E+03 8.39E+02 2.01E+02 5.06E+01 5.06E+00 7.28E-01 9.18E-02 1.44E-02 9.16E-03 7.19E-03 5.08E-03 4.01E-03 3.70E-03 3.33E-03 2.57E-03
 119  1.136E+00 1.36E+03 8.61E+02 2.06E+02 5.37E+01 5.55E+00 8.03E-01 1.01E-01 1.53E-02 9.54E-03 7.46E-03 5.26E-03 4.16E-03 3.84E-03 3.45E-03 2.66E-03
 118  1.127E+00 1.45E+03 8.88E+02 2.13E+02 5.81E+01 6.24E+00 9.10E-01 1.14E-01 1.65E-02 1.00E-02 7.82E-03 5.51E-03 4.35E-03 4.02E-03 3.61E-03 2.79E-03
 117  1.118E+00 1.55E+03 9.15E+02 2.21E+02 6.31E+01 7.01E+00 1.03E+00 1.29E-01 1.79E-02 1.06E-02 8.20E-03 5.78E-03 4.57E-03 4.22E-03 3.79E-03 2.93E-03
 116  1.109E+00 1.66E+03 9.39E+02 2.28E+02 6.83E+01 7.78E+00 1.16E+00 1.45E-01 1.93E-02 1.12E-02 8.58E-03 6.04E-03 4.77E-03 4.41E-03 3.96E-03 3.06E-03
 115  1.100E+00 1.77E+03 9.63E+02 2.35E+02 7.38E+01 8.60E+00 1.29E+00 1.62E-01 2.08E-02 1.17E-02 8.98E-03 6.31E-03 4.99E-03 4.61E-03 4.14E-03 3.20E-03
 114  1.091E+00 1.88E+03 9.86E+02 2.42E+02 7.94E+01 9.41E+00 1.43E+00 1.79E-01 2.23E-02 1.23E-02 9.37E-03 6.58E-03 5.20E-03 4.80E-03 4.32E-03 3.33E-03
 113  1.082E+00 1.99E+03 1.01E+03 2.49E+02 8.55E+01 1.03E+01 1.58E+00 1.97E-01 2.39E-02 1.29E-02 9.79E-03 6.87E-03 5.43E-03 5.01E-03 4.51E-03 3.48E-03
 112  1.073E+00 2.11E+03 1.03E+03 2.57E+02 9.15E+01 1.12E+01 1.73E+00 2.16E-01 2.56E-02 1.35E-02 1.02E-02 7.16E-03 5.66E-03 5.22E-03 4.69E-03 3.63E-03
 111  1.064E+00 2.23E+03 1.06E+03 2.65E+02 9.79E+01 1.21E+01 1.89E+00 2.37E-01 2.73E-02 1.42E-02 1.06E-02 7.45E-03 5.89E-03 5.44E-03 4.89E-03 3.77E-03
 110  1.055E+00 2.35E+03 1.08E+03 2.72E+02 1.04E+02 1.29E+01 2.05E+00 2.57E-01 2.91E-02 1.48E-02 1.11E-02 7.74E-03 6.11E-03 5.64E-03 5.07E-03 3.92E-03
 109  1.047E+00 2.46E+03 1.10E+03 2.80E+02 1.10E+02 1.38E+01 2.22E+00 2.77E-01 3.08E-02 1.54E-02 1.15E-02 8.02E-03 6.34E-03 5.85E-03 5.26E-03 4.06E-03
 108  1.038E+00 2.58E+03 1.12E+03 2.88E+02 1.17E+02 1.47E+01 2.39E+00 2.99E-01 3.27E-02 1.61E-02 1.19E-02 8.31E-03 6.57E-03 6.06E-03 5.45E-03 4.21E-03
 107  1.030E+00 2.70E+03 1.14E+03 2.96E+02 1.23E+02 1.56E+01 2.56E+00 3.22E-01 3.46E-02 1.67E-02 1.23E-02 8.61E-03 6.80E-03 6.28E-03 5.64E-03 4.36E-03
 106  1.021E+00 2.82E+03 1.16E+03 3.05E+02 1.29E+02 1.65E+01 2.75E+00 3.46E-01 3.66E-02 1.74E-02 1.28E-02 8.92E-03 7.04E-03 6.50E-03 5.84E-03 4.51E-03
 105  1.013E+00 2.94E+03 1.19E+03 3.14E+02 1.36E+02 1.74E+01 2.94E+00 3.70E-01 3.86E-02 1.81E-02 1.32E-02 9.22E-03 7.28E-03 6.72E-03 6.04E-03 4.67E-03
 104  1.005E+00 3.07E+03 1.21E+03 3.23E+02 1.43E+02 1.84E+01 3.13E+00 3.95E-01 4.07E-02 1.88E-02 1.37E-02 9.53E-03 7.53E-03 6.95E-03 6.25E-03 4.82E-03
 103  9.965E-01 3.19E+03 1.23E+03 3.32E+02 1.49E+02 1.93E+01 3.33E+00 4.20E-01 4.28E-02 1.95E-02 1.41E-02 9.84E-03 7.77E-03 7.18E-03 6.45E-03 4.98E-03
 102  9.887E-01 3.31E+03 1.25E+03 3.41E+02 1.55E+02 2.02E+01 3.52E+00 4.45E-01 4.49E-02 2.02E-02 1.46E-02 1.01E-02 8.01E-03 7.39E-03 6.64E-03 5.13E-03
 101  9.813E-01 3.42E+03 1.27E+03 3.50E+02 1.61E+02 2.11E+01 3.71E+00 4.69E-01 4.69E-02 2.09E-02 1.50E-02 1.04E-02 8.24E-03 7.60E-03 6.83E-03 5.28E-03
 100  9.738E-01 3.54E+03 1.30E+03 3.60E+02 1.67E+02 2.20E+01 3.90E+00 4.95E-01 4.90E-02 2.15E-02 1.54E-02 1.07E-02 8.47E-03 7.82E-03 7.03E-03 5.43E-03
  99  9.658E-01 3.66E+03 1.32E+03 3.70E+02 1.74E+02 2.30E+01 4.13E+00 5.24E-01 5.14E-02 2.23E-02 1.59E-02 1.11E-02 8.73E-03 8.06E-03 7.24E-03 5.59E-03
  98  9.512E-01 3.89E+03 1.36E+03 3.91E+02 1.86E+02 2.49E+01 4.56E+00 5.81E-01 5.60E-02 2.37E-02 1.68E-02 1.17E-02 9.20E-03 8.49E-03 7.63E-03 5.90E-03
  97  9.360E-01 4.13E+03 1.41E+03 4.16E+02 1.98E+02 2.69E+01 5.08E+00 6.51E-01 6.16E-02 2.53E-02 1.78E-02 1.23E-02 9.71E-03 8.96E-03 8.06E-03 6.22E-03
  96  9.205E-01 4.35E+03 1.46E+03 4.47E+02 2.10E+02 2.89E+01 5.72E+00 7.37E-01 6.83E-02 2.71E-02 1.88E-02 1.30E-02 1.02E-02 9.46E-03 8.50E-03 6.56E-03
  95  9.046E-01 4.56E+03 1.50E+03 4.86E+02 2.23E+02 3.10E+01 6.51E+00 8.48E-01 7.66E-02 2.92E-02 1.99E-02 1.37E-02 1.08E-02 9.97E-03 8.96E-03 6.92E-03
  94  8.895E-01 4.72E+03 1.54E+03 5.32E+02 2.35E+02 3.28E+01 7.43E+00 9.78E-01 8.63E-02 3.13E-02 2.10E-02 1.44E-02 1.13E-02 1.05E-02 9.41E-03 7.27E-03
  93  8.737E-01 4.86E+03 1.57E+03 5.88E+02 2.47E+02 3.47E+01 8.56E+00 1.14E+00 9.82E-02 3.38E-02 2.22E-02 1.51E-02 1.19E-02 1.10E-02 9.89E-03 7.64E-03
  92  8.648E-01 4.92E+03 1.59E+03 6.24E+02 2.54E+02 3.56E+01 9.27E+00 1.24E+00 1.06E-01 3.53E-02 2.28E-02 1.55E-02 1.23E-02 1.13E-02 1.02E-02 7.85E-03
  91  8.550E-01 4.98E+03 1.60E+03 6.65E+02 2.62E+02 3.66E+01 1.01E+01 1.36E+00 1.14E-01 3.71E-02 2.36E-02 1.60E-02 1.26E-02 1.17E-02 1.05E-02 8.09E-03
  90  8.461E-01 5.02E+03 1.61E+03 7.06E+02 2.70E+02 3.75E+01 1.09E+01 1.48E+00 1.23E-01 3.87E-02 2.43E-02 1.65E-02 1.30E-02 1.20E-02 1.08E-02 8.31E-03
  89  8.367E-01 5.06E+03 1.62E+03 7.51E+02 2.78E+02 3.85E+01 1.18E+01 1.61E+00 1.32E-01 4.05E-02 2.51E-02 1.69E-02 1.33E-02 1.23E-02 1.11E-02 8.54E-03
  88  8.272E-01 5.10E+03 1.63E+03 7.99E+02 2.86E+02 3.94E+01 1.28E+01 1.75E+00 1.42E-01 4.24E-02 2.59E-02 1.74E-02 1.37E-02 1.27E-02 1.14E-02 8.78E-03
  87  8.178E-01 5.12E+03 1.64E+03 8.49E+02 2.94E+02 4.02E+01 1.38E+01 1.90E+00 1.53E-01 4.44E-02 2.67E-02 1.79E-02 1.41E-02 1.30E-02 1.17E-02 9.03E-03
  86  8.079E-01 5.15E+03 1.65E+03 9.04E+02 3.03E+02 4.11E+01 1.49E+01 2.06E+00 1.64E-01 4.65E-02 2.76E-02 1.84E-02 1.45E-02 1.34E-02 1.20E-02 9.29E-03
  85  7.985E-01 5.16E+03 1.65E+03 9.57E+02 3.12E+02 4.20E+01 1.59E+01 2.21E+00 1.75E-01 4.86E-02 2.85E-02 1.89E-02 1.49E-02 1.37E-02 1.24E-02 9.54E-03
  84  7.898E-01 5.18E+03 1.66E+03 1.01E+03 3.20E+02 4.27E+01 1.69E+01 2.36E+00 1.86E-01 5.05E-02 2.93E-02 1.94E-02 1.53E-02 1.41E-02 1.27E-02 9.78E-03
  83  7.818E-01 5.20E+03 1.66E+03 1.06E+03 3.28E+02 4.34E+01 1.79E+01 2.50E+00 1.96E-01 5.24E-02 3.00E-02 1.99E-02 1.56E-02 1.44E-02 1.29E-02 1.00E-02
  82  7.732E-01 5.21E+03 1.67E+03 1.11E+03 3.37E+02 4.42E+01 1.89E+01 2.65E+00 2.07E-01 5.44E-02 3.08E-02 2.03E-02 1.60E-02 1.48E-02 1.33E-02 1.02E-02
  81  7.645E-01 5.23E+03 1.67E+03 1.16E+03 3.45E+02 4.50E+01 2.00E+01 2.81E+00 2.18E-01 5.65E-02 3.17E-02 2.09E-02 1.64E-02 1.51E-02 1.36E-02 1.05E-02
  80  7.557E-01 5.25E+03 1.68E+03 1.22E+03 3.54E+02 4.58E+01 2.11E+01 2.97E+00 2.30E-01 5.86E-02 3.26E-02 2.14E-02 1.68E-02 1.55E-02 1.39E-02 1.08E-02
  79  7.470E-01 5.27E+03 1.68E+03 1.27E+03 3.63E+02 4.66E+01 2.22E+01 3.13E+00 2.41E-01 6.08E-02 3.34E-02 2.19E-02 1.72E-02 1.59E-02 1.43E-02 1.10E-02
  78  7.384E-01 5.29E+03 1.69E+03 1.33E+03 3.72E+02 4.75E+01 2.33E+01 3.30E+00 2.53E-01 6.30E-02 3.43E-02 2.24E-02 1.76E-02 1.63E-02 1.46E-02 1.13E-02
  77  7.296E-01 5.31E+03 1.70E+03 1.39E+03 3.82E+02 4.83E+01 2.45E+01 3.47E+00 2.66E-01 6.52E-02 3.53E-02 2.30E-02 1.81E-02 1.67E-02 1.50E-02 1.16E-02
  76  7.147E-01 5.34E+03 1.71E+03 1.49E+03 3.99E+02 4.99E+01 2.65E+01 3.77E+00 2.87E-01 6.92E-02 3.69E-02 2.40E-02 1.88E-02 1.74E-02 1.56E-02 1.20E-02
  75  6.991E-01 5.38E+03 1.72E+03 1.60E+03 4.17E+02 5.15E+01 2.88E+01 4.09E+00 3.10E-01 7.36E-02 3.87E-02 2.50E-02 1.96E-02 1.81E-02 1.63E-02 1.26E-02
  74  6.841E-01 5.42E+03 1.73E+03 1.71E+03 4.35E+02 5.32E+01 3.10E+01 4.42E+00 3.34E-01 7.79E-02 4.05E-02 2.61E-02 2.05E-02 1.89E-02 1.70E-02 1.31E-02
  73  6.684E-01 5.46E+03 1.74E+03 1.83E+03 4.55E+02 5.50E+01 3.34E+01 4.77E+00 3.59E-01 8.25E-02 4.24E-02 2.72E-02 2.13E-02 1.97E-02 1.77E-02 1.37E-02
  72  6.531E-01 5.50E+03 1.75E+03 1.95E+03 4.75E+02 5.68E+01 3.59E+01 5.13E+00 3.85E-01 8.73E-02 4.43E-02 2.84E-02 2.22E-02 2.05E-02 1.84E-02 1.42E-02
  71  6.377E-01 5.54E+03 1.77E+03 2.08E+03 4.95E+02 5.87E+01 3.84E+01 5.50E+00 4.12E-01 9.22E-02 4.63E-02 2.96E-02 2.32E-02 2.14E-02 1.92E-02 1.48E-02
  70  6.222E-01 5.58E+03 1.78E+03 2.22E+03 5.17E+02 6.07E+01 4.11E+01 5.89E+00 4.40E-01 9.74E-02 4.85E-02 3.08E-02 2.42E-02 2.23E-02 2.00E-02 1.55E-02
  69  6.060E-01 5.63E+03 1.79E+03 2.36E+03 5.41E+02 6.28E+01 4.40E+01 6.32E+00 4.70E-01 1.03E-01 5.07E-02 3.22E-02 2.52E-02 2.33E-02 2.09E-02 1.61E-02
  68  5.935E-01 5.67E+03 1.80E+03 2.47E+03 5.60E+02 6.46E+01 4.63E+01 6.65E+00 4.94E-01 1.07E-01 5.26E-02 3.33E-02 2.61E-02 2.40E-02 2.16E-02 1.67E-02
  67  5.808E-01 5.71E+03 1.81E+03 2.60E+03 5.79E+02 6.64E+01 4.87E+01 7.01E+00 5.20E-01 1.12E-01 5.45E-02 3.44E-02 2.70E-02 2.49E-02 2.23E-02 1.73E-02
  66  5.678E-01 5.75E+03 1.83E+03 2.72E+03 6.00E+02 6.83E+01 5.12E+01 7.38E+00 5.46E-01 1.17E-01 5.65E-02 3.56E-02 2.79E-02 2.57E-02 2.31E-02 1.79E-02
  65  5.551E-01 5.79E+03 1.84E+03 2.85E+03 6.22E+02 7.02E+01 5.38E+01 7.76E+00 5.74E-01 1.22E-01 5.86E-02 3.68E-02 2.89E-02 2.66E-02 2.39E-02 1.85E-02
  64  5.423E-01 5.84E+03 1.85E+03 2.99E+03 6.43E+02 7.22E+01 5.65E+01 8.16E+00 6.02E-01 1.27E-01 6.07E-02 3.81E-02 2.98E-02 2.75E-02 2.47E-02 1.91E-02
  63  5.293E-01 5.88E+03 1.87E+03 3.13E+03 6.67E+02 7.43E+01 5.94E+01 8.57E+00 6.32E-01 1.33E-01 6.30E-02 3.94E-02 3.09E-02 2.85E-02 2.56E-02 1.98E-02
  62  5.167E-01 5.93E+03 1.88E+03 3.27E+03 6.90E+02 7.64E+01 6.22E+01 8.99E+00 6.62E-01 1.38E-01 6.52E-02 4.08E-02 3.19E-02 2.94E-02 2.64E-02 2.04E-02
  61  5.038E-01 5.98E+03 1.89E+03 3.42E+03 7.14E+02 7.86E+01 6.52E+01 9.42E+00 6.93E-01 1.44E-01 6.76E-02 4.22E-02 3.30E-02 3.04E-02 2.73E-02 2.11E-02
  60  4.953E-01 6.01E+03 1.90E+03 3.52E+03 7.31E+02 8.02E+01 6.72E+01 9.72E+00 7.14E-01 1.48E-01 6.92E-02 4.31E-02 3.38E-02 3.11E-02 2.80E-02 2.16E-02
  59  4.866E-01 6.04E+03 1.91E+03 3.63E+03 7.48E+02 8.17E+01 6.94E+01 1.00E+01 7.37E-01 1.52E-01 7.09E-02 4.41E-02 3.45E-02 3.19E-02 2.86E-02 2.21E-02
  58  4.782E-01 6.08E+03 1.92E+03 3.74E+03 7.65E+02 8.33E+01 7.15E+01 1.03E+01 7.59E-01 1.56E-01 7.25E-02 4.51E-02 3.53E-02 3.26E-02 2.92E-02 2.26E-02
  57  4.691E-01 6.11E+03 1.93E+03 3.85E+03 7.84E+02 8.50E+01 7.38E+01 1.07E+01 7.83E-01 1.61E-01 7.44E-02 4.62E-02 3.62E-02 3.33E-02 3.00E-02 2.31E-02
  56  4.607E-01 6.15E+03 1.94E+03 3.96E+03 8.02E+02 8.67E+01 7.60E+01 1.10E+01 8.06E-01 1.65E-01 7.61E-02 4.72E-02 3.70E-02 3.41E-02 3.06E-02 2.37E-02
  55  4.524E-01 6.18E+03 1.95E+03 4.08E+03 8.21E+02 8.83E+01 7.82E+01 1.13E+01 8.30E-01 1.69E-01 7.79E-02 4.83E-02 3.78E-02 3.48E-02 3.13E-02 2.42E-02
  54  4.435E-01 6.22E+03 1.97E+03 4.20E+03 8.41E+02 9.02E+01 8.07E+01 1.17E+01 8.55E-01 1.74E-01 7.98E-02 4.94E-02 3.87E-02 3.57E-02 3.20E-02 2.47E-02
  53  4.346E-01 6.26E+03 1.98E+03 4.33E+03 8.61E+02 9.21E+01 8.32E+01 1.21E+01 8.82E-01 1.79E-01 8.18E-02 5.06E-02 3.96E-02 3.65E-02 3.28E-02 2.53E-02
  52  4.201E-01 6.32E+03 2.00E+03 4.54E+03 8.96E+02 9.52E+01 8.74E+01 1.27E+01 9.27E-01 1.87E-01 8.52E-02 5.26E-02 4.12E-02 3.80E-02 3.41E-02 2.63E-02
  51  4.049E-01 6.40E+03 2.02E+03 4.78E+03 9.35E+02 9.87E+01 9.21E+01 1.34E+01 9.76E-01 1.96E-01 8.89E-02 5.48E-02 4.29E-02 3.96E-02 3.55E-02 2.74E-02
  50  3.902E-01 6.47E+03 2.04E+03 5.01E+03 9.73E+02 1.02E+02 9.68E+01 1.41E+01 1.03E+00 2.05E-01 9.26E-02 5.70E-02 4.46E-02 4.11E-02 3.69E-02 2.85E-02
  49  3.750E-01 6.54E+03 2.06E+03 5.27E+03 1.01E+03 1.06E+02 1.02E+02 1.48E+01 1.08E+00 2.15E-01 9.66E-02 5.94E-02 4.65E-02 4.29E-02 3.85E-02 2.97E-02
  48  3.667E-01 6.59E+03 2.07E+03 5.41E+03 1.04E+03 1.08E+02 1.05E+02 1.52E+01 1.11E+00 2.21E-01 9.89E-02 6.08E-02 4.75E-02 4.38E-02 3.94E-02 3.04E-02
  47  3.582E-01 6.63E+03 2.09E+03 5.56E+03 1.06E+03 1.10E+02 1.08E+02 1.57E+01 1.14E+00 2.27E-01 1.01E-01 6.22E-02 4.86E-02 4.48E-02 4.03E-02 3.11E-02
  46  3.496E-01 6.68E+03 2.10E+03 5.72E+03 1.09E+03 1.13E+02 1.11E+02 1.61E+01 1.17E+00 2.33E-01 1.04E-01 6.37E-02 4.98E-02 4.59E-02 4.12E-02 3.18E-02
  45  3.410E-01 6.72E+03 2.11E+03 5.88E+03 1.12E+03 1.15E+02 1.14E+02 1.66E+01 1.21E+00 2.39E-01 1.06E-01 6.52E-02 5.09E-02 4.70E-02 4.22E-02 3.26E-02
  44  3.324E-01 6.77E+03 2.13E+03 6.05E+03 1.14E+03 1.18E+02 1.17E+02 1.71E+01 1.24E+00 2.45E-01 1.09E-01 6.67E-02 5.21E-02 4.81E-02 4.32E-02 3.34E-02
  43  3.239E-01 6.82E+03 2.14E+03 6.22E+03 1.17E+03 1.20E+02 1.21E+02 1.76E+01 1.28E+00 2.52E-01 1.12E-01 6.83E-02 5.34E-02 4.92E-02 4.42E-02 3.42E-02
  42  3.154E-01 6.87E+03 2.16E+03 6.39E+03 1.20E+03 1.23E+02 1.24E+02 1.81E+01 1.31E+00 2.59E-01 1.14E-01 6.99E-02 5.47E-02 5.04E-02 4.53E-02 3.50E-02
  41  3.068E-01 6.92E+03 2.17E+03 6.58E+03 1.23E+03 1.25E+02 1.28E+02 1.86E+01 1.35E+00 2.66E-01 1.17E-01 7.16E-02 5.60E-02 5.16E-02 4.64E-02 3.58E-02
  40  2.927E-01 7.01E+03 2.20E+03 6.89E+03 1.28E+03 1.30E+02 1.34E+02 1.95E+01 1.42E+00 2.78E-01 1.22E-01 7.45E-02 5.82E-02 5.37E-02 4.82E-02 3.73E-02
  39  2.787E-01 7.10E+03 2.22E+03 7.21E+03 1.33E+03 1.35E+02 1.40E+02 2.05E+01 1.48E+00 2.90E-01 1.27E-01 7.76E-02 6.06E-02 5.59E-02 5.02E-02 3.88E-02
  38  2.646E-01 7.19E+03 2.25E+03 7.56E+03 1.39E+03 1.40E+02 1.47E+02 2.15E+01 1.56E+00 3.03E-01 1.33E-01 8.08E-02 6.31E-02 5.82E-02 5.23E-02 4.04E-02
  37  2.507E-01 7.28E+03 2.28E+03 7.92E+03 1.45E+03 1.45E+02 1.54E+02 2.25E+01 1.63E+00 3.17E-01 1.38E-01 8.41E-02 6.57E-02 6.06E-02 5.44E-02 4.20E-02
  36  2.420E-01 7.34E+03 2.29E+03 8.15E+03 1.48E+03 1.49E+02 1.59E+02 2.32E+01 1.68E+00 3.26E-01 1.42E-01 8.63E-02 6.74E-02 6.22E-02 5.58E-02 4.31E-02
  35  2.334E-01 7.40E+03 2.31E+03 8.39E+03 1.52E+03 1.52E+02 1.64E+02 2.39E+01 1.73E+00 3.35E-01 1.46E-01 8.86E-02 6.92E-02 6.38E-02 5.73E-02 4.42E-02
  34  2.248E-01 7.46E+03 2.33E+03 8.64E+03 1.56E+03 1.56E+02 1.69E+02 2.46E+01 1.78E+00 3.45E-01 1.49E-01 9.09E-02 7.10E-02 6.54E-02 5.88E-02 4.54E-02
  33  2.162E-01 7.53E+03 2.35E+03 8.90E+03 1.61E+03 1.60E+02 1.74E+02 2.53E+01 1.83E+00 3.54E-01 1.54E-01 9.33E-02 7.28E-02 6.72E-02 6.03E-02 4.66E-02
  32  2.077E-01 7.59E+03 2.37E+03 9.16E+03 1.65E+03 1.63E+02 1.79E+02 2.61E+01 1.89E+00 3.64E-01 1.58E-01 9.57E-02 7.47E-02 6.89E-02 6.19E-02 4.78E-02
  31  1.993E-01 7.65E+03 2.38E+03 9.43E+03 1.69E+03 1.67E+02 1.84E+02 2.69E+01 1.94E+00 3.75E-01 1.62E-01 9.82E-02 7.67E-02 7.07E-02 6.35E-02 4.91E-02
  30  1.907E-01 7.72E+03 2.40E+03 9.72E+03 1.74E+03 1.72E+02 1.90E+02 2.77E+01 2.00E+00 3.86E-01 1.66E-01 1.01E-01 7.88E-02 7.27E-02 6.52E-02 5.04E-02
  29  1.823E-01 7.78E+03 2.42E+03 1.00E+04 1.79E+03 1.76E+02 1.95E+02 2.86E+01 2.06E+00 3.97E-01 1.71E-01 1.04E-01 8.09E-02 7.46E-02 6.70E-02 5.18E-02
  28  1.697E-01 7.88E+03 2.45E+03 1.05E+04 1.86E+03 1.83E+02 2.05E+02 2.99E+01 2.16E+00 4.15E-01 1.78E-01 1.08E-01 8.43E-02 7.78E-02 6.98E-02 5.40E-02
  27  1.572E-01 7.98E+03 2.48E+03 1.10E+04 1.94E+03 1.90E+02 2.14E+02 3.13E+01 2.26E+00 4.34E-01 1.86E-01 1.13E-01 8.79E-02 8.11E-02 7.28E-02 5.62E-02
  26  1.449E-01 8.08E+03 2.51E+03 1.15E+04 2.03E+03 1.98E+02 2.25E+02 3.29E+01 2.37E+00 4.54E-01 1.94E-01 1.18E-01 9.18E-02 8.46E-02 7.60E-02 5.87E-02
  25  1.326E-01 8.18E+03 2.53E+03 1.21E+04 2.12E+03 2.06E+02 2.36E+02 3.45E+01 2.49E+00 4.75E-01 2.03E-01 1.23E-01 9.59E-02 8.84E-02 7.94E-02 6.13E-02
  24  1.232E-01 8.26E+03 2.55E+03 1.25E+04 2.20E+03 2.13E+02 2.45E+02 3.58E+01 2.58E+00 4.93E-01 2.10E-01 1.27E-01 9.92E-02 9.15E-02 8.22E-02 6.35E-02
  23  1.139E-01 8.34E+03 2.58E+03 1.30E+04 2.28E+03 2.20E+02 2.54E+02 3.72E+01 2.68E+00 5.12E-01 2.18E-01 1.32E-01 1.03E-01 9.48E-02 8.51E-02 6.57E-02
  22  1.047E-01 8.42E+03 2.60E+03 1.36E+04 2.36E+03 2.28E+02 2.64E+02 3.87E+01 2.79E+00 5.31E-01 2.26E-01 1.37E-01 1.07E-01 9.83E-02 8.82E-02 6.82E-02
  21  9.549E-02 8.51E+03 2.62E+03 1.41E+04 2.45E+03 2.36E+02 2.75E+02 4.03E+01 2.91E+00 5.53E-01 2.35E-01 1.42E-01 1.11E-01 1.02E-01 9.16E-02 7.08E-02
  20  8.879E-02 8.58E+03 2.64E+03 1.46E+04 2.52E+03 2.42E+02 2.84E+02 4.15E+01 3.00E+00 5.69E-01 2.42E-01 1.46E-01 1.14E-01 1.05E-01 9.42E-02 7.28E-02
  19  8.230E-02 8.65E+03 2.66E+03 1.50E+04 2.60E+03 2.49E+02 2.92E+02 4.28E+01 3.09E+00 5.87E-01 2.49E-01 1.50E-01 1.17E-01 1.08E-01 9.70E-02 7.49E-02
  18  7.543E-02 8.74E+03 2.69E+03 1.55E+04 2.68E+03 2.57E+02 3.03E+02 4.43E+01 3.19E+00 6.06E-01 2.57E-01 1.55E-01 1.21E-01 1.11E-01 1.00E-01 7.73E-02
  17  6.878E-02 8.83E+03 2.71E+03 1.61E+04 2.77E+03 2.65E+02 3.13E+02 4.59E+01 3.30E+00 6.27E-01 2.65E-01 1.60E-01 1.25E-01 1.15E-01 1.03E-01 7.98E-02
  16  6.229E-02 8.94E+03 2.75E+03 1.67E+04 2.86E+03 2.73E+02 3.24E+02 4.75E+01 3.42E+00 6.48E-01 2.74E-01 1.65E-01 1.29E-01 1.19E-01 1.07E-01 8.25E-02
  15  5.603E-02 9.06E+03 2.79E+03 1.73E+04 2.96E+03 2.82E+02 3.36E+02 4.92E+01 3.55E+00 6.71E-01 2.84E-01 1.71E-01 1.33E-01 1.23E-01 1.10E-01 8.53E-02
  14  4.961E-02 9.21E+03 2.84E+03 1.79E+04 3.07E+03 2.92E+02 3.49E+02 5.12E+01 3.69E+00 6.97E-01 2.94E-01 1.77E-01 1.38E-01 1.27E-01 1.14E-01 8.84E-02
  13  4.388E-02 9.38E+03 2.89E+03 1.86E+04 3.18E+03 3.02E+02 3.63E+02 5.31E+01 3.83E+00 7.23E-01 3.05E-01 1.83E-01 1.43E-01 1.32E-01 1.19E-01 9.16E-02
  12  3.573E-02 9.67E+03 3.00E+03 1.97E+04 3.36E+03 3.19E+02 3.85E+02 5.63E+01 4.06E+00 7.66E-01 3.23E-01 1.94E-01 1.51E-01 1.40E-01 1.25E-01 9.68E-02
  11  2.799E-02 1.00E+04 3.14E+03 2.10E+04 3.57E+03 3.39E+02 4.11E+02 6.01E+01 4.33E+00 8.16E-01 3.43E-01 2.06E-01 1.61E-01 1.48E-01 1.33E-01 1.03E-01
  10  1.785E-02 1.07E+04 3.47E+03 2.34E+04 3.96E+03 3.76E+02 4.57E+02 6.68E+01 4.81E+00 9.07E-01 3.80E-01 2.28E-01 1.78E-01 1.64E-01 1.47E-01 1.14E-01
   9  8.963E-03 1.18E+04 4.35E+03 2.66E+04 4.49E+03 4.32E+02 5.22E+02 7.61E+01 5.48E+00 1.03E+00 4.32E-01 2.59E-01 2.02E-01 1.86E-01 1.67E-01 1.29E-01
   8  4.488E-03 1.27E+04 5.80E+03 2.91E+04 4.88E+03 4.85E+02 5.70E+02 8.29E+01 5.97E+00 1.13E+00 4.72E-01 2.83E-01 2.21E-01 2.03E-01 1.83E-01 1.41E-01
   7  2.659E-03 1.34E+04 6.87E+03 3.06E+04 5.14E+03 5.20E+02 6.00E+02 8.73E+01 6.29E+00 1.19E+00 4.97E-01 2.98E-01 2.33E-01 2.15E-01 1.93E-01 1.49E-01
   6  1.078E-03 1.43E+04 8.35E+03 3.28E+04 5.49E+03 5.70E+02 6.43E+02 9.34E+01 6.73E+00 1.27E+00 5.33E-01 3.20E-01 2.50E-01 2.30E-01 2.07E-01 1.60E-01
   5  6.187E-04 1.48E+04 9.44E+03 3.38E+04 5.65E+03 5.97E+02 6.62E+02 9.62E+01 6.93E+00 1.31E+00 5.50E-01 3.30E-01 2.58E-01 2.38E-01 2.13E-01 1.65E-01
   4  2.242E-04 1.57E+04 1.11E+04 3.54E+04 5.91E+03 6.40E+02 6.93E+02 1.01E+02 7.24E+00 1.37E+00 5.77E-01 3.47E-01 2.70E-01 2.49E-01 2.24E-01 1.73E-01
   3  7.530E-05 1.65E+04 1.27E+04 3.69E+04 6.15E+03 6.83E+02 7.23E+02 1.05E+02 7.55E+00 1.43E+00 6.03E-01 3.62E-01 2.83E-01 2.61E-01 2.34E-01 1.81E-01
   2  5.209E-07 1.88E+04 1.72E+04 4.09E+04 6.81E+03 7.97E+02 8.03E+02 1.16E+02 8.36E+00 1.59E+00 6.72E-01 4.04E-01 3.16E-01 2.91E-01 2.61E-01 2.02E-01
   1  4.720E-08 1.93E+04 1.81E+04 4.19E+04 6.96E+03 8.21E+02 8.21E+02 1.19E+02 8.54E+00 1.63E+00 6.87E-01 4.14E-01 3.23E-01 2.98E-01 2.67E-01 2.06E-01
   0  0.000E+00 8.61E+13 1.76E+14 1.40E+14 2.27E+13 4.21E+12 2.76E+12 3.86E+11 2.78E+10 5.51E+09 2.41E+09 1.47E+09 1.15E+09 1.06E+09 9.52E+08 7.36E+08
