izn          menc_Msun       radius_cm         tau3keV         tau6keV         tau1keV         tau2keV         tau5keV        tau10keV        tau20keV        tau50keV       tau100keV       tau200keV       tau500keV       tau847keV      tau1000keV      tau1238keV      tau2000keV
0         4.720683e-08    6.480000e+12    2.635660e+00    4.332710e+00    6.917346e-01    1.779712e+00    3.830199e+00    5.899509e+00    7.741989e+00    8.578468e+00    8.009837e+00    6.766580e+00    4.860814e+00    3.849724e+00    3.557861e+00    3.196291e+00    2.467040e+00
1         5.209976e-07    1.335917e+13    2.609024e+00    4.289894e+00    6.846974e-01    1.761592e+00    3.792133e+00    5.841740e+00    7.666869e+00    8.496133e+00    7.933345e+00    6.702163e+00    4.814614e+00    3.813146e+00    3.524058e+00    3.165925e+00    2.443605e+00
2         7.531176e-05    7.143552e+13    2.572462e+00    4.231122e+00    6.750379e-01    1.736720e+00    3.739881e+00    5.762445e+00    7.563756e+00    8.383116e+00    7.828348e+00    6.613741e+00    4.751199e+00    3.762939e+00    3.477659e+00    3.124245e+00    2.411437e+00
3         2.241859e-04    1.354579e+14    2.288296e+00    3.774341e+00    5.999624e-01    1.543412e+00    3.333771e+00    5.146152e+00    6.762344e+00    7.504729e+00    7.012298e+00    5.926511e+00    4.258324e+00    3.372715e+00    3.117040e+00    2.800296e+00    2.161422e+00
4         6.187699e-04    1.993766e+14    2.181824e+00    3.603192e+00    5.718328e-01    1.470983e+00    3.181609e+00    4.915237e+00    6.462069e+00    7.175612e+00    6.706538e+00    5.669018e+00    4.073652e+00    3.226505e+00    2.981921e+00    2.678918e+00    2.067745e+00
5         1.078353e-03    2.554157e+14    2.071976e+00    3.426618e+00    5.428114e-01    1.396257e+00    3.024622e+00    4.677001e+00    6.152273e+00    6.836061e+00    6.391083e+00    5.403361e+00    3.883125e+00    3.075659e+00    2.842519e+00    2.553692e+00    1.971099e+00
6         2.659219e-03    3.293395e+14    2.002136e+00    3.314354e+00    5.243601e-01    1.348748e+00    2.924812e+00    4.525534e+00    5.955310e+00    6.620179e+00    6.190522e+00    5.234460e+00    3.761991e+00    2.979754e+00    2.753890e+00    2.474074e+00    1.909653e+00
7         4.488850e-03    4.115578e+14    1.856860e+00    3.080830e+00    4.859786e-01    1.249921e+00    2.717194e+00    4.210461e+00    5.545597e+00    6.171114e+00    5.773326e+00    4.883122e+00    3.510014e+00    2.780256e+00    2.569527e+00    2.308459e+00    1.781835e+00
8         8.964167e-03    5.235840e+14    1.751996e+00    2.912267e+00    4.582740e-01    1.178586e+00    2.567330e+00    3.983035e+00    5.249859e+00    5.846969e+00    5.472185e+00    4.629519e+00    3.328133e+00    2.636255e+00    2.436450e+00    2.188915e+00    1.689574e+00
9         1.784998e-02    6.376320e+14    1.591098e+00    2.653631e+00    4.157652e-01    1.069132e+00    2.337385e+00    3.634081e+00    4.796088e+00    5.349614e+00    5.010126e+00    4.240400e+00    3.049060e+00    2.415305e+00    2.232262e+00    2.005491e+00    1.548012e+00
10        2.799012e-02    8.221824e+14    1.383591e+00    2.320075e+00    3.609427e-01    9.279720e-01    2.040831e+00    3.184044e+00    4.210872e+00    4.708188e+00    4.414219e+00    3.738563e+00    2.689147e+00    2.130351e+00    1.968926e+00    1.768933e+00    1.365443e+00
11        3.573537e-02    8.932032e+14    1.234072e+00    2.079731e+00    3.214405e-01    8.262598e-01    1.827150e+00    2.859770e+00    3.789195e+00    4.246008e+00    3.984839e+00    3.376964e+00    2.429811e+00    1.925028e+00    1.779178e+00    1.598481e+00    1.233893e+00
12        4.388573e-02    9.979200e+14    1.150970e+00    1.946148e+00    2.994853e-01    7.697285e-01    1.708386e+00    2.679538e+00    3.554825e+00    3.989127e+00    3.746187e+00    3.175985e+00    2.285671e+00    1.810908e+00    1.673716e+00    1.503743e+00    1.160776e+00
13        4.961839e-02    1.043539e+15    1.079053e+00    1.830544e+00    2.804851e-01    7.208059e-01    1.605606e+00    2.523563e+00    3.351998e+00    3.766816e+00    3.539652e+00    3.002054e+00    2.160929e+00    1.712145e+00    1.582446e+00    1.421754e+00    1.097499e+00
14        5.603555e-02    1.111968e+15    1.035609e+00    1.760708e+00    2.690073e-01    6.912524e-01    1.543517e+00    2.429339e+00    3.229470e+00    3.632518e+00    3.414884e+00    2.896981e+00    2.085572e+00    1.652483e+00    1.527310e+00    1.372225e+00    1.059274e+00
15        6.230036e-02    1.144627e+15    9.919965e-01    1.690601e+00    2.574851e-01    6.615846e-01    1.481188e+00    2.334748e+00    3.106465e+00    3.497696e+00    3.289629e+00    2.791498e+00    2.009920e+00    1.592587e+00    1.471958e+00    1.322502e+00    1.020899e+00
16        6.878357e-02    1.212538e+15    9.531417e-01    1.628140e+00    2.472199e-01    6.351535e-01    1.425657e+00    2.250473e+00    2.996872e+00    3.377573e+00    3.178029e+00    2.697514e+00    1.942515e+00    1.539221e+00    1.422640e+00    1.278199e+00    9.867071e-01
17        7.543748e-02    1.241050e+15    9.162995e-01    1.568914e+00    2.374865e-01    6.100914e-01    1.373002e+00    2.170561e+00    2.892953e+00    3.263668e+00    3.072205e+00    2.608394e+00    1.878599e+00    1.488616e+00    1.375875e+00    1.236189e+00    9.542850e-01
18        8.230894e-02    1.307405e+15    8.814026e-01    1.512809e+00    2.282670e-01    5.863533e-01    1.323124e+00    2.094858e+00    2.794503e+00    3.155751e+00    2.971943e+00    2.523957e+00    1.818040e+00    1.440670e+00    1.331566e+00    1.196386e+00    9.235660e-01
19        8.879927e-02    1.338509e+15    8.480085e-01    1.459119e+00    2.194447e-01    5.636377e-01    1.275392e+00    2.022411e+00    2.700284e+00    3.052470e+00    2.875986e+00    2.443145e+00    1.760082e+00    1.394782e+00    1.289159e+00    1.158292e+00    8.941658e-01
20        9.550118e-02    1.396051e+15    8.187499e-01    1.412073e+00    2.117150e-01    5.437357e-01    1.233569e+00    1.958927e+00    2.617719e+00    2.961959e+00    2.791892e+00    2.372323e+00    1.709287e+00    1.354567e+00    1.251994e+00    1.124906e+00    8.683996e-01
21        1.046808e-01    1.431302e+15    7.906072e-01    1.366748e+00    2.042818e-01    5.246010e-01    1.193293e+00    1.897715e+00    2.538046e+00    2.874539e+00    2.710634e+00    2.303872e+00    1.660187e+00    1.315691e+00    1.216068e+00    1.092633e+00    8.434918e-01
22        1.138890e-01    1.502323e+15    7.546415e-01    1.308773e+00    1.947835e-01    5.001530e-01    1.141790e+00    1.819386e+00    2.436048e+00    2.762568e+00    2.606534e+00    2.216165e+00    1.597270e+00    1.265876e+00    1.170032e+00    1.051278e+00    8.115744e-01
23        1.231733e-01    1.545350e+15    7.212872e-01    1.254927e+00    1.859767e-01    4.774892e-01    1.093974e+00    1.746582e+00    2.341174e+00    2.658330e+00    2.509585e+00    2.134465e+00    1.538655e+00    1.219466e+00    1.127142e+00    1.012748e+00    7.818379e-01
24        1.326445e-01    1.608077e+15    6.908092e-01    1.205359e+00    1.779376e-01    4.568209e-01    1.050047e+00    1.679317e+00    2.253205e+00    2.561283e+00    2.419157e+00    2.058173e+00    1.483888e+00    1.176097e+00    1.087061e+00    9.767425e-01    7.540480e-01
25        1.448927e-01    1.659917e+15    6.619424e-01    1.158317e+00    1.703256e-01    4.372558e-01    1.008382e+00    1.615419e+00    2.169558e+00    2.468906e+00    2.333036e+00    1.985494e+00    1.431706e+00    1.134774e+00    1.048872e+00    9.424348e-01    7.275687e-01
26        1.572242e-01    1.726790e+15    6.273516e-01    1.101855e+00    1.612064e-01    4.138215e-01    9.583957e-01    1.538663e+00    2.069000e+00    2.357753e+00    2.229369e+00    1.897985e+00    1.368870e+00    1.085012e+00    1.002883e+00    9.011205e-01    6.956812e-01
27        1.697169e-01    1.801440e+15    5.957683e-01    1.049838e+00    1.528906e-01    3.924770e-01    9.124578e-01    1.467644e+00    1.975563e+00    2.253983e+00    2.132380e+00    1.816006e+00    1.309964e+00    1.038357e+00    9.597650e-01    8.623837e-01    6.657821e-01
28        1.823643e-01    1.841875e+15    5.670436e-01    1.002102e+00    1.453372e-01    3.731124e-01    8.704038e-01    1.402191e+00    1.889091e+00    2.157504e+00    2.042018e+00    1.739533e+00    1.254980e+00    9.948015e-01    9.195107e-01    8.262189e-01    6.378671e-01
29        1.907107e-01    1.913933e+15    5.404313e-01    9.574919e-01    1.383480e-01    3.552151e-01    8.311958e-01    1.340774e+00    1.807635e+00    2.066230e+00    1.956365e+00    1.666960e+00    1.202769e+00    9.534384e-01    8.812816e-01    7.918727e-01    6.113549e-01
30        1.993106e-01    1.934669e+15    5.242396e-01    9.301522e-01    1.341000e-01    3.443481e-01    8.072135e-01    1.303007e+00    1.757383e+00    2.009723e+00    1.903254e+00    1.621918e+00    1.170349e+00    9.277517e-01    8.575407e-01    7.705427e-01    5.948897e-01
31        2.077098e-01    1.991174e+15    5.085904e-01    9.035821e-01    1.299978e-01    3.338618e-01    7.839408e-01    1.266209e+00    1.708303e+00    1.954389e+00    1.851185e+00    1.577729e+00    1.138531e+00    9.025402e-01    8.342389e-01    7.496068e-01    5.787284e-01
32        2.161876e-01    2.017613e+15    4.941058e-01    8.788642e-01    1.262036e-01    3.241698e-01    7.623198e-01    1.231898e+00    1.662439e+00    1.902557e+00    1.802362e+00    1.536268e+00    1.108668e+00    8.788765e-01    8.123672e-01    7.299556e-01    5.635585e-01
33        2.247936e-01    2.065306e+15    4.802725e-01    8.551400e-01    1.225827e-01    3.149269e-01    7.415953e-01    1.198891e+00    1.618225e+00    1.852477e+00    1.755140e+00    1.496142e+00    1.079758e+00    8.559666e-01    7.911921e-01    7.109301e-01    5.488714e-01
34        2.333907e-01    2.093299e+15    4.669065e-01    8.321091e-01    1.190866e-01    3.060084e-01    7.215017e-01    1.166781e+00    1.575126e+00    1.803556e+00    1.708968e+00    1.456888e+00    1.051468e+00    8.335462e-01    7.704693e-01    6.923106e-01    5.344975e-01
35        2.420309e-01    2.143584e+15    4.541960e-01    8.101047e-01    1.157643e-01    2.975389e-01    7.023273e-01    1.136037e+00    1.533782e+00    1.756528e+00    1.664542e+00    1.419096e+00    1.024225e+00    8.119547e-01    7.505124e-01    6.743791e-01    5.206545e-01
36        2.507676e-01    2.174688e+15    4.420344e-01    7.889567e-01    1.125876e-01    2.894457e-01    6.839207e-01    1.106432e+00    1.493894e+00    1.711068e+00    1.621562e+00    1.382516e+00    9.978481e-01    7.910486e-01    7.311889e-01    6.570166e-01    5.072505e-01
37        2.646089e-01    2.229638e+15    4.303315e-01    7.685172e-01    1.095328e-01    2.816678e-01    6.661513e-01    1.077763e+00    1.455200e+00    1.666886e+00    1.579754e+00    1.346917e+00    9.721720e-01    7.706968e-01    7.123775e-01    6.401140e-01    4.942014e-01
38        2.787225e-01    2.290810e+15    4.127324e-01    7.376314e-01    1.049422e-01    2.699879e-01    6.393338e-01    1.034351e+00    1.396491e+00    1.599712e+00    1.516133e+00    1.292715e+00    9.330688e-01    7.397006e-01    6.837272e-01    6.143705e-01    4.743268e-01
39        2.927237e-01    2.343168e+15    3.959577e-01    7.080172e-01    1.005707e-01    2.588748e-01    6.136601e-01    9.926180e-01    1.339921e+00    1.534823e+00    1.454611e+00    1.240268e+00    8.952185e-01    7.096955e-01    6.559927e-01    5.894497e-01    4.550869e-01
40        3.067863e-01    2.417299e+15    3.803511e-01    6.803084e-01    9.650706e-02    2.485532e-01    5.896736e-01    9.534745e-01    1.286741e+00    1.473681e+00    1.396582e+00    1.190769e+00    8.594860e-01    6.813676e-01    6.298082e-01    5.659212e-01    4.369216e-01
41        3.153916e-01    2.448403e+15    3.656886e-01    6.541440e-01    9.269232e-02    2.388709e-01    5.670536e-01    9.164327e-01    1.236318e+00    1.415589e+00    1.341400e+00    1.143674e+00    8.254794e-01    6.544065e-01    6.048869e-01    5.435275e-01    4.196322e-01
42        3.239460e-01    2.501280e+15    3.571880e-01    6.389130e-01    9.048211e-02    2.332645e-01    5.538997e-01    8.948323e-01    1.206868e+00    1.381605e+00    1.309095e+00    1.116092e+00    8.055589e-01    6.386124e-01    5.902877e-01    5.304089e-01    4.095037e-01
43        3.324567e-01    2.521498e+15    3.490734e-01    6.243373e-01    8.837310e-02    2.279168e-01    5.413197e-01    8.741392e-01    1.178628e+00    1.348985e+00    1.278074e+00    1.089599e+00    7.864227e-01    6.234399e-01    5.762629e-01    5.178064e-01    3.997736e-01
44        3.410041e-01    2.574893e+15    3.412850e-01    6.103105e-01    8.634970e-02    2.227883e-01    5.292218e-01    8.542033e-01    1.151394e+00    1.317495e+00    1.248113e+00    1.064006e+00    7.679337e-01    6.087800e-01    5.627119e-01    5.056296e-01    3.903721e-01
45        3.496075e-01    2.598221e+15    3.337319e-01    5.966757e-01    8.438815e-02    2.178182e-01    5.174689e-01    8.348054e-01    1.124872e+00    1.286799e+00    1.218898e+00    1.039043e+00    7.498981e-01    5.944794e-01    5.494930e-01    4.937512e-01    3.812008e-01
46        3.581894e-01    2.645395e+15    3.263918e-01    5.833973e-01    8.248259e-02    2.129915e-01    5.060295e-01    8.158977e-01    1.098999e+00    1.256830e+00    1.190365e+00    1.014658e+00    7.322782e-01    5.805081e-01    5.365784e-01    4.821461e-01    3.722406e-01
47        3.667499e-01    2.668723e+15    3.192998e-01    5.705429e-01    8.064197e-02    2.083307e-01    4.949607e-01    7.975791e-01    1.073914e+00    1.227753e+00    1.162671e+00    9.909867e-01    7.151720e-01    5.669438e-01    5.240400e-01    4.708791e-01    3.635414e-01
48        3.750346e-01    2.716416e+15    3.124447e-01    5.580938e-01    7.886339e-02    2.038283e-01    4.842463e-01    7.798239e-01    1.049583e+00    1.199529e+00    1.135781e+00    9.679980e-01    6.985579e-01    5.537695e-01    5.118621e-01    4.599358e-01    3.550921e-01
49        3.902739e-01    2.754259e+15    3.060118e-01    5.463914e-01    7.719481e-02    1.996055e-01    4.741790e-01    7.631216e-01    1.026681e+00    1.172944e+00    1.110446e+00    9.463350e-01    6.829005e-01    5.413537e-01    5.003852e-01    4.496226e-01    3.471292e-01
50        4.048997e-01    2.833056e+15    2.946111e-01    5.256038e-01    7.423880e-02    1.921271e-01    4.563062e-01    7.334239e-01    9.859234e-01    1.125592e+00    1.065304e+00    9.077273e-01    6.549929e-01    5.192232e-01    4.799284e-01    4.312398e-01    3.329356e-01
51        4.201812e-01    2.875565e+15    2.841912e-01    5.065518e-01    7.153865e-02    1.852983e-01    4.399368e-01    7.061761e-01    9.484924e-01    1.082061e+00    1.023787e+00    8.722105e-01    6.293164e-01    4.988615e-01    4.611064e-01    4.143260e-01    3.198762e-01
52        4.346103e-01    2.955398e+15    2.738204e-01    4.875430e-01    6.885299e-02    1.785076e-01    4.236142e-01    6.789660e-01    9.110832e-01    1.038519e+00    9.822438e-01    8.366641e-01    6.036156e-01    4.784801e-01    4.422661e-01    3.973957e-01    3.068040e-01
53        4.435754e-01    2.991686e+15    2.644800e-01    4.703869e-01    6.643560e-02    1.723963e-01    4.088897e-01    6.543896e-01    8.772722e-01    9.991362e-01    9.446582e-01    8.044980e-01    5.803568e-01    4.600349e-01    4.252157e-01    3.820736e-01    2.949735e-01
54        4.524555e-01    3.043526e+15    2.589204e-01    4.601594e-01    6.499742e-02    1.687608e-01    4.001150e-01    6.397304e-01    8.570951e-01    9.756220e-01    9.222119e-01    7.852857e-01    5.664637e-01    4.490169e-01    4.150308e-01    3.729212e-01    2.879066e-01
55        4.607864e-01    3.065818e+15    2.535855e-01    4.503351e-01    6.361779e-02    1.652736e-01    3.916883e-01    6.256444e-01    8.377007e-01    9.530124e-01    9.006259e-01    7.668082e-01    5.531014e-01    4.384198e-01    4.052349e-01    3.641183e-01    2.811096e-01
56        4.691676e-01    3.116621e+15    2.487119e-01    4.413516e-01    6.235784e-02    1.620892e-01    3.839845e-01    6.127594e-01    8.199547e-01    9.323179e-01    8.808656e-01    7.498921e-01    5.408677e-01    4.287176e-01    3.962664e-01    3.560589e-01    2.748867e-01
57        4.782464e-01    3.141504e+15    2.439333e-01    4.325356e-01    6.112281e-02    1.589678e-01    3.764258e-01    6.001111e-01    8.025301e-01    9.119924e-01    8.614554e-01    7.332744e-01    5.288494e-01    4.191863e-01    3.874556e-01    3.481412e-01    2.687732e-01
58        4.866133e-01    3.188678e+15    2.388907e-01    4.232248e-01    5.981989e-02    1.556750e-01    3.684445e-01    5.867492e-01    7.841178e-01    8.905091e-01    8.409372e-01    7.157070e-01    5.161437e-01    4.091097e-01    3.781409e-01    3.397707e-01    2.623101e-01
59        4.953515e-01    3.221338e+15    2.343562e-01    4.148459e-01    5.864856e-02    1.527149e-01    3.612631e-01    5.747217e-01    7.675406e-01    8.711622e-01    8.224575e-01    6.998840e-01    5.046994e-01    4.000334e-01    3.697508e-01    3.322310e-01    2.564884e-01
60        5.038872e-01    3.263846e+15    2.297451e-01    4.063192e-01    5.745776e-02    1.497057e-01    3.539564e-01    5.624791e-01    7.506634e-01    8.514607e-01    8.036372e-01    6.837683e-01    4.930430e-01    3.907888e-01    3.612052e-01    3.245516e-01    2.505589e-01
61        5.167221e-01    3.312576e+15    2.253511e-01    3.981886e-01    5.632330e-02    1.468389e-01    3.469901e-01    5.508026e-01    7.345635e-01    8.326625e-01    7.856783e-01    6.683893e-01    4.819192e-01    3.819666e-01    3.530500e-01    3.172230e-01    2.449002e-01
62        5.293631e-01    3.359232e+15    2.189367e-01    3.863103e-01    5.466767e-02    1.426552e-01    3.368145e-01    5.337399e-01    7.110318e-01    8.051805e-01    7.594205e-01    6.459024e-01    4.656536e-01    3.690664e-01    3.411251e-01    3.065068e-01    2.366258e-01
63        5.423567e-01    3.424032e+15    2.128102e-01    3.749550e-01    5.308686e-02    1.386607e-01    3.270889e-01    5.174241e-01    6.885245e-01    7.788879e-01    7.342962e-01    6.243846e-01    4.500884e-01    3.567216e-01    3.297136e-01    2.962520e-01    2.287076e-01
64        5.551301e-01    3.475354e+15    2.067281e-01    3.636733e-01    5.151805e-02    1.346965e-01    3.174280e-01    5.012102e-01    6.661532e-01    7.527478e-01    7.093151e-01    6.029883e-01    4.346106e-01    3.444460e-01    3.183661e-01    2.860546e-01    2.208337e-01
65        5.678792e-01    3.538598e+15    2.009572e-01    3.529612e-01    5.002996e-02    1.309362e-01    3.082562e-01    4.858117e-01    6.449029e-01    7.279125e-01    6.855789e-01    5.826569e-01    4.199028e-01    3.327811e-01    3.075830e-01    2.763644e-01    2.133515e-01
66        5.808353e-01    3.598733e+15    1.953914e-01    3.426230e-01    4.859520e-02    1.273107e-01    2.994059e-01    4.709481e-01    6.243876e-01    7.039316e-01    6.626574e-01    5.630225e-01    4.056987e-01    3.215156e-01    2.971692e-01    2.670061e-01    2.061256e-01
67        5.935844e-01    3.651091e+15    1.899353e-01    3.324829e-01    4.718913e-02    1.237575e-01    2.907261e-01    4.563670e-01    6.042594e-01    6.803995e-01    6.401633e-01    5.437533e-01    3.917586e-01    3.104594e-01    2.869489e-01    2.578216e-01    1.990338e-01
68        6.060591e-01    3.719520e+15    1.847370e-01    3.228169e-01    4.584987e-02    1.203731e-01    2.824530e-01    4.424658e-01    5.850675e-01    6.579589e-01    6.187112e-01    5.253761e-01    3.784636e-01    2.999148e-01    2.772014e-01    2.490620e-01    1.922701e-01
69        6.222196e-01    3.771360e+15    1.798205e-01    3.136704e-01    4.458353e-02    1.171728e-01    2.746254e-01    4.293105e-01    5.669034e-01    6.367175e-01    5.984045e-01    5.079795e-01    3.658776e-01    2.899325e-01    2.679738e-01    2.407697e-01    1.858672e-01
70        6.377325e-01    3.857414e+15    1.736590e-01    3.022030e-01    4.299697e-02    1.131631e-01    2.648122e-01    4.128154e-01    5.441262e-01    6.100785e-01    5.729365e-01    4.861605e-01    3.500921e-01    2.774126e-01    2.564003e-01    2.303692e-01    1.778365e-01
71        6.531381e-01    3.919622e+15    1.679611e-01    2.915936e-01    4.153021e-02    1.094559e-01    2.557340e-01    3.975532e-01    5.230498e-01    5.854261e-01    5.493667e-01    4.659672e-01    3.354824e-01    2.658252e-01    2.456889e-01    2.207434e-01    1.704039e-01
72        6.684412e-01    4.001011e+15    1.625197e-01    2.814578e-01    4.012988e-02    1.059163e-01    2.470617e-01    3.829716e-01    5.029121e-01    5.618698e-01    5.268440e-01    4.466705e-01    3.215213e-01    2.547521e-01    2.354529e-01    2.115448e-01    1.633013e-01
73        6.841289e-01    4.067885e+15    1.573115e-01    2.717533e-01    3.878996e-02    1.025291e-01    2.387589e-01    3.690099e-01    4.836298e-01    5.393127e-01    5.052761e-01    4.281915e-01    3.081516e-01    2.441481e-01    2.256506e-01    2.027359e-01    1.564995e-01
74        6.991308e-01    4.148755e+15    1.521687e-01    2.621681e-01    3.746722e-02    9.918500e-02    2.305584e-01    3.552196e-01    4.645840e-01    5.170312e-01    4.839714e-01    4.099377e-01    2.949447e-01    2.336732e-01    2.159676e-01    1.940343e-01    1.497805e-01
75        7.148173e-01    4.219258e+15    1.474274e-01    2.533292e-01    3.624807e-02    9.610251e-02    2.229967e-01    3.425031e-01    4.470210e-01    4.964840e-01    4.643245e-01    3.931042e-01    2.827653e-01    2.240133e-01    2.070379e-01    1.860096e-01    1.435843e-01
76        7.296348e-01    4.293389e+15    1.426344e-01    2.443950e-01    3.501818e-02    9.298890e-02    2.153511e-01    3.296613e-01    4.292988e-01    4.757616e-01    4.445145e-01    3.761323e-01    2.704864e-01    2.142745e-01    1.980353e-01    1.779194e-01    1.373374e-01
77        7.384454e-01    4.354042e+15    1.382598e-01    2.362396e-01    3.389594e-02    9.014750e-02    2.083721e-01    3.179394e-01    4.131225e-01    4.568469e-01    4.264324e-01    3.606409e-01    2.592785e-01    2.053851e-01    1.898179e-01    1.705349e-01    1.316355e-01
78        7.471127e-01    4.399661e+15    1.357392e-01    2.315399e-01    3.324943e-02    8.851043e-02    2.043503e-01    3.111847e-01    4.038013e-01    4.459479e-01    4.160132e-01    3.517144e-01    2.528202e-01    2.002629e-01    1.850829e-01    1.662798e-01    1.283499e-01
79        7.557563e-01    4.439059e+15    1.333195e-01    2.270281e-01    3.262888e-02    8.693903e-02    2.004894e-01    3.047002e-01    3.948530e-01    4.354847e-01    4.060107e-01    3.431449e-01    2.466203e-01    1.953455e-01    1.805373e-01    1.621948e-01    1.251957e-01
80        7.645501e-01    4.488826e+15    1.309531e-01    2.226155e-01    3.202198e-02    8.540226e-02    1.967134e-01    2.983579e-01    3.861005e-01    4.252503e-01    3.962267e-01    3.347625e-01    2.405556e-01    1.905354e-01    1.760908e-01    1.581990e-01    1.221104e-01
81        7.732437e-01    4.523040e+15    1.285948e-01    2.182173e-01    3.141703e-02    8.387064e-02    1.929499e-01    2.920354e-01    3.773744e-01    4.150457e-01    3.864708e-01    3.264041e-01    2.345083e-01    1.857391e-01    1.716571e-01    1.542146e-01    1.190338e-01
82        7.818658e-01    4.576435e+15    1.263094e-01    2.139542e-01    3.083041e-02    8.238608e-02    1.893026e-01    2.859051e-01    3.689108e-01    4.051460e-01    3.770056e-01    3.182943e-01    2.286407e-01    1.810853e-01    1.673551e-01    1.503487e-01    1.160487e-01
83        7.899225e-01    4.613760e+15    1.240917e-01    2.098160e-01    3.026042e-02    8.094487e-02    1.857630e-01    2.799499e-01    3.606842e-01    3.955189e-01    3.677993e-01    3.104058e-01    2.229331e-01    1.765583e-01    1.631703e-01    1.465880e-01    1.131449e-01
84        7.985691e-01    4.661453e+15    1.220688e-01    2.060392e-01    2.973926e-02    7.962925e-02    1.825341e-01    2.745078e-01    3.531582e-01    3.867047e-01    3.593678e-01    3.031801e-01    2.177045e-01    1.724112e-01    1.593368e-01    1.431430e-01    1.104848e-01
85        8.079366e-01    4.705517e+15    1.199451e-01    2.020730e-01    2.919073e-02    7.824669e-02    1.791444e-01    2.687861e-01    3.452378e-01    3.774222e-01    3.504858e-01    2.955673e-01    2.121958e-01    1.680419e-01    1.552977e-01    1.395132e-01    1.076820e-01
86        8.179097e-01    4.753210e+15    1.176579e-01    1.978261e-01    2.859945e-02    7.675501e-02    1.755098e-01    2.626736e-01    3.367936e-01    3.675460e-01    3.410438e-01    2.874787e-01    2.063440e-01    1.634008e-01    1.510074e-01    1.356578e-01    1.047051e-01
87        8.273126e-01    4.805050e+15    1.152404e-01    1.933600e-01    2.797393e-02    7.517571e-02    1.716825e-01    2.562588e-01    3.279480e-01    3.572193e-01    3.311788e-01    2.790316e-01    2.002344e-01    1.585553e-01    1.465283e-01    1.316327e-01    1.015971e-01
88        8.367806e-01    4.844448e+15    1.129769e-01    1.892024e-01    2.738772e-02    7.369432e-02    1.681146e-01    2.503013e-01    3.197500e-01    3.476689e-01    3.220635e-01    2.712304e-01    1.945934e-01    1.540817e-01    1.423930e-01    1.279166e-01    9.872785e-02
89        8.461851e-01    4.897325e+15    1.107049e-01    1.850563e-01    2.679872e-02    7.220441e-02    1.645506e-01    2.443761e-01    3.116156e-01    3.382153e-01    3.130499e-01    2.635209e-01    1.890203e-01    1.496623e-01    1.383078e-01    1.242455e-01    9.589341e-02
90        8.550618e-01    4.942944e+15    1.084484e-01    1.809699e-01    2.621300e-02    7.072106e-02    1.610311e-01    2.385546e-01    3.036465e-01    3.289808e-01    3.042560e-01    2.560048e-01    1.835891e-01    1.453557e-01    1.343269e-01    1.206683e-01    9.313144e-02
91        8.648939e-01    4.991674e+15    1.063141e-01    1.771389e-01    2.565822e-02    6.931418e-02    1.577240e-01    2.331173e-01    2.962283e-01    3.204144e-01    2.961105e-01    2.490489e-01    1.785649e-01    1.413722e-01    1.306447e-01    1.173595e-01    9.057682e-02
92        8.737440e-01    5.038848e+15    1.039348e-01    1.729108e-01    2.503879e-02    6.774102e-02    1.540648e-01    2.271423e-01    2.881080e-01    3.110750e-01    2.872454e-01    2.414862e-01    1.731052e-01    1.370438e-01    1.266438e-01    1.137645e-01    8.780124e-02
93        8.896015e-01    5.091725e+15    1.017883e-01    1.691282e-01    2.447925e-02    6.631822e-02    1.507840e-01    2.218160e-01    2.808931e-01    3.028054e-01    2.794073e-01    2.348056e-01    1.682844e-01    1.332223e-01    1.231116e-01    1.105906e-01    8.535084e-02
94        9.046597e-01    5.176742e+15    9.784677e-02    1.622987e-01    2.344915e-02    6.369250e-02    1.448342e-01    2.122704e-01    2.680512e-01    2.881927e-01    2.656008e-01    2.230598e-01    1.598167e-01    1.265111e-01    1.169084e-01    1.050169e-01    8.104804e-02
95        9.206303e-01    5.251392e+15    9.402410e-02    1.557921e-01    2.244744e-02    6.113279e-02    1.391388e-01    2.032489e-01    2.560055e-01    2.745960e-01    2.527998e-01    2.121926e-01    1.519907e-01    1.203098e-01    1.111768e-01    9.986731e-02    7.707278e-02
96        9.361180e-01    5.329152e+15    8.987783e-02    1.488681e-01    2.135791e-02    5.834139e-02    1.330470e-01    1.937332e-01    2.434064e-01    2.605047e-01    2.395875e-01    2.010036e-01    1.439431e-01    1.139346e-01    1.052847e-01    9.457367e-02    7.298663e-02
97        9.513030e-01    5.406912e+15    8.581759e-02    1.421785e-01    2.028892e-02    5.559769e-02    1.271398e-01    1.845983e-01    2.313859e-01    2.471522e-01    2.271064e-01    1.904537e-01    1.363623e-01    1.079303e-01    9.973557e-02    8.958842e-02    6.913874e-02
98        9.658515e-01    5.495040e+15    8.184706e-02    1.356956e-01    1.924221e-02    5.290799e-02    1.214009e-01    1.757841e-01    2.198370e-01    2.343847e-01    2.151980e-01    1.804009e-01    1.291436e-01    1.022137e-01    9.445238e-02    8.484222e-02    6.547549e-02
99        9.738664e-01    5.552064e+15    7.809170e-02    1.296004e-01    1.825140e-02    5.035995e-02    1.159964e-01    1.675212e-01    2.090413e-01    2.224883e-01    2.041184e-01    1.710563e-01    1.224365e-01    9.690264e-02    8.954414e-02    8.043295e-02    6.207238e-02
100       9.813692e-01    5.603904e+15    7.606403e-02    1.263163e-01    1.771626e-02    4.898337e-02    1.130827e-01    1.630737e-01    2.032364e-01    2.160989e-01    1.981710e-01    1.660417e-01    1.188379e-01    9.405319e-02    8.691080e-02    7.806733e-02    6.024660e-02
101       9.888321e-01    5.640192e+15    7.419522e-02    1.232936e-01    1.722296e-02    4.771420e-02    1.104000e-01    1.589829e-01    1.979005e-01    2.102302e-01    1.927100e-01    1.614383e-01    1.155348e-01    9.143770e-02    8.449369e-02    7.589596e-02    5.857075e-02
102       9.965635e-01    5.692032e+15    7.236176e-02    1.203300e-01    1.673894e-02    4.646882e-02    1.077691e-01    1.549733e-01    1.926723e-01    2.044820e-01    1.873620e-01    1.569306e-01    1.123004e-01    8.887673e-02    8.212697e-02    7.376988e-02    5.692985e-02
103       1.004756e+00    5.733504e+15    7.048873e-02    1.173040e-01    1.624444e-02    4.519636e-02    1.050826e-01    1.508805e-01    1.873370e-01    1.986176e-01    1.819068e-01    1.523329e-01    1.090016e-01    8.626478e-02    7.971313e-02    7.160146e-02    5.525628e-02
104       1.013115e+00    5.790528e+15    6.853301e-02    1.141462e-01    1.572808e-02    4.386755e-02    1.022786e-01    1.466106e-01    1.817724e-01    1.925033e-01    1.762198e-01    1.475403e-01    1.055632e-01    8.354224e-02    7.719710e-02    6.934125e-02    5.351188e-02
105       1.021507e+00    5.837184e+15    6.656894e-02    1.109763e-01    1.520947e-02    4.253290e-02    9.946349e-02    1.423252e-01    1.761886e-01    1.863693e-01    1.705152e-01    1.427331e-01    1.021144e-01    8.081155e-02    7.467355e-02    6.707428e-02    5.176226e-02
106       1.030064e+00    5.894208e+15    6.462944e-02    1.078474e-01    1.469732e-02    4.121479e-02    9.668445e-02    1.380961e-01    1.706794e-01    1.803187e-01    1.648887e-01    1.379921e-01    9.871317e-02    7.811856e-02    7.218483e-02    6.483861e-02    5.003680e-02
107       1.038422e+00    5.946048e+15    6.268461e-02    1.047111e-01    1.418374e-02    3.989294e-02    9.389855e-02    1.338578e-01    1.651593e-01    1.742574e-01    1.592529e-01    1.332435e-01    9.530663e-02    7.542135e-02    6.969222e-02    6.259945e-02    4.830865e-02
108       1.046840e+00    6.008256e+15    6.081687e-02    1.017005e-01    1.369049e-02    3.862331e-02    9.122398e-02    1.297904e-01    1.598630e-01    1.684434e-01    1.538476e-01    1.286895e-01    9.203979e-02    7.283478e-02    6.730186e-02    6.045214e-02    4.665139e-02
109       1.055287e+00    6.065280e+15    5.896773e-02    9.872189e-02    1.320210e-02    3.736611e-02    8.857735e-02    1.257675e-01    1.546264e-01    1.626972e-01    1.485063e-01    1.241899e-01    8.881218e-02    7.027930e-02    6.494023e-02    5.833065e-02    4.501406e-02
110       1.063788e+00    6.122304e+15    5.714282e-02    9.578540e-02    1.272005e-02    3.612504e-02    8.596735e-02    1.218036e-01    1.494693e-01    1.570415e-01    1.432505e-01    1.197631e-01    8.563705e-02    6.776541e-02    6.261705e-02    5.624371e-02    4.340341e-02
111       1.072765e+00    6.189696e+15    5.533584e-02    9.287987e-02    1.224281e-02    3.489606e-02    8.338426e-02    1.178834e-01    1.443715e-01    1.514537e-01    1.380592e-01    1.153912e-01    8.250147e-02    6.528288e-02    6.032285e-02    5.418280e-02    4.181285e-02
112       1.081702e+00    6.251904e+15    5.346307e-02    8.986850e-02    1.174860e-02    3.362274e-02    8.070677e-02    1.138222e-01    1.390925e-01    1.456692e-01    1.326858e-01    1.108662e-01    7.925629e-02    6.271358e-02    5.794846e-02    5.204986e-02    4.016671e-02
113       1.090993e+00    6.319296e+15    5.162718e-02    8.691135e-02    1.126723e-02    3.237808e-02    7.807642e-02    1.098438e-01    1.339329e-01    1.400245e-01    1.274457e-01    1.064547e-01    7.609275e-02    6.020896e-02    5.563387e-02    4.997065e-02    3.856203e-02
114       1.099793e+00    6.391872e+15    4.975124e-02    8.388651e-02    1.077727e-02    3.110847e-02    7.538521e-02    1.057804e-01    1.286701e-01    1.342724e-01    1.221081e-01    1.019618e-01    7.287108e-02    5.765836e-02    5.327678e-02    4.785326e-02    3.692790e-02
115       1.108856e+00    6.459264e+15    4.800729e-02    8.107153e-02    1.032358e-02    2.993028e-02    7.288010e-02    1.020044e-01    1.237865e-01    1.289398e-01    1.171619e-01    9.779892e-02    6.988629e-02    5.529532e-02    5.109303e-02    4.589160e-02    3.541394e-02
116       1.117776e+00    6.531840e+15    4.624003e-02    7.821400e-02    9.866813e-03    2.873979e-02    7.033612e-02    9.818072e-02    1.188523e-01    1.235606e-01    1.121757e-01    9.360358e-02    6.687852e-02    5.291413e-02    4.889252e-02    4.391488e-02    3.388838e-02
117       1.127102e+00    6.604416e+15    4.452703e-02    7.543882e-02    9.427321e-03    2.758961e-02    6.786436e-02    9.447732e-02    1.140856e-01    1.183734e-01    1.073711e-01    8.956227e-02    6.398154e-02    5.062070e-02    4.677312e-02    4.201103e-02    3.241906e-02
118       1.135905e+00    6.671808e+15    4.275418e-02    7.255639e-02    8.978695e-03    2.640644e-02    6.529496e-02    9.065007e-02    1.091829e-01    1.130562e-01    1.024533e-01    8.542800e-02    6.101860e-02    4.827516e-02    4.460558e-02    4.006396e-02    3.091640e-02
119       1.142626e+00    6.734016e+15    4.109363e-02    6.984590e-02    8.564921e-03    2.530564e-02    6.287669e-02    8.707103e-02    1.046224e-01    1.081288e-01    9.790337e-02    8.160552e-02    5.827984e-02    4.610718e-02    4.260215e-02    3.826431e-02    2.952752e-02
120       1.149251e+00    6.780672e+15    3.982876e-02    6.777107e-02    8.255909e-03    2.447427e-02    6.102347e-02    8.435032e-02    1.011789e-01    1.044264e-01    9.449173e-02    7.874170e-02    5.622864e-02    4.448357e-02    4.110179e-02    3.691659e-02    2.848742e-02
121       1.155793e+00    6.827328e+15    3.857239e-02    6.569646e-02    7.957280e-03    2.365810e-02    5.916768e-02    8.165535e-02    9.779941e-02    1.008174e-01    9.117591e-02    7.596155e-02    5.423833e-02    4.290829e-02    3.964611e-02    3.560902e-02    2.747834e-02
122       1.162289e+00    6.873984e+15    3.729251e-02    6.355747e-02    7.668514e-03    2.284450e-02    5.724920e-02    7.892378e-02    9.443266e-02    9.726825e-02    8.793358e-02    7.324922e-02    5.229839e-02    4.137312e-02    3.822757e-02    3.433485e-02    2.649505e-02
123       1.168905e+00    6.920640e+15    3.599425e-02    6.136830e-02    7.387374e-03    2.203284e-02    5.528185e-02    7.616352e-02    9.107547e-02    9.376518e-02    8.474799e-02    7.058925e-02    5.039735e-02    3.986895e-02    3.683770e-02    3.308647e-02    2.553168e-02
124       1.175488e+00    6.956928e+15    3.468091e-02    5.915010e-02    7.105146e-03    2.121426e-02    5.328771e-02    7.337316e-02    8.769000e-02    9.023937e-02    8.154449e-02    6.791527e-02    4.848657e-02    3.835711e-02    3.544076e-02    3.183174e-02    2.456342e-02
125       1.182080e+00    6.998400e+15    3.338458e-02    5.695841e-02    6.827909e-03    2.040782e-02    5.131698e-02    7.062012e-02    8.435493e-02    8.677023e-02    7.839420e-02    6.528627e-02    4.660811e-02    3.687086e-02    3.406747e-02    3.059826e-02    2.361157e-02
126       1.188603e+00    7.045056e+15    3.209734e-02    5.478058e-02    6.553536e-03    1.960811e-02    4.935840e-02    6.788722e-02    8.104778e-02    8.333301e-02    7.527408e-02    6.268286e-02    4.474805e-02    3.539919e-02    3.270765e-02    2.937688e-02    2.266905e-02
127       1.195201e+00    7.081344e+15    3.083737e-02    5.264800e-02    6.285505e-03    1.882594e-02    4.744036e-02    6.521268e-02    7.781329e-02    7.997297e-02    7.222470e-02    6.013870e-02    4.293038e-02    3.396107e-02    3.137883e-02    2.818335e-02    2.174803e-02
128       1.201248e+00    7.122816e+15    2.957613e-02    5.051263e-02    6.017589e-03    1.804344e-02    4.551968e-02    6.253579e-02    7.457744e-02    7.661272e-02    6.917562e-02    5.759497e-02    4.111307e-02    3.252324e-02    3.005029e-02    2.699007e-02    2.082719e-02
129       1.207538e+00    7.164288e+15    2.843162e-02    4.857436e-02    5.774800e-03    1.733374e-02    4.377617e-02    6.010695e-02    7.164269e-02    7.356619e-02    6.641165e-02    5.528922e-02    3.946583e-02    3.121998e-02    2.884608e-02    2.590846e-02    1.999253e-02
130       1.215021e+00    7.205760e+15    2.725324e-02    4.657806e-02    5.525222e-03    1.660349e-02    4.198033e-02    5.760658e-02    6.862304e-02    7.043277e-02    6.356935e-02    5.291832e-02    3.777209e-02    2.987993e-02    2.760788e-02    2.479633e-02    1.913432e-02
131       1.221374e+00    7.252416e+15    2.586634e-02    4.422802e-02    5.231783e-03    1.574437e-02    3.986619e-02    5.466404e-02    6.507055e-02    6.674738e-02    6.022675e-02    5.013021e-02    3.578035e-02    2.830411e-02    2.615184e-02    2.348853e-02    1.812513e-02
132       1.227920e+00    7.293888e+15    2.470287e-02    4.225645e-02    4.985689e-03    1.502375e-02    3.809250e-02    5.219562e-02    6.209073e-02    6.365630e-02    5.742328e-02    4.779184e-02    3.410990e-02    2.698249e-02    2.493068e-02    2.239169e-02    1.727872e-02
133       1.234360e+00    7.340544e+15    2.351772e-02    4.024779e-02    4.735220e-03    1.428993e-02    3.628538e-02    4.968137e-02    5.905640e-02    6.050935e-02    5.456941e-02    4.541152e-02    3.240950e-02    2.563719e-02    2.368763e-02    2.127520e-02    1.641715e-02
134       1.240786e+00    7.387200e+15    2.236483e-02    3.829341e-02    4.491801e-03    1.357636e-02    3.452701e-02    4.723576e-02    5.610580e-02    5.744998e-02    5.179526e-02    4.309779e-02    3.075670e-02    2.432955e-02    2.247938e-02    2.018997e-02    1.557970e-02
135       1.248512e+00    7.439040e+15    2.122765e-02    3.636514e-02    4.252027e-03    1.287289e-02    3.279203e-02    4.482379e-02    5.319704e-02    5.443500e-02    4.906180e-02    4.081814e-02    2.912830e-02    2.304120e-02    2.128897e-02    1.912076e-02    1.475461e-02
136       1.256142e+00    7.501248e+15    1.987593e-02    3.407206e-02    3.967632e-03    1.203742e-02    3.072860e-02    4.195732e-02    4.974253e-02    5.085630e-02    4.581804e-02    3.811319e-02    2.719616e-02    2.151258e-02    1.987653e-02    1.785214e-02    1.377564e-02
137       1.263949e+00    7.563456e+15    1.855876e-02    3.183647e-02    3.691181e-03    1.122408e-02    2.871670e-02    3.916472e-02    4.637963e-02    4.737462e-02    4.266310e-02    3.548260e-02    2.531723e-02    2.002606e-02    1.850301e-02    1.661846e-02    1.282365e-02
138       1.271926e+00    7.620480e+15    1.722824e-02    2.957620e-02    3.413157e-03    1.040392e-02    2.668219e-02    3.634493e-02    4.298871e-02    4.386779e-02    3.948697e-02    3.283488e-02    2.342623e-02    1.853001e-02    1.712069e-02    1.537689e-02    1.186556e-02
139       1.279715e+00    7.661952e+15    1.588081e-02    2.728351e-02    3.133821e-03    9.575901e-03    2.461778e-02    3.349127e-02    3.956559e-02    4.033470e-02    3.628996e-02    3.017074e-02    2.152379e-02    1.702495e-02    1.573005e-02    1.412785e-02    1.090171e-02
140       1.287286e+00    7.703424e+15    1.456346e-02    2.503447e-02    2.865287e-03    8.771645e-03    2.259121e-02    3.070541e-02    3.624136e-02    3.691813e-02    3.320438e-02    2.760149e-02    1.968971e-02    1.557406e-02    1.438947e-02    1.292380e-02    9.972588e-03
141       1.295097e+00    7.755264e+15    1.325835e-02    2.279099e-02    2.608512e-03    7.985570e-03    2.056669e-02    2.795373e-02    3.299357e-02    3.360969e-02    3.022875e-02    2.512796e-02    1.792520e-02    1.417838e-02    1.309995e-02    1.176562e-02    9.078887e-03
142       1.303236e+00    7.807104e+15    1.192805e-02    2.050422e-02    2.346782e-03    7.184323e-03    1.850309e-02    2.514895e-02    2.968310e-02    3.023740e-02    2.719569e-02    2.260670e-02    1.612665e-02    1.275576e-02    1.178554e-02    1.058510e-02    8.167941e-03
143       1.311025e+00    7.869312e+15    1.056021e-02    1.815291e-02    2.077667e-03    6.360467e-03    1.638126e-02    2.226501e-02    2.627922e-02    2.676995e-02    2.407705e-02    2.001429e-02    1.427733e-02    1.129301e-02    1.043405e-02    9.371260e-03    7.231289e-03
144       1.319609e+00    7.915968e+15    9.270261e-03    1.593550e-02    1.823876e-03    5.583524e-03    1.438026e-02    1.954530e-02    2.306916e-02    2.349995e-02    2.113599e-02    1.756951e-02    1.253333e-02    9.913544e-03    9.159508e-03    8.226543e-03    6.347973e-03
145       1.327825e+00    7.988544e+15    7.868104e-03    1.352521e-02    1.548009e-03    4.738998e-03    1.220520e-02    1.658901e-02    1.957988e-02    1.994551e-02    1.793911e-02    1.491207e-02    1.063763e-02    8.414089e-03    7.774103e-03    6.982252e-03    5.387822e-03
146       1.336138e+00    8.071488e+15    6.546209e-03    1.125288e-02    1.287933e-03    3.942814e-03    1.015464e-02    1.380194e-02    1.629032e-02    1.659453e-02    1.492521e-02    1.240674e-02    8.850432e-03    7.000465e-03    6.468001e-03    5.809186e-03    4.482631e-03
147       1.344126e+00    8.180352e+15    5.234466e-03    8.998003e-03    1.029854e-03    3.152745e-03    8.119835e-03    1.103628e-02    1.302603e-02    1.326928e-02    1.193447e-02    9.920649e-03    7.076963e-03    5.597697e-03    5.171929e-03    4.645129e-03    3.584392e-03
148       1.352329e+00    8.512128e+15    4.003601e-03    6.882156e-03    7.876877e-04    2.411388e-03    6.210486e-03    8.441139e-03    9.963010e-03    1.014906e-02    9.128122e-03    7.587845e-03    5.412842e-03    4.281419e-03    3.955769e-03    3.552844e-03    2.741535e-03
149       1.356488e+00    8.812800e+15    2.805589e-03    4.822784e-03    5.519851e-04    1.689820e-03    4.352101e-03    5.915268e-03    6.981744e-03    7.112120e-03    6.396682e-03    5.317308e-03    3.793138e-03    3.000275e-03    2.772071e-03    2.489714e-03    1.921176e-03
150       1.360493e+00    9.149760e+15    2.241678e-03    3.853426e-03    4.410386e-04    1.350174e-03    3.477348e-03    4.726325e-03    5.578444e-03    5.682615e-03    5.110977e-03    4.248552e-03    3.030734e-03    2.397233e-03    2.214897e-03    1.989293e-03    1.535028e-03
151       1.364838e+00    9.414144e+15    1.736467e-03    2.984973e-03    3.416409e-04    1.045883e-03    2.693652e-03    3.661145e-03    4.321220e-03    4.401914e-03    3.959107e-03    3.291049e-03    2.347692e-03    1.856964e-03    1.715721e-03    1.540962e-03    1.189076e-03
152       1.366924e+00    9.792576e+15    1.223465e-03    2.103127e-03    2.407105e-04    7.368992e-04    1.897870e-03    2.579539e-03    3.044609e-03    3.101464e-03    2.789474e-03    2.318779e-03    1.654117e-03    1.308364e-03    1.208849e-03    1.085718e-03    8.377893e-04
153       1.368937e+00    9.942912e+15    9.932490e-04    1.707387e-03    1.954166e-04    5.982387e-04    1.540753e-03    2.094153e-03    2.471712e-03    2.517869e-03    2.264586e-03    1.882460e-03    1.342866e-03    1.062173e-03    9.813825e-04    8.814213e-04    6.801446e-04
154       1.370395e+00    1.017619e+16    7.829456e-04    1.345877e-03    1.540405e-04    4.715720e-04    1.214525e-03    1.650752e-03    1.948370e-03    1.984754e-03    1.785099e-03    1.483882e-03    1.058537e-03    8.372760e-04    7.735917e-04    6.947956e-04    5.361357e-04
155       1.372036e+00    1.032134e+16    6.363311e-04    1.093848e-03    1.251949e-04    3.832654e-04    9.870929e-04    1.341632e-03    1.583518e-03    1.613088e-03    1.450821e-03    1.206010e-03    8.603155e-04    6.804875e-04    6.287288e-04    5.646880e-04    4.357389e-04
156       1.373266e+00    1.055462e+16    4.773807e-04    8.206135e-04    9.392219e-05    2.875288e-04    7.405251e-04    1.006503e-03    1.187968e-03    1.210152e-03    1.088418e-03    9.047584e-04    6.454156e-04    5.105072e-04    4.716774e-04    4.236335e-04    3.268948e-04
157       1.374388e+00    1.070496e+16    3.625684e-04    6.232521e-04    7.133346e-05    2.183767e-04    5.624252e-04    7.644345e-04    9.022560e-04    9.191046e-04    8.266480e-04    6.871597e-04    4.901901e-04    3.877278e-04    3.582368e-04    3.217476e-04    2.482750e-04
158       1.375159e+00    1.087603e+16    2.615127e-04    4.495382e-04    5.145128e-05    1.575104e-04    4.056651e-04    5.513700e-04    6.507777e-04    6.629302e-04    5.962433e-04    4.956334e-04    3.535635e-04    2.796597e-04    2.583884e-04    2.320696e-04    1.790754e-04
159       1.375758e+00    1.099526e+16    1.941420e-04    3.337285e-04    3.819643e-05    1.169327e-04    3.011580e-04    4.093265e-04    4.831248e-04    4.921466e-04    4.426395e-04    3.679486e-04    2.624787e-04    2.076139e-04    1.918226e-04    1.722840e-04    1.329421e-04
160       1.376174e+00    1.110931e+16    1.431684e-04    2.461053e-04    2.816765e-05    8.623105e-05    2.220865e-04    3.018544e-04    3.562764e-04    3.629295e-04    3.264209e-04    2.713407e-04    1.935628e-04    1.531032e-04    1.414580e-04    1.270494e-04    9.803708e-05
161       1.376652e+00    1.121818e+16    1.085154e-04    1.865371e-04    2.134985e-05    6.535938e-05    1.683319e-04    2.287925e-04    2.700420e-04    2.750847e-04    2.474128e-04    2.056645e-04    1.467122e-04    1.160456e-04    1.072190e-04    9.629792e-05    7.430784e-05
162       1.376886e+00    1.131149e+16    6.950508e-05    1.194787e-04    1.367477e-05    4.186325e-05    1.078180e-04    1.465436e-04    1.729643e-04    1.761942e-04    1.584701e-04    1.317299e-04    9.397041e-05    7.432819e-05    6.867470e-05    6.167966e-05    4.759482e-05
163       1.377103e+00    1.139962e+16    5.070241e-05    8.715702e-05    9.975437e-06    3.053831e-05    7.865086e-05    1.069003e-04    1.261736e-04    1.285297e-04    1.156004e-04    9.609401e-05    6.854932e-05    5.422076e-05    5.009666e-05    4.499394e-05    3.471936e-05
164       1.377229e+00    1.147219e+16    3.360516e-05    5.776699e-05    6.611641e-06    2.024055e-05    5.212917e-05    7.085268e-05    8.362686e-05    8.518850e-05    7.661903e-05    6.369036e-05    4.543396e-05    3.593709e-05    3.320368e-05    2.982163e-05    2.301172e-05
165       1.377326e+00    1.153440e+16    2.377779e-05    4.087382e-05    4.678157e-06    1.432148e-05    3.688471e-05    5.013278e-05    5.917132e-05    6.027628e-05    5.421284e-05    4.506498e-05    3.214741e-05    2.542778e-05    2.349371e-05    2.110070e-05    1.628226e-05
166       1.377400e+00    1.160698e+16    1.635617e-05    2.811611e-05    3.217991e-06    9.851400e-06    2.537210e-05    3.448513e-05    4.070253e-05    4.146260e-05    3.729170e-05    3.099911e-05    2.211343e-05    1.749116e-05    1.616076e-05    1.451466e-05    1.120017e-05
167       1.377428e+00    1.165363e+16    1.071854e-05    1.842509e-05    2.108818e-06    6.455831e-06    1.662687e-05    2.259884e-05    2.667323e-05    2.717132e-05    2.443804e-05    2.031438e-05    1.449140e-05    1.146233e-05    1.059049e-05    9.511766e-06    7.339710e-06
168       1.377463e+00    1.168992e+16    8.590790e-06    1.476750e-05    1.690193e-06    5.174275e-06    1.332625e-05    1.811271e-05    2.137829e-05    2.177750e-05    1.958681e-05    1.628174e-05    1.161469e-05    9.186923e-06    8.488155e-06    7.623572e-06    5.882693e-06
169       1.377489e+00    1.174176e+16    5.974780e-06    1.027060e-05    1.175507e-06    3.598639e-06    9.268229e-06    1.259715e-05    1.486831e-05    1.514596e-05    1.362237e-05    1.132373e-05    8.077863e-06    6.389382e-06    5.903398e-06    5.302092e-06    4.091335e-06
170       1.377507e+00    1.178323e+16    4.082488e-06    7.017763e-06    8.032084e-07    2.458903e-06    6.332859e-06    8.607465e-06    1.015932e-05    1.034904e-05    9.307984e-06    7.737357e-06    5.519497e-06    4.365781e-06    4.033714e-06    3.622850e-06    2.795555e-06
171       1.377519e+00    1.182989e+16    2.742595e-06    4.714498e-06    5.395914e-07    1.651879e-06    4.254383e-06    5.782452e-06    6.824982e-06    6.952431e-06    6.253057e-06    5.197918e-06    3.707971e-06    2.932910e-06    2.709829e-06    2.433813e-06    1.878040e-06
172       1.377529e+00    1.190246e+16    1.882161e-06    3.235419e-06    3.703054e-07    1.133635e-06    2.919655e-06    3.968323e-06    4.683781e-06    4.771245e-06    4.291286e-06    3.567175e-06    2.544669e-06    2.012768e-06    1.859675e-06    1.670253e-06    1.288843e-06
173       1.377535e+00    1.194394e+16    1.136942e-06    1.954394e-06    2.236875e-07    6.847858e-07    1.763653e-06    2.397114e-06    2.829294e-06    2.882128e-06    2.592203e-06    2.154795e-06    1.537138e-06    1.215837e-06    1.123359e-06    1.008936e-06    7.785409e-07
174       1.377539e+00    1.202688e+16    7.453091e-07    1.281180e-06    1.466357e-07    4.489033e-07    1.156142e-06    1.571400e-06    1.854711e-06    1.889346e-06    1.699288e-06    1.412551e-06    1.007653e-06    7.970277e-07    7.364048e-07    6.613964e-07    5.103634e-07
175       1.377542e+00    1.210982e+16    4.508710e-07    7.750435e-07    8.870654e-08    2.715618e-07    6.994025e-07    9.506106e-07    1.121998e-06    1.142950e-06    1.027976e-06    8.545157e-07    6.095746e-07    4.821579e-07    4.454844e-07    4.001084e-07    3.087418e-07
176       1.377545e+00    1.253491e+16    2.143085e-07    3.683945e-07    4.216409e-08    1.290791e-07    3.324407e-07    4.518452e-07    5.333093e-07    5.432683e-07    4.886187e-07    4.061693e-07    2.897437e-07    2.291798e-07    2.117481e-07    1.901800e-07    1.467515e-07
