izn          menc_Msun       radius_cm         tau3keV         tau6keV         tau1keV         tau2keV         tau5keV        tau10keV        tau20keV        tau50keV       tau100keV       tau200keV       tau500keV       tau847keV      tau1000keV      tau1238keV      tau2000keV
0         4.720683e-08    4.320000e+12    5.930234e+00    9.748597e+00    1.556403e+00    4.004352e+00    8.617948e+00    1.327389e+01    1.741947e+01    1.930155e+01    1.802213e+01    1.522480e+01    1.093683e+01    8.661879e+00    8.005187e+00    7.191654e+00    5.550840e+00
1         5.209976e-07    8.906112e+12    5.870303e+00    9.652261e+00    1.540569e+00    3.963583e+00    8.532298e+00    1.314392e+01    1.725045e+01    1.911630e+01    1.785003e+01    1.507987e+01    1.083288e+01    8.579579e+00    7.929131e+00    7.123332e+00    5.498111e+00
2         7.531176e-05    4.762368e+13    5.788038e+00    9.520025e+00    1.518835e+00    3.907621e+00    8.414732e+00    1.296550e+01    1.701845e+01    1.886201e+01    1.761378e+01    1.488092e+01    1.069020e+01    8.466612e+00    7.824734e+00    7.029551e+00    5.425733e+00
3         2.241859e-04    9.030528e+13    5.148666e+00    8.492267e+00    1.349915e+00    3.472678e+00    7.500986e+00    1.157884e+01    1.521527e+01    1.688564e+01    1.577767e+01    1.333465e+01    9.581229e+00    7.588609e+00    7.013339e+00    6.300666e+00    4.863199e+00
4         6.187699e-04    1.329178e+14    4.909103e+00    8.107182e+00    1.286624e+00    3.309711e+00    7.158620e+00    1.105928e+01    1.453965e+01    1.614513e+01    1.508971e+01    1.275529e+01    9.165717e+00    7.259636e+00    6.709323e+00    6.027565e+00    4.652427e+00
5         1.078353e-03    1.702771e+14    4.661946e+00    7.709890e+00    1.221326e+00    3.141579e+00    6.805400e+00    1.052325e+01    1.384261e+01    1.538114e+01    1.437994e+01    1.215756e+01    8.737032e+00    6.920233e+00    6.395668e+00    5.745806e+00    4.434973e+00
6         2.659219e-03    2.195597e+14    4.504807e+00    7.457297e+00    1.179810e+00    3.034682e+00    6.580828e+00    1.018245e+01    1.339945e+01    1.489540e+01    1.392867e+01    1.177754e+01    8.464480e+00    6.704446e+00    6.196251e+00    5.566668e+00    4.296718e+00
7         4.488850e-03    2.743718e+14    4.177934e+00    6.931867e+00    1.093452e+00    2.812322e+00    6.113686e+00    9.473538e+00    1.247759e+01    1.388501e+01    1.298998e+01    1.098702e+01    7.897533e+00    6.255577e+00    5.781435e+00    5.194034e+00    4.009129e+00
8         8.964167e-03    3.490560e+14    3.941992e+00    6.552601e+00    1.031117e+00    2.651818e+00    5.776493e+00    8.961829e+00    1.181218e+01    1.315568e+01    1.231242e+01    1.041642e+01    7.488298e+00    5.931574e+00    5.482012e+00    4.925059e+00    3.801542e+00
9         1.784998e-02    4.250880e+14    3.579970e+00    5.970670e+00    9.354718e-01    2.405547e+00    5.259117e+00    8.176682e+00    1.079120e+01    1.203663e+01    1.127278e+01    9.540900e+00    6.860385e+00    5.434436e+00    5.022589e+00    4.512354e+00    3.483027e+00
10        2.799012e-02    5.481216e+14    3.113079e+00    5.220168e+00    8.121210e-01    2.087937e+00    4.591869e+00    7.164098e+00    9.474461e+00    1.059342e+01    9.931993e+00    8.411766e+00    6.050580e+00    4.793290e+00    4.430082e+00    3.980099e+00    3.072246e+00
11        3.573537e-02    5.954688e+14    2.776663e+00    4.679395e+00    7.232411e-01    1.859085e+00    4.111086e+00    6.434482e+00    8.525688e+00    9.553518e+00    8.965887e+00    7.598169e+00    5.467075e+00    4.331312e+00    4.003151e+00    3.596583e+00    2.776258e+00
12        4.388573e-02    6.652800e+14    2.589683e+00    4.378834e+00    6.738419e-01    1.731889e+00    3.843868e+00    6.028961e+00    7.998357e+00    8.975535e+00    8.428920e+00    7.145967e+00    5.142760e+00    4.074542e+00    3.765861e+00    3.383422e+00    2.611746e+00
13        4.961839e-02    6.956928e+14    2.427870e+00    4.118724e+00    6.310915e-01    1.621813e+00    3.612613e+00    5.678016e+00    7.541994e+00    8.475336e+00    7.964217e+00    6.754621e+00    4.862090e+00    3.852327e+00    3.560504e+00    3.198948e+00    2.469374e+00
14        5.603555e-02    7.413120e+14    2.330120e+00    3.961593e+00    6.052664e-01    1.555318e+00    3.472914e+00    5.466012e+00    7.266307e+00    8.173166e+00    7.683490e+00    6.518208e+00    4.692536e+00    3.718086e+00    3.436447e+00    3.087506e+00    2.383366e+00
15        6.230036e-02    7.630848e+14    2.231992e+00    3.803852e+00    5.793415e-01    1.488565e+00    3.332673e+00    5.253183e+00    6.989547e+00    7.869816e+00    7.401666e+00    6.280871e+00    4.522320e+00    3.583321e+00    3.311906e+00    2.975629e+00    2.297023e+00
16        6.878357e-02    8.083584e+14    2.144569e+00    3.663316e+00    5.562448e-01    1.429095e+00    3.207729e+00    5.063564e+00    6.742963e+00    7.599539e+00    7.150565e+00    6.069407e+00    4.370659e+00    3.463247e+00    3.200940e+00    2.875948e+00    2.220091e+00
17        7.543748e-02    8.273664e+14    2.061674e+00    3.530056e+00    5.343445e-01    1.372706e+00    3.089255e+00    4.883762e+00    6.509145e+00    7.343252e+00    6.912462e+00    5.868888e+00    4.226847e+00    3.349387e+00    3.095718e+00    2.781426e+00    2.147141e+00
18        8.230894e-02    8.716032e+14    1.983156e+00    3.403821e+00    5.136009e-01    1.319295e+00    2.977029e+00    4.713431e+00    6.287632e+00    7.100440e+00    6.686871e+00    5.678904e+00    4.090591e+00    3.241508e+00    2.996023e+00    2.691869e+00    2.078023e+00
19        8.879927e-02    8.923392e+14    1.908019e+00    3.283017e+00    4.937506e-01    1.268185e+00    2.869632e+00    4.550424e+00    6.075640e+00    6.868058e+00    6.470968e+00    5.497077e+00    3.960184e+00    3.138260e+00    2.900608e+00    2.606156e+00    2.011873e+00
20        9.550118e-02    9.307008e+14    1.842187e+00    3.177164e+00    4.763588e-01    1.223405e+00    2.775529e+00    4.407585e+00    5.889868e+00    6.664408e+00    6.281756e+00    5.337726e+00    3.845896e+00    3.047775e+00    2.816987e+00    2.531039e+00    1.953899e+00
21        1.046808e-01    9.542016e+14    1.778866e+00    3.075183e+00    4.596340e-01    1.180352e+00    2.684910e+00    4.269859e+00    5.710604e+00    6.467712e+00    6.098927e+00    5.183711e+00    3.735421e+00    2.960306e+00    2.736153e+00    2.458424e+00    1.897856e+00
22        1.138890e-01    1.001549e+15    1.697943e+00    2.944739e+00    4.382629e-01    1.125344e+00    2.569027e+00    4.093619e+00    5.481109e+00    6.215777e+00    5.864701e+00    4.986372e+00    3.593858e+00    2.848221e+00    2.632571e+00    2.365375e+00    1.826042e+00
23        1.231733e-01    1.030234e+15    1.622896e+00    2.823585e+00    4.184475e-01    1.074351e+00    2.461441e+00    3.929808e+00    5.267642e+00    5.981241e+00    5.646567e+00    4.802547e+00    3.461975e+00    2.743798e+00    2.536069e+00    2.278684e+00    1.759135e+00
24        1.326445e-01    1.072051e+15    1.554321e+00    2.712057e+00    4.003596e-01    1.027847e+00    2.362606e+00    3.778464e+00    5.069711e+00    5.762887e+00    5.443103e+00    4.630890e+00    3.338749e+00    2.646217e+00    2.445888e+00    2.197671e+00    1.696608e+00
25        1.448927e-01    1.106611e+15    1.489370e+00    2.606214e+00    3.832327e-01    9.838255e-01    2.268860e+00    3.634694e+00    4.881506e+00    5.555038e+00    5.249331e+00    4.467361e+00    3.221339e+00    2.553241e+00    2.359962e+00    2.120478e+00    1.637030e+00
26        1.572242e-01    1.151194e+15    1.411541e+00    2.479173e+00    3.627145e-01    9.310985e-01    2.156390e+00    3.461992e+00    4.655249e+00    5.304944e+00    5.016081e+00    4.270467e+00    3.079957e+00    2.441276e+00    2.256487e+00    2.027521e+00    1.565283e+00
27        1.697169e-01    1.200960e+15    1.340479e+00    2.362134e+00    3.440039e-01    8.830732e-01    2.053030e+00    3.302199e+00    4.445017e+00    5.071461e+00    4.797855e+00    4.086014e+00    2.947420e+00    2.336303e+00    2.159471e+00    1.940363e+00    1.498010e+00
28        1.823643e-01    1.227917e+15    1.275848e+00    2.254729e+00    3.270087e-01    8.395030e-01    1.958409e+00    3.154929e+00    4.250455e+00    4.854385e+00    4.594540e+00    3.913949e+00    2.823704e+00    2.238303e+00    2.068899e+00    1.858992e+00    1.435201e+00
29        1.907107e-01    1.275955e+15    1.215970e+00    2.154357e+00    3.112830e-01    7.992340e-01    1.870190e+00    3.016742e+00    4.067179e+00    4.649018e+00    4.401821e+00    3.750661e+00    2.706230e+00    2.145236e+00    1.982884e+00    1.781714e+00    1.375549e+00
30        1.993106e-01    1.289779e+15    1.179539e+00    2.092842e+00    3.017251e-01    7.747833e-01    1.816230e+00    2.931766e+00    3.954113e+00    4.521877e+00    4.282322e+00    3.649317e+00    2.633284e+00    2.087441e+00    1.929467e+00    1.733721e+00    1.338502e+00
31        2.077098e-01    1.327450e+15    1.144328e+00    2.033060e+00    2.924950e-01    7.511890e-01    1.763867e+00    2.848971e+00    3.843682e+00    4.397374e+00    4.165167e+00    3.549890e+00    2.561694e+00    2.030716e+00    1.877037e+00    1.686615e+00    1.302139e+00
32        2.161876e-01    1.345075e+15    1.111738e+00    1.977445e+00    2.839581e-01    7.293820e-01    1.715220e+00    2.771770e+00    3.740488e+00    4.280754e+00    4.055314e+00    3.456602e+00    2.494503e+00    1.977472e+00    1.827826e+00    1.642400e+00    1.268007e+00
33        2.247936e-01    1.376870e+15    1.080613e+00    1.924065e+00    2.758111e-01    7.085854e-01    1.668590e+00    2.697505e+00    3.641006e+00    4.168072e+00    3.949064e+00    3.366320e+00    2.429456e+00    1.925925e+00    1.780182e+00    1.599593e+00    1.234961e+00
34        2.333907e-01    1.395533e+15    1.050540e+00    1.872246e+00    2.679449e-01    6.885190e-01    1.623379e+00    2.625257e+00    3.544034e+00    4.058001e+00    3.845178e+00    3.277997e+00    2.365803e+00    1.875479e+00    1.733556e+00    1.557699e+00    1.202619e+00
35        2.420309e-01    1.429056e+15    1.021941e+00    1.822736e+00    2.604698e-01    6.694626e-01    1.580236e+00    2.556084e+00    3.451009e+00    3.952187e+00    3.745220e+00    3.192967e+00    2.304506e+00    1.826898e+00    1.688653e+00    1.517353e+00    1.171473e+00
36        2.507676e-01    1.449792e+15    9.945773e-01    1.775152e+00    2.533222e-01    6.512528e-01    1.538822e+00    2.489472e+00    3.361262e+00    3.849904e+00    3.648514e+00    3.110662e+00    2.245158e+00    1.779859e+00    1.645175e+00    1.478287e+00    1.141314e+00
37        2.646089e-01    1.486426e+15    9.682458e-01    1.729164e+00    2.464488e-01    6.337525e-01    1.498840e+00    2.424968e+00    3.274200e+00    3.750493e+00    3.554446e+00    3.030563e+00    2.187387e+00    1.734068e+00    1.602849e+00    1.440256e+00    1.111953e+00
38        2.787225e-01    1.527206e+15    9.286478e-01    1.659671e+00    2.361200e-01    6.074727e-01    1.438501e+00    2.327289e+00    3.142106e+00    3.599352e+00    3.411300e+00    2.908610e+00    2.099405e+00    1.664326e+00    1.538386e+00    1.382334e+00    1.067235e+00
39        2.927237e-01    1.562112e+15    8.909049e-01    1.593039e+00    2.262840e-01    5.824684e-01    1.380735e+00    2.233390e+00    3.014821e+00    3.453352e+00    3.272874e+00    2.790602e+00    2.014242e+00    1.596815e+00    1.475984e+00    1.326262e+00    1.023945e+00
40        3.067863e-01    1.611533e+15    8.557899e-01    1.530694e+00    2.171409e-01    5.592447e-01    1.326766e+00    2.145318e+00    2.895168e+00    3.315783e+00    3.142310e+00    2.679230e+00    1.933844e+00    1.533077e+00    1.417069e+00    1.273323e+00    9.830736e-01
41        3.153916e-01    1.632269e+15    8.227994e-01    1.471824e+00    2.085577e-01    5.374596e-01    1.275871e+00    2.061974e+00    2.781715e+00    3.185076e+00    3.018150e+00    2.573266e+00    1.857329e+00    1.472415e+00    1.360996e+00    1.222937e+00    9.441726e-01
42        3.239460e-01    1.667520e+15    8.036730e-01    1.437554e+00    2.035847e-01    5.248452e-01    1.246274e+00    2.013373e+00    2.715452e+00    3.108612e+00    2.945464e+00    2.511207e+00    1.812508e+00    1.436878e+00    1.328147e+00    1.193420e+00    9.213834e-01
43        3.324567e-01    1.680998e+15    7.854152e-01    1.404759e+00    1.988395e-01    5.128129e-01    1.217969e+00    1.966813e+00    2.651913e+00    3.035217e+00    2.875666e+00    2.451598e+00    1.769451e+00    1.402740e+00    1.296591e+00    1.165064e+00    8.994906e-01
44        3.410041e-01    1.716595e+15    7.678912e-01    1.373199e+00    1.942868e-01    5.012736e-01    1.190749e+00    1.921957e+00    2.590636e+00    2.964363e+00    2.808255e+00    2.394013e+00    1.727851e+00    1.369755e+00    1.266102e+00    1.137667e+00    8.783372e-01
45        3.496075e-01    1.732147e+15    7.508967e-01    1.342520e+00    1.898733e-01    4.900909e-01    1.164305e+00    1.878312e+00    2.530961e+00    2.895297e+00    2.742520e+00    2.337848e+00    1.687271e+00    1.337579e+00    1.236359e+00    1.110940e+00    8.577019e-01
46        3.581894e-01    1.763597e+15    7.343816e-01    1.312644e+00    1.855858e-01    4.792309e-01    1.138566e+00    1.835770e+00    2.472747e+00    2.827868e+00    2.678320e+00    2.282981e+00    1.647626e+00    1.306143e+00    1.207301e+00    1.084829e+00    8.375414e-01
47        3.667499e-01    1.779149e+15    7.184244e-01    1.283721e+00    1.814444e-01    4.687441e-01    1.113662e+00    1.794553e+00    2.416307e+00    2.762444e+00    2.616009e+00    2.229720e+00    1.609137e+00    1.275624e+00    1.179090e+00    1.059478e+00    8.179681e-01
48        3.750346e-01    1.810944e+15    7.030005e-01    1.255711e+00    1.774426e-01    4.586137e-01    1.089554e+00    1.754604e+00    2.361562e+00    2.698939e+00    2.555507e+00    2.177996e+00    1.571755e+00    1.245981e+00    1.151690e+00    1.034856e+00    7.989572e-01
49        3.902739e-01    1.836173e+15    6.885265e-01    1.229381e+00    1.736883e-01    4.491124e-01    1.066903e+00    1.717024e+00    2.310031e+00    2.639123e+00    2.498504e+00    2.129254e+00    1.536526e+00    1.218046e+00    1.125867e+00    1.011651e+00    7.810407e-01
50        4.048997e-01    1.888704e+15    6.628751e-01    1.182609e+00    1.670373e-01    4.322859e-01    1.026689e+00    1.650204e+00    2.218328e+00    2.532582e+00    2.396935e+00    2.042386e+00    1.473734e+00    1.168252e+00    1.079839e+00    9.702896e-01    7.491052e-01
51        4.201812e-01    1.917043e+15    6.394303e-01    1.139741e+00    1.609620e-01    4.169211e-01    9.898579e-01    1.588896e+00    2.134108e+00    2.434637e+00    2.303520e+00    1.962474e+00    1.415962e+00    1.122438e+00    1.037489e+00    9.322334e-01    7.197215e-01
52        4.346103e-01    1.970266e+15    6.160959e-01    1.096972e+00    1.549192e-01    4.016421e-01    9.531319e-01    1.527674e+00    2.049937e+00    2.336667e+00    2.210049e+00    1.882494e+00    1.358135e+00    1.076580e+00    9.950988e-01    8.941403e-01    6.903090e-01
53        4.435754e-01    1.994458e+15    5.950799e-01    1.058371e+00    1.494801e-01    3.878916e-01    9.200019e-01    1.472377e+00    1.973863e+00    2.248056e+00    2.125481e+00    1.810121e+00    1.305803e+00    1.035078e+00    9.567352e-01    8.596657e-01    6.636903e-01
54        4.524555e-01    2.029018e+15    5.825709e-01    1.035359e+00    1.462442e-01    3.797119e-01    9.002588e-01    1.439394e+00    1.928464e+00    2.195150e+00    2.074977e+00    1.766893e+00    1.274543e+00    1.010288e+00    9.338192e-01    8.390726e-01    6.477898e-01
55        4.607864e-01    2.043878e+15    5.705674e-01    1.013254e+00    1.431400e-01    3.718657e-01    8.812987e-01    1.407700e+00    1.884826e+00    2.144278e+00    2.026408e+00    1.725318e+00    1.244478e+00    9.864445e-01    9.117785e-01    8.192662e-01    6.324967e-01
56        4.691676e-01    2.077747e+15    5.596018e-01    9.930411e-01    1.403051e-01    3.647006e-01    8.639651e-01    1.378709e+00    1.844898e+00    2.097715e+00    1.981948e+00    1.687257e+00    1.216952e+00    9.646147e-01    8.915993e-01    8.011324e-01    6.184951e-01
57        4.782464e-01    2.094336e+15    5.488500e-01    9.732051e-01    1.375263e-01    3.576776e-01    8.469581e-01    1.350250e+00    1.805693e+00    2.051983e+00    1.938275e+00    1.649868e+00    1.189911e+00    9.431691e-01    8.717752e-01    7.833178e-01    6.047398e-01
58        4.866133e-01    2.125786e+15    5.375041e-01    9.522559e-01    1.345948e-01    3.502688e-01    8.290000e-01    1.320186e+00    1.764265e+00    2.003645e+00    1.892109e+00    1.610341e+00    1.161323e+00    9.204968e-01    8.508171e-01    7.644840e-01    5.901976e-01
59        4.953515e-01    2.147558e+15    5.273014e-01    9.334033e-01    1.319593e-01    3.436086e-01    8.128421e-01    1.293124e+00    1.726966e+00    1.960115e+00    1.850529e+00    1.574739e+00    1.135574e+00    9.000751e-01    8.319394e-01    7.475198e-01    5.770990e-01
60        5.038872e-01    2.175898e+15    5.169265e-01    9.142183e-01    1.292800e-01    3.368378e-01    7.964019e-01    1.265578e+00    1.688993e+00    1.915787e+00    1.808184e+00    1.538479e+00    1.109347e+00    8.792749e-01    8.127118e-01    7.302412e-01    5.637575e-01
61        5.167221e-01    2.208384e+15    5.070400e-01    8.959243e-01    1.267274e-01    3.303875e-01    7.807276e-01    1.239306e+00    1.652768e+00    1.873491e+00    1.767776e+00    1.503876e+00    1.084318e+00    8.594249e-01    7.943626e-01    7.137518e-01    5.510254e-01
62        5.293631e-01    2.239488e+15    4.926077e-01    8.691982e-01    1.230023e-01    3.209743e-01    7.578327e-01    1.200915e+00    1.599821e+00    1.811656e+00    1.708696e+00    1.453280e+00    1.047721e+00    8.303994e-01    7.675315e-01    6.896403e-01    5.324080e-01
63        5.423567e-01    2.282688e+15    4.788229e-01    8.436488e-01    1.194454e-01    3.119865e-01    7.359500e-01    1.164204e+00    1.549180e+00    1.752498e+00    1.652166e+00    1.404865e+00    1.012699e+00    8.026236e-01    7.418557e-01    6.665669e-01    5.145920e-01
64        5.551301e-01    2.316902e+15    4.651382e-01    8.182650e-01    1.159156e-01    3.030671e-01    7.142130e-01    1.127723e+00    1.498845e+00    1.693683e+00    1.595959e+00    1.356724e+00    9.778738e-01    7.750035e-01    7.163237e-01    6.436228e-01    4.968759e-01
65        5.678792e-01    2.359066e+15    4.521537e-01    7.941627e-01    1.125674e-01    2.946066e-01    6.935765e-01    1.093076e+00    1.451032e+00    1.637803e+00    1.542552e+00    1.310978e+00    9.447812e-01    7.487574e-01    6.920618e-01    6.218199e-01    4.800410e-01
66        5.808353e-01    2.399155e+15    4.396306e-01    7.709018e-01    1.093392e-01    2.864490e-01    6.736632e-01    1.059633e+00    1.404872e+00    1.583846e+00    1.490979e+00    1.266801e+00    9.128222e-01    7.234101e-01    6.686307e-01    6.007637e-01    4.637825e-01
67        5.935844e-01    2.434061e+15    4.273545e-01    7.480866e-01    1.061755e-01    2.784545e-01    6.541337e-01    1.026826e+00    1.359584e+00    1.530899e+00    1.440367e+00    1.223445e+00    8.814569e-01    6.985337e-01    6.456350e-01    5.800986e-01    4.478261e-01
68        6.060591e-01    2.479680e+15    4.156584e-01    7.263380e-01    1.031622e-01    2.708395e-01    6.355193e-01    9.955481e-01    1.316402e+00    1.480408e+00    1.392100e+00    1.182096e+00    8.515430e-01    6.748082e-01    6.237031e-01    5.603896e-01    4.326078e-01
69        6.222196e-01    2.514240e+15    4.045962e-01    7.057584e-01    1.003130e-01    2.636389e-01    6.179071e-01    9.659486e-01    1.275533e+00    1.432614e+00    1.346410e+00    1.142954e+00    8.232247e-01    6.523482e-01    6.029410e-01    5.417318e-01    4.182013e-01
70        6.377325e-01    2.571610e+15    3.907328e-01    6.799567e-01    9.674317e-02    2.546169e-01    5.958274e-01    9.288346e-01    1.224284e+00    1.372677e+00    1.289107e+00    1.093861e+00    7.877073e-01    6.241783e-01    5.769007e-01    5.183307e-01    4.001321e-01
71        6.531381e-01    2.613082e+15    3.779125e-01    6.560855e-01    9.344297e-02    2.462757e-01    5.754015e-01    8.944947e-01    1.176862e+00    1.317209e+00    1.236075e+00    1.048426e+00    7.548355e-01    5.981066e-01    5.528000e-01    4.966726e-01    3.834089e-01
72        6.684412e-01    2.667341e+15    3.656693e-01    6.332801e-01    9.029224e-02    2.383116e-01    5.558889e-01    8.616861e-01    1.131552e+00    1.264207e+00    1.185399e+00    1.005009e+00    7.234229e-01    5.731923e-01    5.297691e-01    4.759758e-01    3.674279e-01
73        6.841289e-01    2.711923e+15    3.539508e-01    6.114450e-01    8.727740e-02    2.306904e-01    5.372075e-01    8.302722e-01    1.088167e+00    1.213453e+00    1.136871e+00    9.634309e-01    6.933410e-01    5.493332e-01    5.077137e-01    4.561558e-01    3.521238e-01
74        6.991308e-01    2.765837e+15    3.423795e-01    5.898783e-01    8.430124e-02    2.231662e-01    5.187564e-01    7.992441e-01    1.045314e+00    1.163320e+00    1.088936e+00    9.223598e-01    6.636256e-01    5.257648e-01    4.859270e-01    4.365771e-01    3.370061e-01
75        7.148173e-01    2.812838e+15    3.317116e-01    5.699908e-01    8.155816e-02    2.162307e-01    5.017425e-01    7.706319e-01    1.005797e+00    1.117089e+00    1.044730e+00    8.844843e-01    6.362220e-01    5.040300e-01    4.658352e-01    4.185216e-01    3.230646e-01
76        7.296348e-01    2.862259e+15    3.209274e-01    5.498888e-01    7.879090e-02    2.092250e-01    4.845400e-01    7.417380e-01    9.659223e-01    1.070464e+00    1.000158e+00    8.462977e-01    6.085944e-01    4.821176e-01    4.455794e-01    4.003187e-01    3.090092e-01
77        7.384454e-01    2.902694e+15    3.110847e-01    5.315391e-01    7.626587e-02    2.028319e-01    4.688373e-01    7.153637e-01    9.295257e-01    1.027906e+00    9.594730e-01    8.114420e-01    5.833766e-01    4.621165e-01    4.270904e-01    3.837035e-01    2.961798e-01
78        7.471127e-01    2.933107e+15    3.054132e-01    5.209647e-01    7.481122e-02    1.991485e-01    4.597882e-01    7.001657e-01    9.085529e-01    1.003383e+00    9.360298e-01    7.913574e-01    5.688455e-01    4.505915e-01    4.164366e-01    3.741295e-01    2.887873e-01
79        7.557563e-01    2.959373e+15    2.999689e-01    5.108133e-01    7.341497e-02    1.956128e-01    4.511012e-01    6.855755e-01    8.884191e-01    9.798406e-01    9.135241e-01    7.720760e-01    5.548956e-01    4.395273e-01    4.062088e-01    3.649384e-01    2.816903e-01
80        7.645501e-01    2.992550e+15    2.946445e-01    5.008848e-01    7.204946e-02    1.921551e-01    4.426051e-01    6.713052e-01    8.687260e-01    9.568131e-01    8.915101e-01    7.532157e-01    5.412502e-01    4.287047e-01    3.962044e-01    3.559479e-01    2.747483e-01
81        7.732437e-01    3.015360e+15    2.893383e-01    4.909889e-01    7.068831e-02    1.887089e-01    4.341374e-01    6.570797e-01    8.490923e-01    9.338528e-01    8.695594e-01    7.344093e-01    5.276437e-01    4.179129e-01    3.862284e-01    3.469830e-01    2.678260e-01
82        7.818658e-01    3.050957e+15    2.841961e-01    4.813970e-01    6.936843e-02    1.853687e-01    4.259309e-01    6.432864e-01    8.300494e-01    9.115784e-01    8.482625e-01    7.161623e-01    5.144417e-01    4.074419e-01    3.765490e-01    3.382845e-01    2.611095e-01
83        7.899225e-01    3.075840e+15    2.792063e-01    4.720860e-01    6.808594e-02    1.821260e-01    4.179668e-01    6.298873e-01    8.115394e-01    8.899175e-01    8.275485e-01    6.984131e-01    5.015994e-01    3.972561e-01    3.671332e-01    3.298230e-01    2.545759e-01
84        7.985691e-01    3.107635e+15    2.746549e-01    4.635882e-01    6.691335e-02    1.791658e-01    4.107017e-01    6.176426e-01    7.946061e-01    8.700857e-01    8.085775e-01    6.821551e-01    4.898352e-01    3.879253e-01    3.585077e-01    3.220717e-01    2.485907e-01
85        8.079366e-01    3.137011e+15    2.698764e-01    4.546642e-01    6.567915e-02    1.760550e-01    4.030750e-01    6.047686e-01    7.767851e-01    8.492000e-01    7.885930e-01    6.650265e-01    4.774405e-01    3.780943e-01    3.494198e-01    3.139048e-01    2.422846e-01
86        8.179097e-01    3.168806e+15    2.647304e-01    4.451087e-01    6.434876e-02    1.726988e-01    3.948970e-01    5.910155e-01    7.577856e-01    8.269784e-01    7.673485e-01    6.468271e-01    4.642741e-01    3.676517e-01    3.397667e-01    3.052300e-01    2.355865e-01
87        8.273126e-01    3.203366e+15    2.592909e-01    4.350599e-01    6.294135e-02    1.691453e-01    3.862857e-01    5.765824e-01    7.378831e-01    8.037435e-01    7.451524e-01    6.278211e-01    4.505273e-01    3.567494e-01    3.296887e-01    2.961735e-01    2.285936e-01
88        8.367806e-01    3.229632e+15    2.541979e-01    4.257054e-01    6.162237e-02    1.658122e-01    3.782578e-01    5.631780e-01    7.194376e-01    7.822549e-01    7.246429e-01    6.102684e-01    4.378351e-01    3.466838e-01    3.203842e-01    2.878123e-01    2.221377e-01
89        8.461851e-01    3.264883e+15    2.490861e-01    4.163768e-01    6.029713e-02    1.624599e-01    3.702389e-01    5.498461e-01    7.011352e-01    7.609844e-01    7.043622e-01    5.929219e-01    4.252957e-01    3.367402e-01    3.111925e-01    2.795525e-01    2.157602e-01
90        8.550618e-01    3.295296e+15    2.440089e-01    4.071822e-01    5.897925e-02    1.591224e-01    3.623199e-01    5.367478e-01    6.832046e-01    7.402068e-01    6.845761e-01    5.760108e-01    4.130755e-01    3.270503e-01    3.022356e-01    2.715037e-01    2.095457e-01
91        8.648939e-01    3.327782e+15    2.392067e-01    3.985624e-01    5.773099e-02    1.559569e-01    3.548790e-01    5.245140e-01    6.665136e-01    7.209324e-01    6.662487e-01    5.603600e-01    4.017710e-01    3.180874e-01    2.939506e-01    2.640590e-01    2.037978e-01
92        8.737440e-01    3.359232e+15    2.338533e-01    3.890494e-01    5.633728e-02    1.524173e-01    3.466458e-01    5.110703e-01    6.482430e-01    6.999188e-01    6.463021e-01    5.433439e-01    3.894867e-01    3.083485e-01    2.849487e-01    2.559701e-01    1.975528e-01
93        8.896015e-01    3.394483e+15    2.290237e-01    3.805385e-01    5.507832e-02    1.492160e-01    3.392639e-01    4.990860e-01    6.320094e-01    6.813122e-01    6.286665e-01    5.283125e-01    3.786400e-01    2.997502e-01    2.770010e-01    2.488287e-01    1.920394e-01
94        9.046597e-01    3.451162e+15    2.201552e-01    3.651721e-01    5.276058e-02    1.433081e-01    3.258769e-01    4.776084e-01    6.031153e-01    6.484335e-01    5.976018e-01    5.018846e-01    3.595875e-01    2.846499e-01    2.630439e-01    2.362881e-01    1.823581e-01
95        9.206303e-01    3.500928e+15    2.115542e-01    3.505322e-01    5.050674e-02    1.375488e-01    3.130624e-01    4.573101e-01    5.760123e-01    6.178409e-01    5.687996e-01    4.774333e-01    3.419790e-01    2.706972e-01    2.501479e-01    2.247014e-01    1.734137e-01
96        9.361180e-01    3.552768e+15    2.022251e-01    3.349531e-01    4.805529e-02    1.312681e-01    2.993558e-01    4.358998e-01    5.476644e-01    5.861355e-01    5.390718e-01    4.522582e-01    3.238719e-01    2.563529e-01    2.368906e-01    2.127908e-01    1.642199e-01
97        9.513030e-01    3.604608e+15    1.930896e-01    3.199015e-01    4.565006e-02    1.250948e-01    2.860645e-01    4.153461e-01    5.206183e-01    5.560926e-01    5.109895e-01    4.285207e-01    3.068151e-01    2.428432e-01    2.244050e-01    2.015740e-01    1.555622e-01
98        9.658515e-01    3.663360e+15    1.841559e-01    3.053150e-01    4.329497e-02    1.190430e-01    2.731521e-01    3.955143e-01    4.946332e-01    5.273655e-01    4.841955e-01    4.059020e-01    2.905731e-01    2.299808e-01    2.125179e-01    1.908950e-01    1.473199e-01
99        9.738664e-01    3.701376e+15    1.757063e-01    2.916009e-01    4.106564e-02    1.133099e-01    2.609919e-01    3.769228e-01    4.703428e-01    5.005986e-01    4.592665e-01    3.848766e-01    2.754822e-01    2.180309e-01    2.014743e-01    1.809741e-01    1.396629e-01
100       9.813692e-01    3.735936e+15    1.711441e-01    2.842117e-01    3.986158e-02    1.102126e-01    2.544362e-01    3.669159e-01    4.572818e-01    4.862226e-01    4.458847e-01    3.735939e-01    2.673854e-01    2.116197e-01    1.955493e-01    1.756515e-01    1.355549e-01
101       9.888321e-01    3.760128e+15    1.669392e-01    2.774106e-01    3.875165e-02    1.073570e-01    2.483999e-01    3.577115e-01    4.452762e-01    4.730180e-01    4.335975e-01    3.632363e-01    2.599532e-01    2.057348e-01    1.901108e-01    1.707659e-01    1.317842e-01
102       9.965635e-01    3.794688e+15    1.628140e-01    2.707424e-01    3.766262e-02    1.045548e-01    2.424806e-01    3.486900e-01    4.335127e-01    4.600844e-01    4.215645e-01    3.530939e-01    2.526759e-01    1.999726e-01    1.847857e-01    1.659822e-01    1.280922e-01
103       1.004756e+00    3.822336e+15    1.585996e-01    2.639339e-01    3.655000e-02    1.016918e-01    2.364359e-01    3.394811e-01    4.215082e-01    4.468897e-01    4.092903e-01    3.427491e-01    2.452537e-01    1.940957e-01    1.793545e-01    1.611033e-01    1.243266e-01
104       1.013115e+00    3.860352e+15    1.541993e-01    2.568290e-01    3.538817e-02    9.870198e-02    2.301269e-01    3.298739e-01    4.089878e-01    4.331324e-01    3.964945e-01    3.319657e-01    2.375171e-01    1.879700e-01    1.736935e-01    1.560178e-01    1.204017e-01
105       1.021507e+00    3.891456e+15    1.497801e-01    2.496967e-01    3.422131e-02    9.569902e-02    2.237929e-01    3.202317e-01    3.964244e-01    4.193310e-01    3.836591e-01    3.211495e-01    2.297573e-01    1.818260e-01    1.680155e-01    1.509171e-01    1.164651e-01
106       1.030064e+00    3.929472e+15    1.454162e-01    2.426566e-01    3.306898e-02    9.273328e-02    2.175400e-01    3.107162e-01    3.840287e-01    4.057171e-01    3.709996e-01    3.104823e-01    2.221046e-01    1.757668e-01    1.624159e-01    1.458869e-01    1.125828e-01
107       1.038422e+00    3.964032e+15    1.410404e-01    2.355999e-01    3.191342e-02    8.975911e-02    2.112717e-01    3.011800e-01    3.716084e-01    3.920792e-01    3.583189e-01    2.997980e-01    2.144399e-01    1.696980e-01    1.568075e-01    1.408488e-01    1.086945e-01
108       1.046840e+00    4.005504e+15    1.368380e-01    2.288261e-01    3.080360e-02    8.690246e-02    2.052540e-01    2.920283e-01    3.596916e-01    3.789976e-01    3.461570e-01    2.895514e-01    2.070895e-01    1.638783e-01    1.514292e-01    1.360173e-01    1.049656e-01
109       1.055287e+00    4.043520e+15    1.326774e-01    2.221243e-01    2.970472e-02    8.407375e-02    1.992990e-01    2.829769e-01    3.479095e-01    3.660687e-01    3.341391e-01    2.794274e-01    1.998274e-01    1.581284e-01    1.461155e-01    1.312440e-01    1.012816e-01
110       1.063788e+00    4.081536e+15    1.285713e-01    2.155172e-01    2.862011e-02    8.128134e-02    1.934265e-01    2.740581e-01    3.363059e-01    3.533433e-01    3.223137e-01    2.694671e-01    1.926834e-01    1.524722e-01    1.408884e-01    1.265483e-01    9.765766e-02
111       1.072765e+00    4.126464e+15    1.245056e-01    2.089797e-01    2.754632e-02    7.851613e-02    1.876146e-01    2.652377e-01    3.248359e-01    3.407709e-01    3.106331e-01    2.596301e-01    1.856283e-01    1.468865e-01    1.357264e-01    1.219113e-01    9.407891e-02
112       1.081702e+00    4.167936e+15    1.202919e-01    2.022041e-01    2.643435e-02    7.565116e-02    1.815902e-01    2.560999e-01    3.129582e-01    3.277558e-01    2.985431e-01    2.494490e-01    1.783266e-01    1.411055e-01    1.303840e-01    1.171122e-01    9.037509e-02
113       1.090993e+00    4.212864e+15    1.161612e-01    1.955505e-01    2.535126e-02    7.285067e-02    1.756719e-01    2.471486e-01    3.013490e-01    3.150551e-01    2.867528e-01    2.395230e-01    1.712087e-01    1.354702e-01    1.251762e-01    1.124340e-01    8.676457e-02
114       1.099793e+00    4.261248e+15    1.119403e-01    1.887446e-01    2.424885e-02    6.999407e-02    1.696167e-01    2.380058e-01    2.895078e-01    3.021129e-01    2.747433e-01    2.294140e-01    1.639599e-01    1.297313e-01    1.198728e-01    1.076698e-01    8.308777e-02
115       1.108856e+00    4.306176e+15    1.080164e-01    1.824109e-01    2.322805e-02    6.734314e-02    1.639802e-01    2.295100e-01    2.785196e-01    2.901146e-01    2.636142e-01    2.200476e-01    1.572441e-01    1.244145e-01    1.149593e-01    1.032561e-01    7.968137e-02
116       1.117776e+00    4.354560e+15    1.040401e-01    1.759815e-01    2.220033e-02    6.466454e-02    1.582563e-01    2.209066e-01    2.674177e-01    2.780114e-01    2.523953e-01    2.106081e-01    1.504767e-01    1.190568e-01    1.100082e-01    9.880848e-02    7.624886e-02
117       1.127102e+00    4.402944e+15    1.001858e-01    1.697373e-01    2.121147e-02    6.207663e-02    1.526948e-01    2.125740e-01    2.566925e-01    2.663401e-01    2.415850e-01    2.015151e-01    1.439585e-01    1.138966e-01    1.052395e-01    9.452482e-02    7.294290e-02
118       1.135905e+00    4.447872e+15    9.619691e-02    1.632519e-01    2.020206e-02    5.941448e-02    1.469137e-01    2.039627e-01    2.456614e-01    2.543764e-01    2.305198e-01    1.922130e-01    1.372919e-01    1.086191e-01    1.003626e-01    9.014390e-02    6.956189e-02
119       1.142626e+00    4.489344e+15    9.246068e-02    1.571533e-01    1.927107e-02    5.693770e-02    1.414725e-01    1.959098e-01    2.354003e-01    2.432899e-01    2.202826e-01    1.836124e-01    1.311296e-01    1.037412e-01    9.585483e-02    8.609471e-02    6.643692e-02
120       1.149251e+00    4.520448e+15    8.961470e-02    1.524849e-01    1.857579e-02    5.506712e-02    1.373028e-01    1.897882e-01    2.276525e-01    2.349595e-01    2.126064e-01    1.771688e-01    1.265144e-01    1.000880e-01    9.247902e-02    8.306232e-02    6.409670e-02
121       1.155793e+00    4.551552e+15    8.678788e-02    1.478170e-01    1.790388e-02    5.323072e-02    1.331273e-01    1.837245e-01    2.200487e-01    2.268392e-01    2.051458e-01    1.709135e-01    1.220363e-01    9.654364e-02    8.920376e-02    8.012030e-02    6.182625e-02
122       1.162289e+00    4.582656e+15    8.390815e-02    1.430043e-01    1.725416e-02    5.140014e-02    1.288107e-01    1.775785e-01    2.124735e-01    2.188536e-01    1.978506e-01    1.648107e-01    1.176714e-01    9.308953e-02    8.601203e-02    7.725341e-02    5.961385e-02
123       1.168905e+00    4.613760e+15    8.098706e-02    1.380787e-01    1.662159e-02    4.957388e-02    1.243842e-01    1.713679e-01    2.049198e-01    2.109716e-01    1.906830e-01    1.588258e-01    1.133940e-01    8.970514e-02    8.288483e-02    7.444455e-02    5.744629e-02
124       1.175488e+00    4.637952e+15    7.803205e-02    1.330877e-01    1.598658e-02    4.773208e-02    1.198974e-01    1.650896e-01    1.973025e-01    2.030386e-01    1.834751e-01    1.528094e-01    1.090948e-01    8.630349e-02    7.974170e-02    7.162141e-02    5.526770e-02
125       1.182080e+00    4.665600e+15    7.511531e-02    1.281564e-01    1.536279e-02    4.591760e-02    1.154632e-01    1.588953e-01    1.897986e-01    1.952330e-01    1.763870e-01    1.468941e-01    1.048682e-01    8.295944e-02    7.665180e-02    6.884608e-02    5.312603e-02
126       1.188603e+00    4.696704e+15    7.221903e-02    1.232563e-01    1.474546e-02    4.411824e-02    1.110564e-01    1.527462e-01    1.823575e-01    1.874993e-01    1.693667e-01    1.410364e-01    1.006831e-01    7.964818e-02    7.359220e-02    6.609798e-02    5.100536e-02
127       1.195201e+00    4.720896e+15    6.938409e-02    1.184580e-01    1.414239e-02    4.235837e-02    1.067408e-01    1.467285e-01    1.750799e-01    1.799392e-01    1.625056e-01    1.353121e-01    9.659336e-02    7.641242e-02    7.060238e-02    6.341254e-02    4.893306e-02
128       1.201248e+00    4.748544e+15    6.654629e-02    1.136534e-01    1.353958e-02    4.059773e-02    1.024193e-01    1.407055e-01    1.677992e-01    1.723786e-01    1.556451e-01    1.295887e-01    9.250441e-02    7.317730e-02    6.761315e-02    6.072765e-02    4.686118e-02
129       1.207538e+00    4.776192e+15    6.397115e-02    1.092923e-01    1.299330e-02    3.900091e-02    9.849638e-02    1.352406e-01    1.611961e-01    1.655239e-01    1.494262e-01    1.244008e-01    8.879813e-02    7.024495e-02    6.490368e-02    5.829403e-02    4.498320e-02
130       1.215021e+00    4.803840e+15    6.131978e-02    1.048006e-01    1.243175e-02    3.735785e-02    9.445575e-02    1.296148e-01    1.544018e-01    1.584737e-01    1.430310e-01    1.190662e-01    8.498721e-02    6.722984e-02    6.211774e-02    5.579174e-02    4.305223e-02
131       1.221374e+00    4.834944e+15    5.819926e-02    9.951304e-02    1.177151e-02    3.542484e-02    8.969892e-02    1.229941e-01    1.464087e-01    1.501816e-01    1.355102e-01    1.127930e-01    8.050579e-02    6.368426e-02    5.884165e-02    5.284920e-02    4.078153e-02
132       1.227920e+00    4.862592e+15    5.558147e-02    9.507702e-02    1.121780e-02    3.380343e-02    8.570813e-02    1.174401e-01    1.397041e-01    1.432267e-01    1.292024e-01    1.075316e-01    7.674726e-02    6.071060e-02    5.609402e-02    5.038131e-02    3.887712e-02
133       1.234360e+00    4.893696e+15    5.291488e-02    9.055753e-02    1.065424e-02    3.215235e-02    8.164210e-02    1.117831e-01    1.328769e-01    1.361460e-01    1.227812e-01    1.021759e-01    7.292137e-02    5.768367e-02    5.329716e-02    4.786921e-02    3.693858e-02
134       1.240786e+00    4.924800e+15    5.032086e-02    8.616018e-02    1.010655e-02    3.054681e-02    7.768577e-02    1.062805e-01    1.262381e-01    1.292624e-01    1.165393e-01    9.697003e-02    6.920259e-02    5.474148e-02    5.057861e-02    4.542744e-02    3.505432e-02
135       1.248512e+00    4.959360e+15    4.776221e-02    8.182156e-02    9.567060e-03    2.896401e-02    7.378206e-02    1.008535e-01    1.196933e-01    1.224788e-01    1.103890e-01    9.184082e-02    6.553867e-02    5.184271e-02    4.790018e-02    4.302172e-02    3.319788e-02
136       1.256142e+00    5.000832e+15    4.472084e-02    7.666213e-02    8.927173e-03    2.708420e-02    6.913936e-02    9.440397e-02    1.119207e-01    1.144267e-01    1.030906e-01    8.575467e-02    6.119136e-02    4.840330e-02    4.472220e-02    4.016731e-02    3.099520e-02
137       1.263949e+00    5.042304e+15    4.175721e-02    7.163205e-02    8.305158e-03    2.525418e-02    6.461257e-02    8.812062e-02    1.043542e-01    1.065929e-01    9.599197e-02    7.983584e-02    5.696377e-02    4.505862e-02    4.163177e-02    3.739154e-02    2.885320e-02
138       1.271926e+00    5.080320e+15    3.876355e-02    6.654644e-02    7.679604e-03    2.340882e-02    6.003492e-02    8.177609e-02    9.672459e-02    9.870253e-02    8.884569e-02    7.387848e-02    5.270902e-02    4.169252e-02    3.852155e-02    3.459800e-02    2.669750e-02
139       1.279715e+00    5.107968e+15    3.573182e-02    6.138790e-02    7.051097e-03    2.154578e-02    5.539001e-02    7.535535e-02    8.902258e-02    9.075307e-02    8.165241e-02    6.788416e-02    4.842852e-02    3.830613e-02    3.539261e-02    3.178767e-02    2.452885e-02
140       1.287286e+00    5.135616e+15    3.276779e-02    5.632755e-02    6.446895e-03    1.973620e-02    5.083021e-02    6.908718e-02    8.154306e-02    8.306579e-02    7.470986e-02    6.210334e-02    4.430185e-02    3.504163e-02    3.237632e-02    2.907854e-02    2.243832e-02
141       1.295097e+00    5.170176e+15    2.983129e-02    5.127974e-02    5.869152e-03    1.796753e-02    4.627505e-02    6.289590e-02    7.423553e-02    7.562180e-02    6.801469e-02    5.653791e-02    4.033171e-02    3.190135e-02    2.947489e-02    2.647265e-02    2.042750e-02
142       1.303236e+00    5.204736e+15    2.683811e-02    4.613449e-02    5.280260e-03    1.616473e-02    4.163196e-02    5.658513e-02    6.678698e-02    6.803415e-02    6.119031e-02    5.086508e-02    3.628495e-02    2.870047e-02    2.651748e-02    2.381647e-02    1.837787e-02
143       1.311025e+00    5.246208e+15    2.376047e-02    4.084406e-02    4.674750e-03    1.431105e-02    3.685785e-02    5.009627e-02    5.912823e-02    6.023239e-02    5.417336e-02    4.503216e-02    3.212400e-02    2.540926e-02    2.347660e-02    2.108533e-02    1.627040e-02
144       1.319609e+00    5.277312e+15    2.085809e-02    3.585488e-02    4.103721e-03    1.256293e-02    3.235559e-02    4.397692e-02    5.190561e-02    5.287489e-02    4.755598e-02    3.953140e-02    2.820000e-02    2.230547e-02    2.060889e-02    1.850972e-02    1.428294e-02
145       1.327825e+00    5.325696e+15    1.770323e-02    3.043171e-02    3.483020e-03    1.066275e-02    2.746170e-02    3.732527e-02    4.405472e-02    4.487739e-02    4.036299e-02    3.355215e-02    2.393466e-02    1.893170e-02    1.749173e-02    1.571007e-02    1.212260e-02
146       1.336138e+00    5.380992e+15    1.472897e-02    2.531898e-02    2.897849e-03    8.871332e-03    2.284795e-02    3.105437e-02    3.665323e-02    3.733769e-02    3.358173e-02    2.791516e-02    1.991347e-02    1.575105e-02    1.455300e-02    1.307067e-02    1.008592e-02
147       1.344126e+00    5.453568e+15    1.177755e-02    2.024551e-02    2.317172e-03    7.093675e-03    1.826963e-02    2.483163e-02    2.930858e-02    2.985588e-02    2.685255e-02    2.232146e-02    1.592317e-02    1.259482e-02    1.163684e-02    1.045154e-02    8.064882e-03
148       1.352329e+00    5.674752e+15    9.008101e-03    1.548485e-02    1.772297e-03    5.425624e-03    1.397359e-02    1.899256e-02    2.241677e-02    2.283538e-02    2.053827e-02    1.707265e-02    1.217889e-02    9.633193e-03    8.900481e-03    7.993899e-03    6.168455e-03
149       1.356488e+00    5.875200e+15    6.312575e-03    1.085126e-02    1.241967e-03    3.802095e-03    9.792227e-03    1.330935e-02    1.570892e-02    1.600227e-02    1.439253e-02    1.196394e-02    8.534561e-03    6.750619e-03    6.237159e-03    5.601857e-03    4.322646e-03
150       1.360493e+00    6.099840e+15    5.043776e-03    8.670209e-03    9.923368e-04    3.037891e-03    7.824033e-03    1.063423e-02    1.255150e-02    1.278588e-02    1.149970e-02    9.559243e-03    6.819152e-03    5.393774e-03    4.983518e-03    4.475908e-03    3.453814e-03
151       1.364838e+00    6.276096e+15    3.907051e-03    6.716188e-03    7.686921e-04    2.353236e-03    6.060716e-03    8.237576e-03    9.722745e-03    9.904307e-03    8.907991e-03    7.404859e-03    5.282307e-03    4.178170e-03    3.860373e-03    3.467165e-03    2.675422e-03
152       1.366924e+00    6.528384e+15    2.752797e-03    4.732035e-03    5.415986e-04    1.658023e-03    4.270208e-03    5.803962e-03    6.850370e-03    6.978293e-03    6.276317e-03    5.217253e-03    3.721764e-03    2.943820e-03    2.719909e-03    2.442866e-03    1.885026e-03
153       1.368937e+00    6.628608e+15    2.234810e-03    3.841620e-03    4.396873e-04    1.346037e-03    3.466694e-03    4.711845e-03    5.561353e-03    5.665205e-03    5.095318e-03    4.235536e-03    3.021449e-03    2.389889e-03    2.208111e-03    1.983198e-03    1.530325e-03
154       1.370395e+00    6.784128e+15    1.761628e-03    3.028223e-03    3.465911e-04    1.061037e-03    2.732681e-03    3.714193e-03    4.383833e-03    4.465696e-03    4.016473e-03    3.338734e-03    2.381709e-03    1.883871e-03    1.740581e-03    1.563290e-03    1.206305e-03
155       1.372036e+00    6.880896e+15    1.431745e-03    2.461158e-03    2.816884e-04    8.623471e-04    2.220959e-03    3.018673e-03    3.562915e-03    3.629449e-03    3.264347e-03    2.713522e-03    1.935710e-03    1.531097e-03    1.414640e-03    1.270548e-03    9.804125e-04
156       1.373266e+00    7.036416e+15    1.074107e-03    1.846380e-03    2.113249e-04    6.469398e-04    1.666181e-03    2.264633e-03    2.672928e-03    2.722842e-03    2.448940e-03    2.035706e-03    1.452185e-03    1.148641e-03    1.061274e-03    9.531754e-04    7.355133e-04
157       1.374388e+00    7.136640e+15    8.157789e-04    1.402317e-03    1.605003e-04    4.913476e-04    1.265457e-03    1.719978e-03    2.030076e-03    2.067985e-03    1.859958e-03    1.546109e-03    1.102928e-03    8.723876e-04    8.060327e-04    7.239322e-04    5.586188e-04
158       1.375159e+00    7.250688e+15    5.884036e-04    1.011461e-03    1.157654e-04    3.543984e-04    9.127466e-04    1.240583e-03    1.464250e-03    1.491593e-03    1.341547e-03    1.115175e-03    7.955178e-04    6.292342e-04    5.813739e-04    5.221566e-04    4.029197e-04
159       1.375758e+00    7.330176e+15    4.368195e-04    7.508891e-04    8.594198e-05    2.630985e-04    6.776054e-04    9.209845e-04    1.087031e-03    1.107330e-03    9.959389e-04    8.278845e-04    5.905771e-04    4.671313e-04    4.316008e-04    3.876390e-04    2.991198e-04
160       1.376174e+00    7.406208e+15    3.221289e-04    5.537370e-04    6.337721e-05    1.940199e-04    4.996946e-04    6.791725e-04    8.016219e-04    8.165913e-04    7.344470e-04    6.105166e-04    4.355162e-04    3.444822e-04    3.182804e-04    2.858612e-04    2.205834e-04
161       1.376652e+00    7.478784e+15    2.441597e-04    4.197085e-04    4.803716e-05    1.470586e-04    3.787467e-04    5.147832e-04    6.075945e-04    6.189407e-04    5.566788e-04    4.627450e-04    3.301023e-04    2.611025e-04    2.412427e-04    2.166703e-04    1.671926e-04
162       1.376886e+00    7.540992e+15    1.563864e-04    2.688270e-04    3.076822e-05    9.419232e-05    2.425906e-04    3.297231e-04    3.891696e-04    3.964369e-04    3.565577e-04    2.963922e-04    2.114334e-04    1.672384e-04    1.545181e-04    1.387792e-04    1.070883e-04
163       1.377103e+00    7.599744e+15    1.140804e-04    1.961033e-04    2.244473e-05    6.871120e-05    1.769644e-04    2.405257e-04    2.838906e-04    2.891919e-04    2.601009e-04    2.162115e-04    1.542360e-04    1.219967e-04    1.127175e-04    1.012364e-04    7.811856e-05
164       1.377229e+00    7.648128e+15    7.561161e-05    1.299757e-04    1.487619e-05    4.554125e-05    1.172906e-04    1.594185e-04    1.881604e-04    1.916741e-04    1.723928e-04    1.433033e-04    1.022264e-04    8.085846e-05    7.470827e-05    6.709867e-05    5.177637e-05
165       1.377326e+00    7.689600e+15    5.350002e-05    9.196610e-05    1.052585e-05    3.222333e-05    8.299059e-05    1.127988e-04    1.331355e-04    1.356216e-04    1.219789e-04    1.013962e-04    7.233168e-05    5.721251e-05    5.286086e-05    4.747658e-05    3.663508e-05
166       1.377400e+00    7.737984e+15    3.680138e-05    6.326126e-05    7.240480e-06    2.216565e-05    5.708722e-05    7.759154e-05    9.158068e-05    9.329085e-05    8.390633e-05    6.974800e-05    4.975522e-05    3.935510e-05    3.636171e-05    3.265799e-05    2.520039e-05
167       1.377428e+00    7.769088e+15    2.411672e-05    4.145644e-05    4.744840e-06    1.452562e-05    3.741047e-05    5.084738e-05    6.001476e-05    6.113547e-05    5.498560e-05    4.570735e-05    3.260565e-05    2.579023e-05    2.382860e-05    2.140147e-05    1.651435e-05
168       1.377463e+00    7.793280e+15    1.932928e-05    3.322687e-05    3.802935e-06    1.164212e-05    2.998406e-05    4.075360e-05    4.810115e-05    4.899938e-05    4.407033e-05    3.663392e-05    2.613306e-05    2.067058e-05    1.909835e-05    1.715304e-05    1.323606e-05
169       1.377489e+00    7.827840e+15    1.344325e-05    2.310884e-05    2.644891e-06    8.096938e-06    2.085352e-05    2.834358e-05    3.345371e-05    3.407842e-05    3.065033e-05    2.547840e-05    1.817519e-05    1.437611e-05    1.328265e-05    1.192971e-05    9.205503e-06
170       1.377507e+00    7.855488e+15    9.185598e-06    1.578997e-05    1.807219e-06    5.532531e-06    1.424893e-05    1.936680e-05    2.285848e-05    2.328533e-05    2.094296e-05    1.740905e-05    1.241887e-05    9.823007e-06    9.075857e-06    8.151412e-06    6.289999e-06
171       1.377519e+00    7.886592e+15    6.170839e-06    1.060762e-05    1.214081e-06    3.716727e-06    9.572362e-06    1.301052e-05    1.535621e-05    1.564297e-05    1.406938e-05    1.169532e-05    8.342934e-06    6.599047e-06    6.097116e-06    5.476078e-06    4.225590e-06
172       1.377529e+00    7.934976e+15    4.234862e-06    7.279692e-06    8.331872e-07    2.550678e-06    6.569225e-06    8.928728e-06    1.053851e-05    1.073530e-05    9.655392e-06    8.026144e-06    5.725505e-06    4.528728e-06    4.184268e-06    3.758068e-06    2.899896e-06
173       1.377535e+00    7.962624e+15    2.558119e-06    4.397386e-06    5.032968e-07    1.540768e-06    3.968220e-06    5.393506e-06    6.365912e-06    6.484789e-06    5.832456e-06    4.848290e-06    3.458561e-06    2.735633e-06    2.527557e-06    2.270107e-06    1.751717e-06
174       1.377539e+00    8.017920e+15    1.676945e-06    2.882655e-06    3.299304e-07    1.010033e-06    2.601320e-06    3.535650e-06    4.173100e-06    4.251028e-06    3.823399e-06    3.178240e-06    2.267219e-06    1.793312e-06    1.656911e-06    1.488142e-06    1.148318e-06
175       1.377542e+00    8.073216e+15    1.014460e-06    1.743848e-06    1.995897e-07    6.110141e-07    1.573656e-06    2.138874e-06    2.524496e-06    2.571638e-06    2.312946e-06    1.922660e-06    1.371543e-06    1.084855e-06    1.002340e-06    9.002440e-07    6.946690e-07
176       1.377545e+00    8.356608e+15    4.821941e-07    8.288876e-07    9.486919e-08    2.904279e-07    7.479916e-07    1.016652e-06    1.199946e-06    1.222354e-06    1.099392e-06    9.138809e-07    6.519232e-07    5.156546e-07    4.764333e-07    4.279049e-07    3.301908e-07
