izn          menc_Msun       radius_cm         tau3keV         tau6keV         tau1keV         tau2keV         tau5keV        tau10keV        tau20keV        tau50keV       tau100keV       tau200keV       tau500keV       tau847keV      tau1000keV      tau1238keV      tau2000keV
0         4.720683e-08    9.720000e+12    1.171404e+00    1.925649e+00    3.074376e-01    7.909831e-01    1.702311e+00    2.622004e+00    3.440884e+00    3.812652e+00    3.559928e+00    3.007369e+00    2.160362e+00    1.710988e+00    1.581272e+00    1.420574e+00    1.096462e+00
1         5.209976e-07    2.003875e+13    1.159566e+00    1.906619e+00    3.043100e-01    7.829299e-01    1.685392e+00    2.596329e+00    3.407497e+00    3.776059e+00    3.525931e+00    2.978739e+00    2.139829e+00    1.694732e+00    1.566248e+00    1.407078e+00    1.086047e+00
2         7.531176e-05    1.071533e+14    1.143316e+00    1.880499e+00    3.000168e-01    7.718758e-01    1.662169e+00    2.561087e+00    3.361669e+00    3.725829e+00    3.479266e+00    2.939440e+00    2.111644e+00    1.672417e+00    1.545626e+00    1.388553e+00    1.071750e+00
3         2.241859e-04    2.031869e+14    1.017020e+00    1.677485e+00    2.666499e-01    6.859610e-01    1.481676e+00    2.287179e+00    3.005486e+00    3.335435e+00    3.116577e+00    2.634005e+00    1.892589e+00    1.498984e+00    1.385351e+00    1.244576e+00    9.606320e-01
4         6.187699e-04    2.990650e+14    9.696994e-01    1.601419e+00    2.541479e-01    6.537701e-01    1.414048e+00    2.184550e+00    2.872031e+00    3.189161e+00    2.980683e+00    2.519564e+00    1.810512e+00    1.434002e+00    1.325298e+00    1.190630e+00    9.189980e-01
5         1.078353e-03    3.831235e+14    9.208782e-01    1.522941e+00    2.412495e-01    6.205587e-01    1.344277e+00    2.078667e+00    2.734344e+00    3.038249e+00    2.840481e+00    2.401494e+00    1.725833e+00    1.366960e+00    1.263342e+00    1.134974e+00    8.760440e-01
6         2.659219e-03    4.940093e+14    8.898383e-01    1.473046e+00    2.330489e-01    5.994434e-01    1.299917e+00    2.011349e+00    2.646804e+00    2.942302e+00    2.751343e+00    2.326427e+00    1.671996e+00    1.324335e+00    1.223951e+00    1.099589e+00    8.487345e-01
7         4.488850e-03    6.173366e+14    8.252710e-01    1.369258e+00    2.159905e-01    5.555204e-01    1.207642e+00    1.871316e+00    2.464710e+00    2.742717e+00    2.565922e+00    2.170276e+00    1.560006e+00    1.235669e+00    1.142012e+00    1.025982e+00    7.919268e-01
8         8.964167e-03    7.853760e+14    7.786650e-01    1.294341e+00    2.036773e-01    5.238159e-01    1.141036e+00    1.770238e+00    2.333270e+00    2.598653e+00    2.432082e+00    2.057564e+00    1.479170e+00    1.171669e+00    1.082867e+00    9.728512e-01    7.509218e-01
9         1.784998e-02    9.564480e+14    7.071545e-01    1.179392e+00    1.847845e-01    4.751698e-01    1.038838e+00    1.615147e+00    2.131595e+00    2.377606e+00    2.226722e+00    1.884622e+00    1.355138e+00    1.073469e+00    9.921164e-01    8.913293e-01    6.880053e-01
10        2.799012e-02    1.233274e+15    6.149292e-01    1.031144e+00    1.604190e-01    4.124320e-01    9.070359e-01    1.415130e+00    1.871499e+00    2.092528e+00    1.961875e+00    1.661583e+00    1.195176e+00    9.468228e-01    8.750780e-01    7.861925e-01    6.068635e-01
11        3.573537e-02    1.339805e+15    5.484766e-01    9.243250e-01    1.428624e-01    3.672266e-01    8.120665e-01    1.271009e+00    1.684086e+00    1.887115e+00    1.771039e+00    1.500873e+00    1.079916e+00    8.555678e-01    7.907460e-01    7.104361e-01    5.483967e-01
12        4.388573e-02    1.496880e+15    5.115424e-01    8.649548e-01    1.331046e-01    3.421016e-01    7.592825e-01    1.190906e+00    1.579922e+00    1.772945e+00    1.664972e+00    1.411549e+00    1.015854e+00    8.048478e-01    7.438737e-01    6.683303e-01    5.159005e-01
13        4.961839e-02    1.565309e+15    4.795792e-01    8.135750e-01    1.246600e-01    3.203582e-01    7.136026e-01    1.121583e+00    1.489777e+00    1.674140e+00    1.573179e+00    1.334246e+00    9.604128e-01    7.609535e-01    7.033094e-01    6.318909e-01    4.877775e-01
14        5.603555e-02    1.667952e+15    4.602706e-01    7.825369e-01    1.195588e-01    3.072233e-01    6.860077e-01    1.079706e+00    1.435320e+00    1.614452e+00    1.517726e+00    1.287547e+00    9.269207e-01    7.344368e-01    6.788044e-01    6.098778e-01    4.707884e-01
15        6.230036e-02    1.716941e+15    4.408873e-01    7.513783e-01    1.144378e-01    2.940376e-01    6.583058e-01    1.037666e+00    1.380651e+00    1.554532e+00    1.462057e+00    1.240666e+00    8.932977e-01    7.078165e-01    6.542036e-01    5.877786e-01    4.537328e-01
16        6.878357e-02    1.818806e+15    4.236185e-01    7.236179e-01    1.098755e-01    2.822904e-01    6.336254e-01    1.000210e+00    1.331943e+00    1.501144e+00    1.412457e+00    1.198895e+00    8.633400e-01    6.840981e-01    6.322845e-01    5.680885e-01    4.385365e-01
17        7.543748e-02    1.861574e+15    4.072442e-01    6.972950e-01    1.055495e-01    2.711518e-01    6.102231e-01    9.646938e-01    1.285757e+00    1.450519e+00    1.365425e+00    1.159286e+00    8.349328e-01    6.616072e-01    6.114998e-01    5.494174e-01    4.241267e-01
18        8.230894e-02    1.961107e+15    3.917345e-01    6.723598e-01    1.014520e-01    2.606015e-01    5.880550e-01    9.310481e-01    1.242001e+00    1.402556e+00    1.320863e+00    1.121759e+00    8.080179e-01    6.402978e-01    5.918071e-01    5.317271e-01    4.104738e-01
19        8.879927e-02    2.007763e+15    3.768927e-01    6.484972e-01    9.753098e-02    2.505057e-01    5.668409e-01    8.988491e-01    1.200126e+00    1.356653e+00    1.278216e+00    1.085842e+00    7.822585e-01    6.199033e-01    5.729597e-01    5.147963e-01    3.974070e-01
20        9.550118e-02    2.094077e+15    3.638888e-01    6.275880e-01    9.409556e-02    2.416603e-01    5.482527e-01    8.706340e-01    1.163431e+00    1.316426e+00    1.240841e+00    1.054366e+00    7.596832e-01    6.020296e-01    5.564420e-01    4.999583e-01    3.859554e-01
21        1.046808e-01    2.146954e+15    3.513810e-01    6.074435e-01    9.079191e-02    2.331560e-01    5.303525e-01    8.434290e-01    1.128020e+00    1.277573e+00    1.204726e+00    1.023943e+00    7.378609e-01    5.847517e-01    5.404747e-01    4.856147e-01    3.748852e-01
22        1.138890e-01    2.253485e+15    3.353962e-01    5.816769e-01    8.657044e-02    2.222902e-01    5.074620e-01    8.086161e-01    1.082688e+00    1.227808e+00    1.158460e+00    9.849624e-01    7.098980e-01    5.626116e-01    5.200141e-01    4.672345e-01    3.606997e-01
23        1.231733e-01    2.318026e+15    3.205721e-01    5.577452e-01    8.265630e-02    2.122174e-01    4.862106e-01    7.762585e-01    1.040522e+00    1.181480e+00    1.115371e+00    9.486513e-01    6.838468e-01    5.419847e-01    5.009518e-01    4.501104e-01    3.474835e-01
24        1.326445e-01    2.412115e+15    3.070263e-01    5.357150e-01    7.908338e-02    2.030315e-01    4.666875e-01    7.463632e-01    1.001424e+00    1.138348e+00    1.075181e+00    9.147437e-01    6.595059e-01    5.227096e-01    4.831384e-01    4.341078e-01    3.351325e-01
25        1.448927e-01    2.489875e+15    2.941966e-01    5.148076e-01    7.570028e-02    1.943359e-01    4.481698e-01    7.179642e-01    9.642481e-01    1.097292e+00    1.036905e+00    8.824417e-01    6.363139e-01    5.043438e-01    4.661653e-01    4.188599e-01    3.233639e-01
26        1.572242e-01    2.590186e+15    2.788229e-01    4.897132e-01    7.164730e-02    1.839207e-01    4.259536e-01    6.838504e-01    9.195554e-01    1.047890e+00    9.908309e-01    8.435490e-01    6.083865e-01    4.822274e-01    4.457259e-01    4.004980e-01    3.091917e-01
27        1.697169e-01    2.702160e+15    2.647859e-01    4.665945e-01    6.795139e-02    1.744342e-01    4.055368e-01    6.522863e-01    8.780280e-01    1.001770e+00    9.477244e-01    8.071138e-01    5.822063e-01    4.614919e-01    4.265622e-01    3.832817e-01    2.959031e-01
28        1.823643e-01    2.762813e+15    2.520194e-01    4.453785e-01    6.459432e-02    1.658277e-01    3.868461e-01    6.231958e-01    8.395961e-01    9.588908e-01    9.075635e-01    7.731258e-01    5.577688e-01    4.421340e-01    4.086714e-01    3.672084e-01    2.834965e-01
29        1.907107e-01    2.870899e+15    2.401917e-01    4.255519e-01    6.148800e-02    1.578734e-01    3.694203e-01    5.958996e-01    8.033934e-01    9.183245e-01    8.694954e-01    7.408713e-01    5.345639e-01    4.237504e-01    3.916807e-01    3.519434e-01    2.717133e-01
30        1.993106e-01    2.902003e+15    2.329954e-01    4.134010e-01    5.960002e-02    1.530436e-01    3.587616e-01    5.791142e-01    7.810593e-01    8.932102e-01    8.458908e-01    7.208527e-01    5.201550e-01    4.123341e-01    3.811292e-01    3.424634e-01    2.643954e-01
31        2.077098e-01    2.986762e+15    2.260402e-01    4.015920e-01    5.777679e-02    1.483830e-01    3.484181e-01    5.627597e-01    7.592459e-01    8.686171e-01    8.227490e-01    7.012128e-01    5.060136e-01    4.011290e-01    3.707728e-01    3.331586e-01    2.572126e-01
32        2.161876e-01    3.026419e+15    2.196026e-01    3.906063e-01    5.609049e-02    1.440755e-01    3.388088e-01    5.475101e-01    7.388618e-01    8.455810e-01    8.010497e-01    6.827857e-01    4.927413e-01    3.906118e-01    3.610521e-01    3.244247e-01    2.504705e-01
33        2.247936e-01    3.097958e+15    2.134544e-01    3.800622e-01    5.448121e-02    1.399675e-01    3.295979e-01    5.328404e-01    7.192110e-01    8.233229e-01    7.800621e-01    6.649521e-01    4.798925e-01    3.804296e-01    3.516409e-01    3.159689e-01    2.439428e-01
34        2.333907e-01    3.139949e+15    2.075140e-01    3.698263e-01    5.292740e-02    1.360038e-01    3.206674e-01    5.185693e-01    7.000562e-01    8.015803e-01    7.595414e-01    6.475056e-01    4.673191e-01    3.704650e-01    3.424308e-01    3.076936e-01    2.375544e-01
35        2.420309e-01    3.215376e+15    2.018649e-01    3.600465e-01    5.145082e-02    1.322395e-01    3.121455e-01    5.049055e-01    6.816807e-01    7.806789e-01    7.397965e-01    6.307095e-01    4.552111e-01    3.608687e-01    3.335611e-01    2.997241e-01    2.314020e-01
36        2.507676e-01    3.262032e+15    1.964597e-01    3.506474e-01    5.003895e-02    1.286425e-01    3.039648e-01    4.917475e-01    6.639530e-01    7.604749e-01    7.206941e-01    6.144518e-01    4.434881e-01    3.515771e-01    3.249728e-01    2.920074e-01    2.254447e-01
37        2.646089e-01    3.344458e+15    1.912584e-01    3.415632e-01    4.868124e-02    1.251857e-01    2.960672e-01    4.790059e-01    6.467556e-01    7.408381e-01    7.021127e-01    5.986297e-01    4.320764e-01    3.425319e-01    3.166122e-01    2.844951e-01    2.196451e-01
38        2.787225e-01    3.436214e+15    1.834366e-01    3.278362e-01    4.664098e-02    1.199946e-01    2.841483e-01    4.597115e-01    6.206629e-01    7.109831e-01    6.738370e-01    5.745402e-01    4.146973e-01    3.287558e-01    3.038788e-01    2.730536e-01    2.108119e-01
39        2.927237e-01    3.514752e+15    1.759812e-01    3.146743e-01    4.469807e-02    1.150555e-01    2.727378e-01    4.411635e-01    5.955203e-01    6.821435e-01    6.464936e-01    5.512300e-01    3.978749e-01    3.154202e-01    2.915523e-01    2.619776e-01    2.022608e-01
40        3.067863e-01    3.625949e+15    1.690449e-01    3.023593e-01    4.289203e-02    1.104681e-01    2.620771e-01    4.237664e-01    5.718849e-01    6.549694e-01    6.207032e-01    5.292307e-01    3.819938e-01    3.028300e-01    2.799148e-01    2.515205e-01    1.941874e-01
41        3.153916e-01    3.672605e+15    1.625283e-01    2.907307e-01    4.119659e-02    1.061648e-01    2.520238e-01    4.073034e-01    5.494746e-01    6.291509e-01    5.961778e-01    5.082995e-01    3.668797e-01    2.908473e-01    2.688386e-01    2.415678e-01    1.865032e-01
42        3.239460e-01    3.751920e+15    1.587502e-01    2.839613e-01    4.021427e-02    1.036731e-01    2.461776e-01    3.977032e-01    5.363857e-01    6.140468e-01    5.818201e-01    4.960408e-01    3.580262e-01    2.838278e-01    2.623501e-01    2.357373e-01    1.820017e-01
43        3.324567e-01    3.782246e+15    1.551437e-01    2.774832e-01    3.927693e-02    1.012964e-01    2.405866e-01    3.885063e-01    5.238346e-01    5.995490e-01    5.680328e-01    4.842664e-01    3.495212e-01    2.770844e-01    2.561168e-01    2.301362e-01    1.776771e-01
44        3.410041e-01    3.862339e+15    1.516822e-01    2.712491e-01    3.837765e-02    9.901701e-02    2.352097e-01    3.796459e-01    5.117306e-01    5.855531e-01    5.547171e-01    4.728915e-01    3.413039e-01    2.705689e-01    2.500942e-01    2.247243e-01    1.734987e-01
45        3.496075e-01    3.897331e+15    1.483253e-01    2.651892e-01    3.750585e-02    9.680809e-02    2.299862e-01    3.710246e-01    4.999429e-01    5.719106e-01    5.417324e-01    4.617970e-01    3.332881e-01    2.642131e-01    2.442191e-01    2.194450e-01    1.694226e-01
46        3.581894e-01    3.968093e+15    1.450630e-01    2.592877e-01    3.665893e-02    9.466290e-02    2.249020e-01    3.626212e-01    4.884439e-01    5.585912e-01    5.290509e-01    4.509593e-01    3.254570e-01    2.580036e-01    2.384793e-01    2.142871e-01    1.654403e-01
47        3.667499e-01    4.003085e+15    1.419110e-01    2.535746e-01    3.584087e-02    9.259142e-02    2.199825e-01    3.544796e-01    4.772951e-01    5.456679e-01    5.167426e-01    4.404385e-01    3.178542e-01    2.519750e-01    2.329067e-01    2.092796e-01    1.615739e-01
48        3.750346e-01    4.074624e+15    1.388643e-01    2.480417e-01    3.505039e-02    9.059036e-02    2.152206e-01    3.465884e-01    4.664814e-01    5.331238e-01    5.047916e-01    4.302213e-01    3.104702e-01    2.461198e-01    2.274942e-01    2.044159e-01    1.578187e-01
49        3.902739e-01    4.131389e+15    1.360052e-01    2.428406e-01    3.430881e-02    8.871356e-02    2.107462e-01    3.391651e-01    4.563025e-01    5.213083e-01    4.935316e-01    4.205934e-01    3.035113e-01    2.406016e-01    2.223934e-01    1.998323e-01    1.542796e-01
50        4.048997e-01    4.249584e+15    1.309383e-01    2.336017e-01    3.299502e-02    8.538981e-02    2.028028e-01    3.259662e-01    4.381882e-01    5.002631e-01    4.734686e-01    4.034343e-01    2.911080e-01    2.307659e-01    2.133015e-01    1.916621e-01    1.479714e-01
51        4.201812e-01    4.313347e+15    1.263072e-01    2.251341e-01    3.179496e-02    8.235479e-02    1.955275e-01    3.138560e-01    4.215522e-01    4.809159e-01    4.550164e-01    3.876491e-01    2.796962e-01    2.217162e-01    2.049362e-01    1.841449e-01    1.421672e-01
52        4.346103e-01    4.433098e+15    1.216980e-01    2.166858e-01    3.060133e-02    7.933671e-02    1.882730e-01    3.017627e-01    4.049259e-01    4.615638e-01    4.365528e-01    3.718507e-01    2.682736e-01    2.126578e-01    1.965627e-01    1.766203e-01    1.363573e-01
53        4.435754e-01    4.487530e+15    1.175467e-01    2.090609e-01    2.952693e-02    7.662057e-02    1.817288e-01    2.908398e-01    3.898988e-01    4.440605e-01    4.198481e-01    3.575547e-01    2.579364e-01    2.044599e-01    1.889847e-01    1.698105e-01    1.310993e-01
54        4.524555e-01    4.565290e+15    1.150757e-01    2.045153e-01    2.888774e-02    7.500482e-02    1.778289e-01    2.843246e-01    3.809312e-01    4.336098e-01    4.098719e-01    3.490159e-01    2.517616e-01    1.995631e-01    1.844581e-01    1.657427e-01    1.279585e-01
55        4.607864e-01    4.598726e+15    1.127047e-01    2.001489e-01    2.827457e-02    7.345495e-02    1.740837e-01    2.780642e-01    3.723114e-01    4.235611e-01    4.002782e-01    3.408036e-01    2.458228e-01    1.948532e-01    1.801044e-01    1.618304e-01    1.249376e-01
56        4.691676e-01    4.674931e+15    1.105386e-01    1.961563e-01    2.771460e-02    7.203963e-02    1.706598e-01    2.723375e-01    3.644243e-01    4.143635e-01    3.914958e-01    3.332854e-01    2.403856e-01    1.905412e-01    1.761184e-01    1.582484e-01    1.221719e-01
57        4.782464e-01    4.712256e+15    1.084148e-01    1.922380e-01    2.716569e-02    7.065236e-02    1.673004e-01    2.667161e-01    3.566800e-01    4.053299e-01    3.828691e-01    3.258998e-01    2.350442e-01    1.863050e-01    1.722025e-01    1.547294e-01    1.194548e-01
58        4.866133e-01    4.783018e+15    1.061736e-01    1.880999e-01    2.658662e-02    6.918891e-02    1.637531e-01    2.607774e-01    3.484968e-01    3.957818e-01    3.737498e-01    3.180920e-01    2.293972e-01    1.818265e-01    1.680626e-01    1.510092e-01    1.165822e-01
59        4.953515e-01    4.832006e+15    1.041583e-01    1.843760e-01    2.606603e-02    6.787330e-02    1.605614e-01    2.554319e-01    3.411292e-01    3.871832e-01    3.655367e-01    3.110595e-01    2.243108e-01    1.777926e-01    1.643337e-01    1.476582e-01    1.139949e-01
60        5.038872e-01    4.895770e+15    1.021089e-01    1.805863e-01    2.553678e-02    6.653586e-02    1.573140e-01    2.499907e-01    3.336282e-01    3.784270e-01    3.571721e-01    3.038970e-01    2.191302e-01    1.736839e-01    1.605357e-01    1.442452e-01    1.113595e-01
61        5.167221e-01    4.968864e+15    1.001561e-01    1.769727e-01    2.503258e-02    6.526173e-02    1.542178e-01    2.448011e-01    3.264726e-01    3.700722e-01    3.491903e-01    2.970619e-01    2.141863e-01    1.697629e-01    1.569111e-01    1.409880e-01    1.088445e-01
62        5.293631e-01    5.038848e+15    9.730522e-02    1.716935e-01    2.429674e-02    6.340232e-02    1.496953e-01    2.372177e-01    3.160141e-01    3.578580e-01    3.375202e-01    2.870677e-01    2.069571e-01    1.640295e-01    1.516112e-01    1.362252e-01    1.051670e-01
63        5.423567e-01    5.136048e+15    9.458230e-02    1.666467e-01    2.359416e-02    6.162697e-02    1.453728e-01    2.299663e-01    3.060109e-01    3.461724e-01    3.263538e-01    2.775043e-01    2.000393e-01    1.585429e-01    1.465394e-01    1.316675e-01    1.016478e-01
64        5.551301e-01    5.213030e+15    9.187916e-02    1.616326e-01    2.289691e-02    5.986511e-02    1.410791e-01    2.227601e-01    2.960681e-01    3.345546e-01    3.152512e-01    2.679948e-01    1.931603e-01    1.530871e-01    1.414960e-01    1.271354e-01    9.814832e-02
65        5.678792e-01    5.307898e+15    8.931431e-02    1.568716e-01    2.223554e-02    5.819389e-02    1.370028e-01    2.159163e-01    2.866235e-01    3.235167e-01    3.047017e-01    2.589586e-01    1.866235e-01    1.479027e-01    1.367036e-01    1.228286e-01    9.482290e-02
66        5.808353e-01    5.398099e+15    8.684060e-02    1.522769e-01    2.159787e-02    5.658252e-02    1.330693e-01    2.093102e-01    2.775056e-01    3.128585e-01    2.945144e-01    2.502322e-01    1.803106e-01    1.428958e-01    1.320752e-01    1.186694e-01    9.161136e-02
67        5.935844e-01    5.476637e+15    8.441569e-02    1.477702e-01    2.097295e-02    5.500335e-02    1.292116e-01    2.028298e-01    2.685597e-01    3.023998e-01    2.845170e-01    2.416681e-01    1.741149e-01    1.379820e-01    1.275328e-01    1.145874e-01    8.845947e-02
68        6.060591e-01    5.579280e+15    8.210535e-02    1.434742e-01    2.037772e-02    5.349916e-02    1.255347e-01    1.966515e-01    2.600300e-01    2.924262e-01    2.749828e-01    2.335005e-01    1.682060e-01    1.332955e-01    1.232006e-01    1.106942e-01    8.545340e-02
69        6.222196e-01    5.657040e+15    7.992023e-02    1.394091e-01    1.981490e-02    5.207682e-02    1.220557e-01    1.908047e-01    2.519571e-01    2.829856e-01    2.659576e-01    2.257686e-01    1.626123e-01    1.288589e-01    1.190995e-01    1.070087e-01    8.260766e-02
70        6.377325e-01    5.786122e+15    7.718179e-02    1.343124e-01    1.910976e-02    5.029470e-02    1.176943e-01    1.834735e-01    2.418339e-01    2.711460e-01    2.546385e-01    2.160714e-01    1.555965e-01    1.232945e-01    1.139557e-01    1.023863e-01    7.903845e-02
71        6.531381e-01    5.879434e+15    7.464939e-02    1.295971e-01    1.845787e-02    4.864705e-02    1.136596e-01    1.766903e-01    2.324666e-01    2.601894e-01    2.441630e-01    2.070965e-01    1.491033e-01    1.181445e-01    1.091951e-01    9.810817e-02    7.573508e-02
72        6.684412e-01    6.001517e+15    7.223097e-02    1.250924e-01    1.783550e-02    4.707390e-02    1.098052e-01    1.702096e-01    2.235165e-01    2.497199e-01    2.341529e-01    1.985202e-01    1.428984e-01    1.132232e-01    1.046457e-01    9.401992e-02    7.257835e-02
73        6.841289e-01    6.101827e+15    6.991621e-02    1.207793e-01    1.723998e-02    4.556848e-02    1.061151e-01    1.640044e-01    2.149466e-01    2.396945e-01    2.245672e-01    1.903073e-01    1.369563e-01    1.085103e-01    1.002891e-01    9.010485e-02    6.955533e-02
74        6.991308e-01    6.223133e+15    6.763051e-02    1.165192e-01    1.665210e-02    4.408222e-02    1.024704e-01    1.578754e-01    2.064818e-01    2.297917e-01    2.150984e-01    1.821945e-01    1.310865e-01    1.038548e-01    9.598558e-02    8.623745e-02    6.656911e-02
75        7.148173e-01    6.328886e+15    6.552327e-02    1.125908e-01    1.611025e-02    4.271223e-02    9.910962e-02    1.522236e-01    1.986760e-01    2.206595e-01    2.063665e-01    1.747130e-01    1.256735e-01    9.956148e-02    9.201684e-02    8.267094e-02    6.381523e-02
76        7.296348e-01    6.440083e+15    6.339306e-02    1.086200e-01    1.556363e-02    4.132840e-02    9.571161e-02    1.465161e-01    1.907995e-01    2.114496e-01    1.975620e-01    1.671699e-01    1.202162e-01    9.523310e-02    8.801568e-02    7.907530e-02    6.103886e-02
77        7.384454e-01    6.531062e+15    6.144882e-02    1.049954e-01    1.506486e-02    4.006555e-02    9.260983e-02    1.413064e-01    1.836100e-01    2.030431e-01    1.895255e-01    1.602848e-01    1.152349e-01    9.128228e-02    8.436353e-02    7.579329e-02    5.850466e-02
78        7.471127e-01    6.599491e+15    6.032852e-02    1.029066e-01    1.477753e-02    3.933797e-02    9.082236e-02    1.383043e-01    1.794672e-01    1.981990e-01    1.848948e-01    1.563175e-01    1.123645e-01    8.900573e-02    8.225908e-02    7.390213e-02    5.704440e-02
79        7.557563e-01    6.658589e+15    5.925311e-02    1.009014e-01    1.450172e-02    3.863957e-02    8.910641e-02    1.354223e-01    1.754902e-01    1.935488e-01    1.804492e-01    1.525088e-01    1.096090e-01    8.682021e-02    8.023878e-02    7.208659e-02    5.564253e-02
80        7.645501e-01    6.733238e+15    5.820139e-02    9.894020e-02    1.423199e-02    3.795656e-02    8.742816e-02    1.326035e-01    1.716002e-01    1.890001e-01    1.761008e-01    1.487834e-01    1.069136e-01    8.468241e-02    7.826260e-02    7.031069e-02    5.427127e-02
81        7.732437e-01    6.784560e+15    5.715324e-02    9.698546e-02    1.396312e-02    3.727584e-02    8.575553e-02    1.297935e-01    1.677219e-01    1.844648e-01    1.717648e-01    1.450685e-01    1.042259e-01    8.255070e-02    7.629204e-02    6.853984e-02    5.290391e-02
82        7.818658e-01    6.864653e+15    5.613750e-02    9.509077e-02    1.370241e-02    3.661603e-02    8.413450e-02    1.270689e-01    1.639604e-01    1.800649e-01    1.675580e-01    1.414641e-01    1.016181e-01    8.048235e-02    7.438005e-02    6.682163e-02    5.157719e-02
83        7.899225e-01    6.920640e+15    5.515185e-02    9.325156e-02    1.344907e-02    3.597550e-02    8.256135e-02    1.244222e-01    1.603041e-01    1.757862e-01    1.634664e-01    1.379581e-01    9.908136e-02    7.847034e-02    7.252013e-02    6.515021e-02    5.028660e-02
84        7.985691e-01    6.992179e+15    5.425282e-02    9.157298e-02    1.321745e-02    3.539078e-02    8.112626e-02    1.220035e-01    1.569592e-01    1.718688e-01    1.597190e-01    1.347467e-01    9.675758e-02    7.662722e-02    7.081635e-02    6.361910e-02    4.910434e-02
85        8.079366e-01    7.058275e+15    5.330892e-02    8.981021e-02    1.297366e-02    3.477631e-02    7.961975e-02    1.194605e-01    1.534390e-01    1.677432e-01    1.557715e-01    1.313633e-01    9.430923e-02    7.468528e-02    6.902120e-02    6.200588e-02    4.785869e-02
86        8.179097e-01    7.129814e+15    5.229242e-02    8.792270e-02    1.271087e-02    3.411334e-02    7.800434e-02    1.167438e-01    1.496861e-01    1.633538e-01    1.515750e-01    1.277683e-01    9.170846e-02    7.262256e-02    6.711442e-02    6.029235e-02    4.653560e-02
87        8.273126e-01    7.207574e+15    5.121795e-02    8.593776e-02    1.243286e-02    3.341142e-02    7.630335e-02    1.138928e-01    1.457547e-01    1.587641e-01    1.471906e-01    1.240140e-01    8.899306e-02    7.046901e-02    6.512369e-02    5.850341e-02    4.515429e-02
88        8.367806e-01    7.266672e+15    5.021194e-02    8.408996e-02    1.217232e-02    3.275303e-02    7.471758e-02    1.112450e-01    1.421111e-01    1.545195e-01    1.431393e-01    1.205468e-01    8.648594e-02    6.848076e-02    6.328578e-02    5.685181e-02    4.387905e-02
89        8.461851e-01    7.345987e+15    4.920219e-02    8.224726e-02    1.191054e-02    3.209085e-02    7.313361e-02    1.086116e-01    1.384958e-01    1.503179e-01    1.391333e-01    1.171204e-01    8.400903e-02    6.651658e-02    6.147013e-02    5.522024e-02    4.261929e-02
90        8.550618e-01    7.414416e+15    4.819930e-02    8.043106e-02    1.165022e-02    3.143158e-02    7.156936e-02    1.060243e-01    1.349540e-01    1.462137e-01    1.352249e-01    1.137799e-01    8.159516e-02    6.460253e-02    5.970085e-02    5.363036e-02    4.139175e-02
91        8.648939e-01    7.487510e+15    4.725070e-02    7.872838e-02    1.140365e-02    3.080630e-02    7.009956e-02    1.036077e-01    1.316570e-01    1.424064e-01    1.316047e-01    1.106884e-01    7.936217e-02    6.283207e-02    5.806432e-02    5.215979e-02    4.025636e-02
92        8.737440e-01    7.558272e+15    4.619324e-02    7.684927e-02    1.112835e-02    3.010712e-02    6.847324e-02    1.009521e-01    1.280480e-01    1.382556e-01    1.276646e-01    1.073272e-01    7.693564e-02    6.090835e-02    5.628615e-02    5.056199e-02    3.902277e-02
93        8.896015e-01    7.637587e+15    4.523924e-02    7.516810e-02    1.087967e-02    2.947477e-02    6.701510e-02    9.858488e-02    1.248414e-01    1.345802e-01    1.241810e-01    1.043580e-01    7.479308e-02    5.920991e-02    5.471625e-02    4.915136e-02    3.793371e-02
94        9.046597e-01    7.765114e+15    4.348745e-02    7.213276e-02    1.042184e-02    2.830778e-02    6.437074e-02    9.434241e-02    1.191339e-01    1.280856e-01    1.180448e-01    9.913770e-02    7.102963e-02    5.622715e-02    5.195929e-02    4.667420e-02    3.602135e-02
95        9.206303e-01    7.877088e+15    4.178849e-02    6.924092e-02    9.976641e-03    2.717013e-02    6.183949e-02    9.033286e-02    1.137802e-01    1.220426e-01    1.123555e-01    9.430782e-02    6.755142e-02    5.347104e-02    4.941193e-02    4.438547e-02    3.425457e-02
96        9.361180e-01    7.993728e+15    3.994570e-02    6.616358e-02    9.492403e-03    2.592950e-02    5.913200e-02    8.610366e-02    1.081806e-01    1.157799e-01    1.064833e-01    8.933495e-02    6.397470e-02    5.063760e-02    4.679320e-02    4.203274e-02    3.243850e-02
97        9.513030e-01    8.110368e+15    3.814115e-02    6.319042e-02    9.017296e-03    2.471008e-02    5.650658e-02    8.204367e-02    1.028382e-01    1.098454e-01    1.009362e-01    8.464607e-02    6.060545e-02    4.796904e-02    4.432692e-02    3.981708e-02    3.072833e-02
98        9.658515e-01    8.242560e+15    3.637647e-02    6.030914e-02    8.552093e-03    2.351466e-02    5.395596e-02    7.812628e-02    9.770533e-02    1.041710e-01    9.564355e-02    8.017818e-02    5.739715e-02    4.542830e-02    4.197884e-02    3.770765e-02    2.910022e-02
99        9.738664e-01    8.328096e+15    3.470742e-02    5.760019e-02    8.111732e-03    2.238220e-02    5.155396e-02    7.445388e-02    9.290722e-02    9.888367e-02    9.071930e-02    7.602501e-02    5.441623e-02    4.306784e-02    3.979740e-02    3.574798e-02    2.758773e-02
100       9.813692e-01    8.405856e+15    3.380623e-02    5.614058e-02    7.873893e-03    2.177039e-02    5.025899e-02    7.247721e-02    9.032728e-02    9.604397e-02    8.807599e-02    7.379633e-02    5.281686e-02    4.180142e-02    3.862702e-02    3.469659e-02    2.677627e-02
101       9.888321e-01    8.460288e+15    3.297565e-02    5.479715e-02    7.654648e-03    2.120631e-02    4.906665e-02    7.065907e-02    8.795579e-02    9.343565e-02    8.564889e-02    7.175037e-02    5.134878e-02    4.063898e-02    3.755275e-02    3.373154e-02    2.603144e-02
102       9.965635e-01    8.538048e+15    3.216078e-02    5.347998e-02    7.439530e-03    2.065281e-02    4.789740e-02    6.887704e-02    8.563214e-02    9.088087e-02    8.327200e-02    6.974694e-02    4.991129e-02    3.950077e-02    3.650088e-02    3.278661e-02    2.530216e-02
103       1.004756e+00    8.600256e+15    3.132832e-02    5.213510e-02    7.219753e-03    2.008727e-02    4.670338e-02    6.705800e-02    8.326087e-02    8.827451e-02    8.084746e-02    6.770352e-02    4.844517e-02    3.833990e-02    3.542806e-02    3.182287e-02    2.455835e-02
104       1.013115e+00    8.685792e+15    3.045912e-02    5.073165e-02    6.990256e-03    1.949669e-02    4.545716e-02    6.516028e-02    8.078772e-02    8.555702e-02    7.831991e-02    6.557346e-02    4.691696e-02    3.712988e-02    3.430982e-02    3.081833e-02    2.378306e-02
105       1.021507e+00    8.755776e+15    2.958620e-02    4.932280e-02    6.759765e-03    1.890351e-02    4.420600e-02    6.325564e-02    7.830605e-02    8.283081e-02    7.578452e-02    6.343695e-02    4.538416e-02    3.591624e-02    3.318824e-02    2.981079e-02    2.300545e-02
106       1.030064e+00    8.841312e+15    2.872419e-02    4.793216e-02    6.532144e-03    1.831769e-02    4.297087e-02    6.137603e-02    7.585751e-02    8.014165e-02    7.328387e-02    6.132984e-02    4.387252e-02    3.471936e-02    3.208215e-02    2.881716e-02    2.223858e-02
107       1.038422e+00    8.919072e+15    2.785983e-02    4.653825e-02    6.303886e-03    1.773019e-02    4.173269e-02    5.949235e-02    7.340414e-02    7.744775e-02    7.077905e-02    5.921935e-02    4.235850e-02    3.352060e-02    3.097432e-02    2.782198e-02    2.147051e-02
108       1.046840e+00    9.012384e+15    2.702972e-02    4.520021e-02    6.084661e-03    1.716592e-02    4.054399e-02    5.768460e-02    7.105020e-02    7.486373e-02    6.837669e-02    5.719534e-02    4.090657e-02    3.237101e-02    2.991194e-02    2.686762e-02    2.073395e-02
109       1.055287e+00    9.097920e+15    2.620788e-02    4.387640e-02    5.867600e-03    1.660716e-02    3.936771e-02    5.589667e-02    6.872286e-02    7.230987e-02    6.600279e-02    5.519553e-02    3.947208e-02    3.123524e-02    2.886233e-02    2.592473e-02    2.000625e-02
110       1.063788e+00    9.183456e+15    2.539681e-02    4.257129e-02    5.653355e-03    1.605557e-02    3.820771e-02    5.413493e-02    6.643079e-02    6.979621e-02    6.366690e-02    5.322806e-02    3.806091e-02    3.011796e-02    2.782980e-02    2.499720e-02    1.929040e-02
111       1.072765e+00    9.284544e+15    2.459371e-02    4.127994e-02    5.441248e-03    1.550936e-02    3.705967e-02    5.239263e-02    6.416512e-02    6.731277e-02    6.135963e-02    5.128496e-02    3.666732e-02    2.901461e-02    2.681015e-02    2.408124e-02    1.858349e-02
112       1.081702e+00    9.377856e+15    2.376136e-02    3.994156e-02    5.221600e-03    1.494344e-02    3.586967e-02    5.058764e-02    6.181890e-02    6.474189e-02    5.897147e-02    4.927388e-02    3.522502e-02    2.787270e-02    2.575487e-02    2.313327e-02    1.785187e-02
113       1.090993e+00    9.478944e+15    2.294541e-02    3.862727e-02    5.007656e-03    1.439026e-02    3.470063e-02    4.881947e-02    5.952573e-02    6.223310e-02    5.664253e-02    4.731319e-02    3.381900e-02    2.675954e-02    2.472617e-02    2.220918e-02    1.713868e-02
114       1.099793e+00    9.587808e+15    2.211166e-02    3.728289e-02    4.789896e-03    1.382599e-02    3.350454e-02    4.701350e-02    5.718672e-02    5.967662e-02    5.427027e-02    4.531634e-02    3.238715e-02    2.562594e-02    2.367857e-02    2.126812e-02    1.641240e-02
115       1.108856e+00    9.688896e+15    2.133657e-02    3.603179e-02    4.588258e-03    1.330235e-02    3.239116e-02    4.533531e-02    5.501622e-02    5.730660e-02    5.207194e-02    4.346619e-02    3.106057e-02    2.457570e-02    2.270801e-02    2.039626e-02    1.573953e-02
116       1.117776e+00    9.797760e+15    2.055112e-02    3.476178e-02    4.385250e-03    1.277324e-02    3.126050e-02    4.363588e-02    5.282324e-02    5.491584e-02    4.985586e-02    4.160159e-02    2.972379e-02    2.351739e-02    2.173001e-02    1.951772e-02    1.506150e-02
117       1.127102e+00    9.906624e+15    1.978979e-02    3.352836e-02    4.189921e-03    1.226205e-02    3.016194e-02    4.198992e-02    5.070469e-02    5.261039e-02    4.772050e-02    3.980545e-02    2.843624e-02    2.249809e-02    2.078805e-02    1.867157e-02    1.440847e-02
118       1.135905e+00    1.000771e+16    1.900186e-02    3.224728e-02    3.990531e-03    1.173619e-02    2.901998e-02    4.028892e-02    4.852572e-02    5.024719e-02    4.553478e-02    3.796800e-02    2.711938e-02    2.145563e-02    1.982470e-02    1.780620e-02    1.374062e-02
119       1.142626e+00    1.010102e+16    1.826384e-02    3.104262e-02    3.806632e-03    1.124695e-02    2.794519e-02    3.869824e-02    4.649883e-02    4.805726e-02    4.351261e-02    3.626912e-02    2.590215e-02    2.049208e-02    1.893429e-02    1.700636e-02    1.312334e-02
120       1.149251e+00    1.017101e+16    1.770167e-02    3.012048e-02    3.669293e-03    1.087746e-02    2.712154e-02    3.748903e-02    4.496839e-02    4.641175e-02    4.199633e-02    3.499631e-02    2.499051e-02    1.977047e-02    1.826746e-02    1.640737e-02    1.266108e-02
121       1.155793e+00    1.024099e+16    1.714328e-02    2.919843e-02    3.536569e-03    1.051471e-02    2.629675e-02    3.629127e-02    4.346640e-02    4.480774e-02    4.052262e-02    3.376069e-02    2.410593e-02    1.907035e-02    1.762050e-02    1.582623e-02    1.221259e-02
122       1.162289e+00    1.031098e+16    1.657445e-02    2.824776e-02    3.408228e-03    1.015311e-02    2.544409e-02    3.507724e-02    4.197007e-02    4.323033e-02    3.908159e-02    3.255521e-02    2.324373e-02    1.838806e-02    1.699003e-02    1.525993e-02    1.177558e-02
123       1.168905e+00    1.038096e+16    1.599744e-02    2.727480e-02    3.283277e-03    9.792372e-03    2.456971e-02    3.385045e-02    4.047799e-02    4.167341e-02    3.766577e-02    3.137300e-02    2.239882e-02    1.771953e-02    1.637231e-02    1.470510e-02    1.134741e-02
124       1.175488e+00    1.043539e+16    1.541374e-02    2.628893e-02    3.157843e-03    9.428559e-03    2.368343e-02    3.261029e-02    3.897333e-02    4.010638e-02    3.624200e-02    3.018456e-02    2.154959e-02    1.704760e-02    1.575145e-02    1.414744e-02    1.091708e-02
125       1.182080e+00    1.049760e+16    1.483759e-02    2.531485e-02    3.034626e-03    9.070143e-03    2.280755e-02    3.138672e-02    3.749108e-02    3.856455e-02    3.484187e-02    2.901612e-02    2.071472e-02    1.638705e-02    1.514110e-02    1.359923e-02    1.049403e-02
126       1.188603e+00    1.056758e+16    1.426549e-02    2.434692e-02    2.912683e-03    8.714714e-03    2.193707e-02    3.017210e-02    3.602124e-02    3.703689e-02    3.345515e-02    2.785905e-02    1.988802e-02    1.573297e-02    1.453673e-02    1.305639e-02    1.007513e-02
127       1.195201e+00    1.062202e+16    1.370550e-02    2.339911e-02    2.793558e-03    8.367086e-03    2.108460e-02    2.898341e-02    3.458369e-02    3.554354e-02    3.209987e-02    2.672831e-02    1.908017e-02    1.509381e-02    1.394615e-02    1.252593e-02    9.665789e-03
128       1.201248e+00    1.068422e+16    1.314495e-02    2.245006e-02    2.674484e-03    8.019306e-03    2.023097e-02    2.779368e-02    3.314553e-02    3.405010e-02    3.074472e-02    2.559776e-02    1.827248e-02    1.445478e-02    1.335568e-02    1.199558e-02    9.256529e-03
129       1.207538e+00    1.074643e+16    1.263628e-02    2.158860e-02    2.566578e-03    7.703883e-03    1.945607e-02    2.671420e-02    3.184120e-02    3.269609e-02    2.951629e-02    2.457299e-02    1.754037e-02    1.387555e-02    1.282048e-02    1.151487e-02    8.885571e-03
130       1.215021e+00    1.080864e+16    1.211255e-02    2.070136e-02    2.455654e-03    7.379329e-03    1.865793e-02    2.560292e-02    3.049913e-02    3.130345e-02    2.825304e-02    2.351925e-02    1.678760e-02    1.327997e-02    1.227017e-02    1.102059e-02    8.504144e-03
131       1.221374e+00    1.087862e+16    1.149615e-02    1.965690e-02    2.325237e-03    6.997500e-03    1.771831e-02    2.429513e-02    2.892024e-02    2.966550e-02    2.676744e-02    2.228010e-02    1.590238e-02    1.257961e-02    1.162304e-02    1.043935e-02    8.055611e-03
132       1.227920e+00    1.094083e+16    1.097906e-02    1.878065e-02    2.215862e-03    6.677221e-03    1.693000e-02    2.319805e-02    2.759588e-02    2.829169e-02    2.552146e-02    2.124082e-02    1.515995e-02    1.199222e-02    1.108030e-02    9.951864e-03    7.679430e-03
133       1.234360e+00    1.101082e+16    1.045232e-02    1.788791e-02    2.104542e-03    6.351082e-03    1.612683e-02    2.208061e-02    2.624729e-02    2.689305e-02    2.425307e-02    2.018290e-02    1.440422e-02    1.139430e-02    1.052783e-02    9.455646e-03    7.296510e-03
134       1.240786e+00    1.108080e+16    9.939923e-03    1.701929e-02    1.996356e-03    6.033938e-03    1.534534e-02    2.099367e-02    2.493591e-02    2.553332e-02    2.302012e-02    1.915457e-02    1.366965e-02    1.081313e-02    9.990836e-03    8.973322e-03    6.924310e-03
135       1.248512e+00    1.115856e+16    9.434511e-03    1.616228e-02    1.889790e-03    5.721286e-03    1.457423e-02    1.992168e-02    2.364313e-02    2.419333e-02    2.180524e-02    1.814140e-02    1.294591e-02    1.024054e-02    9.461763e-03    8.498117e-03    6.557605e-03
136       1.256142e+00    1.125187e+16    8.833746e-03    1.514314e-02    1.763392e-03    5.349965e-03    1.365716e-02    1.864770e-02    2.210779e-02    2.260280e-02    2.036357e-02    1.693919e-02    1.208718e-02    9.561145e-03    8.834015e-03    7.934284e-03    6.122508e-03
137       1.263949e+00    1.134518e+16    8.248337e-03    1.414954e-02    1.640525e-03    4.988480e-03    1.276298e-02    1.740654e-02    2.061317e-02    2.105539e-02    1.896138e-02    1.577004e-02    1.125210e-02    8.900469e-03    8.223560e-03    7.385984e-03    5.699398e-03
138       1.271926e+00    1.143072e+16    7.656997e-03    1.314498e-02    1.516959e-03    4.623965e-03    1.185875e-02    1.615330e-02    1.910609e-02    1.949680e-02    1.754977e-02    1.459328e-02    1.041166e-02    8.235559e-03    7.609195e-03    6.834174e-03    5.273581e-03
139       1.279715e+00    1.149293e+16    7.058137e-03    1.212600e-02    1.392809e-03    4.255956e-03    1.094124e-02    1.488501e-02    1.758471e-02    1.792653e-02    1.612887e-02    1.340922e-02    9.566128e-03    7.566643e-03    6.991132e-03    6.279045e-03    4.845205e-03
140       1.287286e+00    1.155514e+16    6.472649e-03    1.112643e-02    1.273461e-03    3.898509e-03    1.004054e-02    1.364685e-02    1.610727e-02    1.640806e-02    1.475750e-02    1.226733e-02    8.750982e-03    6.921803e-03    6.395322e-03    5.743910e-03    4.432261e-03
141       1.295097e+00    1.163290e+16    5.892600e-03    1.012933e-02    1.159339e-03    3.549142e-03    9.140750e-03    1.242388e-02    1.466381e-02    1.493764e-02    1.343500e-02    1.116798e-02    7.966757e-03    6.301501e-03    5.822201e-03    5.229166e-03    4.035061e-03
142       1.303236e+00    1.171066e+16    5.301356e-03    9.112986e-03    1.043014e-03    3.193033e-03    8.223597e-03    1.117731e-02    1.319249e-02    1.343884e-02    1.208697e-02    1.004742e-02    7.167398e-03    5.669228e-03    5.238020e-03    4.704488e-03    3.630196e-03
143       1.311025e+00    1.180397e+16    4.693427e-03    8.067962e-03    9.234075e-04    2.826874e-03    7.280562e-03    9.895560e-03    1.167965e-02    1.189776e-02    1.070091e-02    8.895242e-03    6.345482e-03    5.019114e-03    4.637354e-03    4.165004e-03    3.213906e-03
144       1.319609e+00    1.187395e+16    4.120116e-03    7.082445e-03    8.106115e-04    2.481566e-03    6.391228e-03    8.686799e-03    1.025296e-02    1.044442e-02    9.393774e-03    7.808672e-03    5.570370e-03    4.406020e-03    4.070893e-03    3.656241e-03    2.821321e-03
145       1.327825e+00    1.198282e+16    3.496935e-03    6.011203e-03    6.880039e-04    2.106221e-03    5.424534e-03    7.372893e-03    8.702167e-03    8.864670e-03    7.972936e-03    6.627585e-03    4.727833e-03    3.739595e-03    3.455157e-03    3.103223e-03    2.394588e-03
146       1.336138e+00    1.210723e+16    2.909426e-03    5.001280e-03    5.724146e-04    1.752362e-03    4.513176e-03    6.134197e-03    7.240144e-03    7.375345e-03    6.633428e-03    5.514106e-03    3.933525e-03    3.111318e-03    2.874667e-03    2.581860e-03    1.992280e-03
147       1.344126e+00    1.227053e+16    2.326429e-03    3.999112e-03    4.577129e-04    1.401220e-03    3.608816e-03    4.905013e-03    5.789348e-03    5.897458e-03    5.304208e-03    4.409177e-03    3.145317e-03    2.487865e-03    2.298635e-03    2.064502e-03    1.593063e-03
148       1.352329e+00    1.276819e+16    1.779378e-03    3.058736e-03    3.500834e-04    1.071728e-03    2.760216e-03    3.751618e-03    4.428004e-03    4.510692e-03    4.056943e-03    3.372376e-03    2.405707e-03    1.902853e-03    1.758120e-03    1.579042e-03    1.218460e-03
149       1.356488e+00    1.321920e+16    1.246928e-03    2.143460e-03    2.453267e-04    7.510312e-04    1.934267e-03    2.629008e-03    3.102997e-03    3.160942e-03    2.842970e-03    2.363248e-03    1.685839e-03    1.333456e-03    1.232031e-03    1.106540e-03    8.538561e-04
150       1.360493e+00    1.372464e+16    9.963014e-04    1.712634e-03    1.960172e-04    6.000773e-04    1.545488e-03    2.100589e-03    2.479309e-03    2.525607e-03    2.271545e-03    1.888246e-03    1.346993e-03    1.065437e-03    9.843985e-04    8.841301e-04    6.822348e-04
151       1.364838e+00    1.412122e+16    7.717632e-04    1.326654e-03    1.518404e-04    4.648368e-04    1.197179e-03    1.627175e-03    1.920542e-03    1.956406e-03    1.759603e-03    1.462688e-03    1.043419e-03    8.253175e-04    7.625429e-04    6.848721e-04    5.284783e-04
152       1.366924e+00    1.468886e+16    5.437624e-04    9.347230e-04    1.069824e-04    3.275108e-04    8.434980e-04    1.146462e-03    1.353160e-03    1.378428e-03    1.239766e-03    1.030569e-03    7.351632e-04    5.814953e-04    5.372660e-04    4.825414e-04    3.723508e-04
153       1.368937e+00    1.491437e+16    4.414440e-04    7.588385e-04    8.685182e-05    2.658839e-04    6.847791e-04    9.307348e-04    1.098539e-03    1.119053e-03    1.006483e-03    8.366491e-04    5.968294e-04    4.720767e-04    4.361700e-04    3.917428e-04    3.022865e-04
154       1.370395e+00    1.526429e+16    3.479758e-04    5.981676e-04    6.846245e-05    2.095876e-04    5.397889e-04    7.336678e-04    8.659422e-04    8.821127e-04    7.933773e-04    6.595031e-04    4.704611e-04    3.721226e-04    3.438186e-04    3.087980e-04    2.382825e-04
155       1.372036e+00    1.548202e+16    2.828138e-04    4.861546e-04    5.564216e-05    1.703402e-04    4.387080e-04    5.962810e-04    7.037858e-04    7.169282e-04    6.448094e-04    5.360044e-04    3.823625e-04    3.024389e-04    2.794350e-04    2.509725e-04    1.936617e-04
156       1.373266e+00    1.583194e+16    2.121692e-04    3.647171e-04    4.174320e-05    1.277906e-04    3.291223e-04    4.473348e-04    5.279858e-04    5.378453e-04    4.837412e-04    4.021148e-04    2.868514e-04    2.268921e-04    2.096344e-04    1.882816e-04    1.452866e-04
157       1.374388e+00    1.605744e+16    1.611415e-04    2.770009e-04    3.170376e-05    9.705632e-05    2.499668e-04    3.397487e-04    4.010027e-04    4.084909e-04    3.673991e-04    3.054043e-04    2.178623e-04    1.723235e-04    1.592163e-04    1.429989e-04    1.103445e-04
158       1.375159e+00    1.631405e+16    1.162279e-04    1.997948e-04    2.286723e-05    7.000462e-05    1.802956e-04    2.450534e-04    2.892345e-04    2.946357e-04    2.649970e-04    2.202815e-04    1.571393e-04    1.242932e-04    1.148393e-04    1.031420e-04    7.958907e-05
159       1.375758e+00    1.649290e+16    8.628533e-05    1.483238e-04    1.697619e-05    5.197008e-05    1.338480e-04    1.819229e-04    2.147221e-04    2.187318e-04    1.967287e-04    1.635327e-04    1.166572e-04    9.227286e-05    8.525447e-05    7.657066e-05    5.908539e-05
160       1.376174e+00    1.666397e+16    6.363041e-05    1.093801e-04    1.251895e-05    3.832491e-05    9.870510e-05    1.341575e-04    1.583451e-04    1.613020e-04    1.450759e-04    1.205959e-04    8.602790e-05    6.804586e-05    6.287021e-05    5.646640e-05    4.357204e-05
161       1.376652e+00    1.682726e+16    4.822908e-05    8.290539e-05    9.488822e-06    2.904861e-05    7.481417e-05    1.016856e-04    1.200187e-04    1.222599e-04    1.099613e-04    9.140642e-05    6.520540e-05    5.157580e-05    4.765288e-05    4.279908e-05    3.302571e-05
162       1.376886e+00    1.696723e+16    3.089115e-05    5.310163e-05    6.077674e-06    1.860589e-05    4.791913e-05    6.513049e-05    7.687301e-05    7.830852e-05    7.043114e-05    5.854661e-05    4.176463e-05    3.303475e-05    3.052209e-05    2.741318e-05    2.115325e-05
163       1.377103e+00    1.709942e+16    2.253440e-05    3.873645e-05    4.433528e-06    1.357258e-05    3.495594e-05    4.751124e-05    5.607715e-05    5.712432e-05    5.137795e-05    4.270845e-05    3.046637e-05    2.409812e-05    2.226518e-05    1.999731e-05    1.543083e-05
164       1.377229e+00    1.720829e+16    1.493563e-05    2.567422e-05    2.938507e-06    8.995802e-06    2.316852e-05    3.149008e-05    3.716749e-05    3.786155e-05    3.405290e-05    2.830683e-05    2.019287e-05    1.597204e-05    1.475719e-05    1.325406e-05    1.022743e-05
165       1.377326e+00    1.730160e+16    1.056791e-05    1.816614e-05    2.079181e-06    6.365102e-06    1.639320e-05    2.228124e-05    2.629837e-05    2.678946e-05    2.409460e-05    2.002888e-05    1.428774e-05    1.130124e-05    1.044165e-05    9.378089e-06    7.236558e-06
166       1.377400e+00    1.741046e+16    7.269407e-06    1.249605e-05    1.430218e-06    4.378400e-06    1.127649e-05    1.532672e-05    1.809001e-05    1.842782e-05    1.657409e-05    1.377738e-05    9.828191e-06    7.773847e-06    7.182559e-06    6.450961e-06    4.977854e-06
167       1.377428e+00    1.748045e+16    4.763797e-06    8.188927e-06    9.372524e-07    2.869258e-06    7.389722e-06    1.004393e-05    1.185477e-05    1.207614e-05    1.086135e-05    9.028611e-06    6.440622e-06    5.094367e-06    4.706883e-06    4.227452e-06    3.262093e-06
168       1.377463e+00    1.753488e+16    3.818129e-06    6.563332e-06    7.511971e-07    2.299678e-06    5.922778e-06    8.050093e-06    9.501461e-06    9.678890e-06    8.705250e-06    7.236329e-06    5.162085e-06    4.083077e-06    3.772513e-06    3.388254e-06    2.614530e-06
169       1.377489e+00    1.761264e+16    2.655458e-06    4.564710e-06    5.224476e-07    1.599395e-06    4.119213e-06    5.598732e-06    6.608139e-06    6.731539e-06    6.054385e-06    5.032770e-06    3.590161e-06    2.839726e-06    2.623733e-06    2.356486e-06    1.818371e-06
170       1.377507e+00    1.767485e+16    1.814439e-06    3.119006e-06    3.569815e-07    1.092846e-06    2.814604e-06    3.825540e-06    4.515255e-06    4.599572e-06    4.136882e-06    3.438826e-06    2.453110e-06    1.940347e-06    1.792762e-06    1.610156e-06    1.242469e-06
171       1.377519e+00    1.774483e+16    1.218931e-06    2.095333e-06    2.398184e-07    7.341683e-07    1.890837e-06    2.569979e-06    3.033326e-06    3.089969e-06    2.779136e-06    2.310186e-06    1.647987e-06    1.303515e-06    1.204369e-06    1.081694e-06    8.346844e-07
172       1.377529e+00    1.785370e+16    8.365159e-07    1.437964e-06    1.645802e-07    5.038377e-07    1.297625e-06    1.763699e-06    2.081680e-06    2.120553e-06    1.907238e-06    1.585411e-06    1.130964e-06    8.945636e-07    8.265220e-07    7.423345e-07    5.728189e-07
173       1.377535e+00    1.791590e+16    5.053075e-07    8.686195e-07    9.941665e-08    3.043492e-07    7.838458e-07    1.065384e-06    1.257464e-06    1.280946e-06    1.152090e-06    9.576868e-07    6.831725e-07    5.403719e-07    4.992706e-07    4.484161e-07    3.460182e-07
174       1.377539e+00    1.804032e+16    3.312485e-07    5.694134e-07    6.517143e-08    1.995126e-07    5.138410e-07    6.984000e-07    8.243160e-07    8.397092e-07    7.552393e-07    6.278005e-07    4.478458e-07    3.542345e-07    3.272910e-07    2.939540e-07    2.268282e-07
175       1.377542e+00    1.816474e+16    2.003871e-07    3.444638e-07    3.942513e-08    1.206941e-07    3.108455e-07    4.224936e-07    4.986658e-07    5.079779e-07    4.568782e-07    3.797847e-07    2.709221e-07    2.142924e-07    1.979931e-07    1.778260e-07    1.372186e-07
176       1.377545e+00    1.880237e+16    9.524821e-08    1.637309e-07    1.873959e-08    5.736847e-08    1.477514e-07    2.008201e-07    2.370264e-07    2.414526e-07    2.171638e-07    1.805197e-07    1.287750e-07    1.018577e-07    9.411028e-08    8.452443e-08    6.522288e-08
