izn          menc_Msun       radius_cm         tau3keV         tau6keV         tau1keV         tau2keV         tau5keV        tau10keV        tau20keV        tau50keV       tau100keV       tau200keV       tau500keV       tau847keV      tau1000keV      tau1238keV      tau2000keV
0         4.720683e-08    8.640000e+12    1.482559e+00    2.437149e+00    3.891007e-01    1.001088e+00    2.154487e+00    3.318474e+00    4.354869e+00    4.825388e+00    4.505533e+00    3.806201e+00    2.734208e+00    2.165470e+00    2.001297e+00    1.797913e+00    1.387710e+00
1         5.209976e-07    1.781222e+13    1.467576e+00    2.413065e+00    3.851423e-01    9.908957e-01    2.133075e+00    3.285979e+00    4.312614e+00    4.779075e+00    4.462507e+00    3.769966e+00    2.708221e+00    2.144895e+00    1.982283e+00    1.780833e+00    1.374528e+00
2         7.531176e-05    9.524736e+13    1.447010e+00    2.380006e+00    3.797088e-01    9.769053e-01    2.103683e+00    3.241376e+00    4.254613e+00    4.715503e+00    4.403446e+00    3.720229e+00    2.672549e+00    2.116653e+00    1.956183e+00    1.757388e+00    1.356433e+00
3         2.241859e-04    1.806106e+14    1.287166e+00    2.123067e+00    3.374788e-01    8.681694e-01    1.875246e+00    2.894711e+00    3.803819e+00    4.221410e+00    3.944418e+00    3.333663e+00    2.395307e+00    1.897152e+00    1.753335e+00    1.575167e+00    1.215800e+00
4         6.187699e-04    2.658355e+14    1.227276e+00    2.026796e+00    3.216560e-01    8.274278e-01    1.789655e+00    2.764821e+00    3.634914e+00    4.036282e+00    3.772427e+00    3.188823e+00    2.291429e+00    1.814909e+00    1.677331e+00    1.506891e+00    1.163107e+00
5         1.078353e-03    3.405542e+14    1.165486e+00    1.927472e+00    3.053314e-01    7.853946e-01    1.701350e+00    2.630813e+00    3.460654e+00    3.845284e+00    3.594984e+00    3.039391e+00    2.184258e+00    1.730058e+00    1.598917e+00    1.436451e+00    1.108743e+00
6         2.659219e-03    4.391194e+14    1.126202e+00    1.864324e+00    2.949525e-01    7.586705e-01    1.645207e+00    2.545613e+00    3.349862e+00    3.723851e+00    3.482169e+00    2.944384e+00    2.116120e+00    1.676111e+00    1.549063e+00    1.391667e+00    1.074180e+00
7         4.488850e-03    5.487437e+14    1.044484e+00    1.732967e+00    2.733630e-01    7.030805e-01    1.528421e+00    2.368384e+00    3.119399e+00    3.471251e+00    3.247496e+00    2.746756e+00    1.974383e+00    1.563894e+00    1.445359e+00    1.298508e+00    1.002282e+00
8         8.964167e-03    6.981120e+14    9.854979e-01    1.638150e+00    2.577791e-01    6.629545e-01    1.444123e+00    2.240457e+00    2.953045e+00    3.288920e+00    3.078104e+00    2.604104e+00    1.872075e+00    1.482893e+00    1.370503e+00    1.231265e+00    9.503854e-01
9         1.784998e-02    8.501760e+14    8.949924e-01    1.492668e+00    2.338679e-01    6.013867e-01    1.314779e+00    2.044171e+00    2.697800e+00    3.009158e+00    2.818196e+00    2.385225e+00    1.715096e+00    1.358609e+00    1.255647e+00    1.128089e+00    8.707567e-01
10        2.799012e-02    1.096243e+15    7.782697e-01    1.305042e+00    2.030302e-01    5.219843e-01    1.147967e+00    1.791025e+00    2.368615e+00    2.648356e+00    2.482998e+00    2.102942e+00    1.512645e+00    1.198323e+00    1.107521e+00    9.950248e-01    7.680616e-01
11        3.573537e-02    1.190938e+15    6.941657e-01    1.169849e+00    1.808103e-01    4.647712e-01    1.027772e+00    1.608621e+00    2.131422e+00    2.388380e+00    2.241472e+00    1.899542e+00    1.366769e+00    1.082828e+00    1.000788e+00    8.991457e-01    6.940646e-01
12        4.388573e-02    1.330560e+15    6.474208e-01    1.094708e+00    1.684605e-01    4.329723e-01    9.609669e-01    1.507240e+00    1.999589e+00    2.243884e+00    2.107230e+00    1.786492e+00    1.285690e+00    1.018635e+00    9.414652e-01    8.458555e-01    6.529366e-01
13        4.961839e-02    1.391386e+15    6.069674e-01    1.029681e+00    1.577729e-01    4.054533e-01    9.031532e-01    1.419504e+00    1.885499e+00    2.118834e+00    1.991054e+00    1.688655e+00    1.215522e+00    9.630817e-01    8.901259e-01    7.997369e-01    6.173435e-01
14        5.603555e-02    1.482624e+15    5.825300e-01    9.903983e-01    1.513166e-01    3.888295e-01    8.682285e-01    1.366503e+00    1.816577e+00    2.043291e+00    1.920872e+00    1.629552e+00    1.173134e+00    9.295216e-01    8.591118e-01    7.718766e-01    5.958416e-01
15        6.230036e-02    1.526170e+15    5.579980e-01    9.509631e-01    1.448354e-01    3.721413e-01    8.331683e-01    1.313296e+00    1.747387e+00    1.967454e+00    1.850416e+00    1.570218e+00    1.130580e+00    8.958303e-01    8.279764e-01    7.439073e-01    5.742556e-01
16        6.878357e-02    1.616717e+15    5.361422e-01    9.158289e-01    1.390612e-01    3.572738e-01    8.019322e-01    1.265891e+00    1.685741e+00    1.899885e+00    1.787641e+00    1.517352e+00    1.092665e+00    8.658116e-01    8.002351e-01    7.189870e-01    5.550228e-01
17        7.543748e-02    1.654733e+15    5.154185e-01    8.825140e-01    1.335861e-01    3.431764e-01    7.723136e-01    1.220941e+00    1.627286e+00    1.835813e+00    1.728115e+00    1.467222e+00    1.056712e+00    8.373466e-01    7.739295e-01    6.953564e-01    5.367853e-01
18        8.230894e-02    1.743206e+15    4.957890e-01    8.509553e-01    1.284002e-01    3.298237e-01    7.442571e-01    1.178358e+00    1.571908e+00    1.775110e+00    1.671718e+00    1.419726e+00    1.022648e+00    8.103770e-01    7.490058e-01    6.729672e-01    5.195059e-01
19        8.879927e-02    1.784678e+15    4.770048e-01    8.207543e-01    1.234376e-01    3.170462e-01    7.174080e-01    1.137606e+00    1.518910e+00    1.717014e+00    1.617742e+00    1.374269e+00    9.900459e-01    7.845651e-01    7.251521e-01    6.515391e-01    5.029682e-01
20        9.550118e-02    1.861402e+15    4.605468e-01    7.942911e-01    1.190897e-01    3.058513e-01    6.938823e-01    1.101896e+00    1.472467e+00    1.666102e+00    1.570439e+00    1.334431e+00    9.614740e-01    7.619437e-01    7.042469e-01    6.327597e-01    4.884748e-01
21        1.046808e-01    1.908403e+15    4.447165e-01    7.687957e-01    1.149085e-01    2.950880e-01    6.712274e-01    1.067465e+00    1.427651e+00    1.616928e+00    1.524732e+00    1.295928e+00    9.338551e-01    7.400764e-01    6.840383e-01    6.146060e-01    4.744641e-01
22        1.138890e-01    2.003098e+15    4.244859e-01    7.361848e-01    1.095657e-01    2.813361e-01    6.422567e-01    1.023405e+00    1.370277e+00    1.553944e+00    1.466175e+00    1.246593e+00    8.984646e-01    7.120554e-01    6.581429e-01    5.913436e-01    4.565106e-01
23        1.231733e-01    2.060467e+15    4.057241e-01    7.058963e-01    1.046119e-01    2.685877e-01    6.153602e-01    9.824521e-01    1.316911e+00    1.495310e+00    1.411642e+00    1.200637e+00    8.654937e-01    6.859494e-01    6.340172e-01    5.696709e-01    4.397838e-01
24        1.326445e-01    2.144102e+15    3.885802e-01    6.780142e-01    1.000899e-01    2.569618e-01    5.906514e-01    9.446160e-01    1.267428e+00    1.440722e+00    1.360776e+00    1.157722e+00    8.346871e-01    6.615544e-01    6.114721e-01    5.494176e-01    4.241520e-01
25        1.448927e-01    2.213222e+15    3.723426e-01    6.515534e-01    9.580817e-02    2.459564e-01    5.672149e-01    9.086735e-01    1.220376e+00    1.388760e+00    1.312333e+00    1.116840e+00    8.053348e-01    6.383102e-01    5.899905e-01    5.301196e-01    4.092574e-01
26        1.572242e-01    2.302387e+15    3.528853e-01    6.197932e-01    9.067862e-02    2.327746e-01    5.390976e-01    8.654981e-01    1.163812e+00    1.326236e+00    1.254020e+00    1.067617e+00    7.699892e-01    6.103191e-01    5.641219e-01    5.068803e-01    3.913207e-01
27        1.697169e-01    2.401920e+15    3.351197e-01    5.905336e-01    8.600098e-02    2.207683e-01    5.132575e-01    8.255498e-01    1.111254e+00    1.267865e+00    1.199464e+00    1.021503e+00    7.368549e-01    5.840756e-01    5.398678e-01    4.850908e-01    3.745024e-01
28        1.823643e-01    2.455834e+15    3.189621e-01    5.636822e-01    8.175218e-02    2.098757e-01    4.896022e-01    7.887322e-01    1.062614e+00    1.213596e+00    1.148635e+00    9.784873e-01    7.059261e-01    5.595758e-01    5.172247e-01    4.647481e-01    3.588002e-01
29        1.907107e-01    2.551910e+15    3.039926e-01    5.385892e-01    7.782074e-02    1.998085e-01    4.675476e-01    7.541854e-01    1.016795e+00    1.162254e+00    1.100455e+00    9.376653e-01    6.765575e-01    5.363091e-01    4.957209e-01    4.454284e-01    3.438872e-01
30        1.993106e-01    2.579558e+15    2.948848e-01    5.232106e-01    7.543127e-02    1.936958e-01    4.540576e-01    7.329414e-01    9.885281e-01    1.130469e+00    1.070581e+00    9.123292e-01    6.583211e-01    5.218603e-01    4.823666e-01    4.334302e-01    3.346255e-01
31        2.077098e-01    2.654899e+15    2.860821e-01    5.082649e-01    7.312374e-02    1.877972e-01    4.409667e-01    7.122428e-01    9.609206e-01    1.099344e+00    1.041292e+00    8.874725e-01    6.404235e-01    5.076789e-01    4.692594e-01    4.216538e-01    3.255347e-01
32        2.161876e-01    2.690150e+15    2.779345e-01    4.943611e-01    7.098952e-02    1.823455e-01    4.288049e-01    6.929425e-01    9.351219e-01    1.070188e+00    1.013829e+00    8.641506e-01    6.236257e-01    4.943680e-01    4.569565e-01    4.106000e-01    3.170017e-01
33        2.247936e-01    2.753741e+15    2.701533e-01    4.810162e-01    6.895278e-02    1.771464e-01    4.171474e-01    6.743762e-01    9.102514e-01    1.042018e+00    9.872661e-01    8.415800e-01    6.073640e-01    4.814812e-01    4.450456e-01    3.998982e-01    3.087401e-01
34        2.333907e-01    2.791066e+15    2.626349e-01    4.680614e-01    6.698624e-02    1.721298e-01    4.058447e-01    6.563142e-01    8.860086e-01    1.014500e+00    9.612945e-01    8.194993e-01    5.914507e-01    4.688698e-01    4.333890e-01    3.894247e-01    3.006548e-01
35        2.420309e-01    2.858112e+15    2.554853e-01    4.556839e-01    6.511744e-02    1.673656e-01    3.950591e-01    6.390210e-01    8.627522e-01    9.880468e-01    9.363049e-01    7.982418e-01    5.761265e-01    4.567245e-01    4.221632e-01    3.793383e-01    2.928681e-01
36        2.507676e-01    2.899584e+15    2.486443e-01    4.437881e-01    6.333054e-02    1.628132e-01    3.847054e-01    6.223680e-01    8.403155e-01    9.624760e-01    9.121284e-01    7.776655e-01    5.612896e-01    4.449648e-01    4.112938e-01    3.695718e-01    2.853284e-01
37        2.646089e-01    2.972851e+15    2.420615e-01    4.322910e-01    6.161219e-02    1.584381e-01    3.747101e-01    6.062419e-01    8.185500e-01    9.376232e-01    8.886114e-01    7.576407e-01    5.468467e-01    4.335169e-01    4.007124e-01    3.600641e-01    2.779883e-01
38        2.787225e-01    3.054413e+15    2.321620e-01    4.149177e-01    5.902999e-02    1.518682e-01    3.596252e-01    5.818223e-01    7.855264e-01    8.998380e-01    8.528250e-01    7.271524e-01    5.248512e-01    4.160816e-01    3.845966e-01    3.455834e-01    2.668088e-01
39        2.927237e-01    3.124224e+15    2.227262e-01    3.982597e-01    5.657100e-02    1.456171e-01    3.451838e-01    5.583476e-01    7.537054e-01    8.633379e-01    8.182185e-01    6.976505e-01    5.035604e-01    3.992037e-01    3.689959e-01    3.315654e-01    2.559864e-01
40        3.067863e-01    3.223066e+15    2.139475e-01    3.826735e-01    5.428522e-02    1.398112e-01    3.316914e-01    5.363294e-01    7.237919e-01    8.289457e-01    7.855775e-01    6.698076e-01    4.834609e-01    3.832693e-01    3.542671e-01    3.183307e-01    2.457684e-01
41        3.153916e-01    3.264538e+15    2.056999e-01    3.679560e-01    5.213943e-02    1.343649e-01    3.189676e-01    5.154934e-01    6.954288e-01    7.962691e-01    7.545375e-01    6.433165e-01    4.643322e-01    3.681036e-01    3.402489e-01    3.057342e-01    2.360431e-01
42        3.239460e-01    3.335040e+15    2.009182e-01    3.593886e-01    5.089618e-02    1.312113e-01    3.115686e-01    5.033431e-01    6.788631e-01    7.771529e-01    7.363660e-01    6.278017e-01    4.531269e-01    3.592195e-01    3.320368e-01    2.983550e-01    2.303458e-01
43        3.324567e-01    3.361997e+15    1.963538e-01    3.511897e-01    4.970987e-02    1.282032e-01    3.044924e-01    4.917033e-01    6.629781e-01    7.588042e-01    7.189166e-01    6.128996e-01    4.423628e-01    3.506849e-01    3.241479e-01    2.912661e-01    2.248726e-01
44        3.410041e-01    3.433190e+15    1.919728e-01    3.432997e-01    4.857171e-02    1.253184e-01    2.976873e-01    4.804893e-01    6.476591e-01    7.410907e-01    7.020638e-01    5.985034e-01    4.319627e-01    3.424388e-01    3.165255e-01    2.844167e-01    2.195843e-01
45        3.496075e-01    3.464294e+15    1.877242e-01    3.356301e-01    4.746834e-02    1.225227e-01    2.910763e-01    4.695780e-01    6.327403e-01    7.238244e-01    6.856301e-01    5.844619e-01    4.218177e-01    3.343947e-01    3.090898e-01    2.777350e-01    2.144255e-01
46        3.581894e-01    3.527194e+15    1.835954e-01    3.281610e-01    4.639646e-02    1.198077e-01    2.846416e-01    4.589425e-01    6.181868e-01    7.069670e-01    6.695800e-01    5.707453e-01    4.119065e-01    3.265358e-01    3.018253e-01    2.712072e-01    2.093853e-01
47        3.667499e-01    3.558298e+15    1.796061e-01    3.209304e-01    4.536111e-02    1.171860e-01    2.784154e-01    4.486382e-01    6.040766e-01    6.906110e-01    6.540023e-01    5.574300e-01    4.022843e-01    3.189059e-01    2.947725e-01    2.648695e-01    2.044920e-01
48        3.750346e-01    3.621888e+15    1.757501e-01    3.139278e-01    4.436066e-02    1.146534e-01    2.723886e-01    4.386509e-01    5.903905e-01    6.747348e-01    6.388769e-01    5.444989e-01    3.929388e-01    3.114953e-01    2.879224e-01    2.587139e-01    1.997393e-01
49        3.902739e-01    3.672346e+15    1.721316e-01    3.073452e-01    4.342208e-02    1.122781e-01    2.667257e-01    4.292559e-01    5.775078e-01    6.597808e-01    6.246260e-01    5.323135e-01    3.841315e-01    3.045114e-01    2.814667e-01    2.529127e-01    1.952602e-01
50        4.048997e-01    3.777408e+15    1.657188e-01    2.956522e-01    4.175933e-02    1.080715e-01    2.566722e-01    4.125509e-01    5.545819e-01    6.331455e-01    5.992336e-01    5.105966e-01    3.684335e-01    2.920631e-01    2.699597e-01    2.425724e-01    1.872763e-01
51        4.201812e-01    3.834086e+15    1.598576e-01    2.849354e-01    4.024049e-02    1.042303e-01    2.474645e-01    3.972241e-01    5.335269e-01    6.086592e-01    5.758801e-01    4.906184e-01    3.539905e-01    2.806096e-01    2.593723e-01    2.330584e-01    1.799304e-01
52        4.346103e-01    3.940531e+15    1.540240e-01    2.742429e-01    3.872981e-02    1.004105e-01    2.382830e-01    3.819184e-01    5.124843e-01    5.841667e-01    5.525121e-01    4.706235e-01    3.395338e-01    2.691450e-01    2.487747e-01    2.235351e-01    1.725772e-01
53        4.435754e-01    3.988915e+15    1.487700e-01    2.645926e-01    3.737003e-02    9.697290e-02    2.300005e-01    3.680941e-01    4.934656e-01    5.620141e-01    5.313703e-01    4.525301e-01    3.264507e-01    2.587696e-01    2.391838e-01    2.149164e-01    1.659226e-01
54        4.524555e-01    4.058035e+15    1.456427e-01    2.588397e-01    3.656105e-02    9.492797e-02    2.250647e-01    3.598484e-01    4.821160e-01    5.487874e-01    5.187442e-01    4.417232e-01    3.186358e-01    2.525720e-01    2.334548e-01    2.097682e-01    1.619475e-01
55        4.607864e-01    4.087757e+15    1.426418e-01    2.533135e-01    3.578501e-02    9.296643e-02    2.203247e-01    3.519250e-01    4.712066e-01    5.360695e-01    5.066021e-01    4.313296e-01    3.111195e-01    2.466111e-01    2.279446e-01    2.048165e-01    1.581242e-01
56        4.691676e-01    4.155494e+15    1.399004e-01    2.482603e-01    3.507629e-02    9.117516e-02    2.159913e-01    3.446772e-01    4.612245e-01    5.244288e-01    4.954869e-01    4.218143e-01    3.042381e-01    2.411537e-01    2.228998e-01    2.002831e-01    1.546238e-01
57        4.782464e-01    4.188672e+15    1.372125e-01    2.433013e-01    3.438158e-02    8.941940e-02    2.117395e-01    3.375625e-01    4.514232e-01    5.129957e-01    4.845687e-01    4.124669e-01    2.974778e-01    2.357923e-01    2.179438e-01    1.958294e-01    1.511849e-01
58        4.866133e-01    4.251571e+15    1.343760e-01    2.380640e-01    3.364869e-02    8.756721e-02    2.072500e-01    3.300464e-01    4.410663e-01    5.009113e-01    4.730272e-01    4.025852e-01    2.903308e-01    2.301242e-01    2.127043e-01    1.911210e-01    1.475494e-01
59        4.953515e-01    4.295117e+15    1.318254e-01    2.333508e-01    3.298982e-02    8.590214e-02    2.032105e-01    3.232809e-01    4.317416e-01    4.900287e-01    4.626324e-01    3.936847e-01    2.838934e-01    2.250188e-01    2.079848e-01    1.868800e-01    1.442747e-01
60        5.038872e-01    4.351795e+15    1.292316e-01    2.285546e-01    3.231999e-02    8.420945e-02    1.991005e-01    3.163945e-01    4.222482e-01    4.789466e-01    4.520459e-01    3.846197e-01    2.773367e-01    2.198187e-01    2.031779e-01    1.825603e-01    1.409394e-01
61        5.167221e-01    4.416768e+15    1.267600e-01    2.239811e-01    3.168186e-02    8.259688e-02    1.951819e-01    3.098265e-01    4.131919e-01    4.683727e-01    4.419440e-01    3.759690e-01    2.710796e-01    2.148562e-01    1.985906e-01    1.784380e-01    1.377564e-01
62        5.293631e-01    4.478976e+15    1.231519e-01    2.172995e-01    3.075057e-02    8.024356e-02    1.894582e-01    3.002287e-01    3.999554e-01    4.529141e-01    4.271740e-01    3.633201e-01    2.619301e-01    2.075998e-01    1.918829e-01    1.724101e-01    1.331020e-01
63        5.423567e-01    4.565376e+15    1.197057e-01    2.109122e-01    2.986136e-02    7.799664e-02    1.839875e-01    2.910510e-01    3.872950e-01    4.381244e-01    4.130416e-01    3.512164e-01    2.531747e-01    2.006559e-01    1.854639e-01    1.666417e-01    1.286480e-01
64        5.551301e-01    4.633805e+15    1.162846e-01    2.045663e-01    2.897890e-02    7.576678e-02    1.785533e-01    2.819307e-01    3.747112e-01    4.234207e-01    3.989898e-01    3.391809e-01    2.444685e-01    1.937509e-01    1.790809e-01    1.609057e-01    1.242190e-01
65        5.678792e-01    4.718131e+15    1.130384e-01    1.985407e-01    2.814186e-02    7.365164e-02    1.733941e-01    2.732691e-01    3.627579e-01    4.094508e-01    3.856381e-01    3.277445e-01    2.361953e-01    1.871893e-01    1.730154e-01    1.554550e-01    1.200102e-01
66        5.808353e-01    4.798310e+15    1.099076e-01    1.927254e-01    2.733480e-02    7.161226e-02    1.684158e-01    2.649083e-01    3.512180e-01    3.959615e-01    3.727448e-01    3.167001e-01    2.282055e-01    1.808525e-01    1.671577e-01    1.501909e-01    1.159456e-01
67        5.935844e-01    4.868122e+15    1.068386e-01    1.870216e-01    2.654389e-02    6.961362e-02    1.635334e-01    2.567064e-01    3.398959e-01    3.827247e-01    3.600918e-01    3.058612e-01    2.203642e-01    1.746334e-01    1.614087e-01    1.450246e-01    1.119565e-01
68        6.060591e-01    4.959360e+15    1.039146e-01    1.815845e-01    2.579055e-02    6.770988e-02    1.588798e-01    2.488870e-01    3.291005e-01    3.701019e-01    3.480251e-01    2.955241e-01    2.128858e-01    1.687021e-01    1.559258e-01    1.400974e-01    1.081520e-01
69        6.222196e-01    5.028480e+15    1.011490e-01    1.764396e-01    2.507824e-02    6.590973e-02    1.544768e-01    2.414871e-01    3.188832e-01    3.581536e-01    3.366025e-01    2.857384e-01    2.058062e-01    1.630870e-01    1.507353e-01    1.354329e-01    1.045503e-01
70        6.377325e-01    5.143219e+15    9.768321e-02    1.699892e-01    2.418579e-02    6.365423e-02    1.489569e-01    2.322086e-01    3.060710e-01    3.431692e-01    3.222768e-01    2.734653e-01    1.969268e-01    1.560446e-01    1.442252e-01    1.295827e-01    1.000330e-01
71        6.531381e-01    5.226163e+15    9.447813e-02    1.640214e-01    2.336074e-02    6.156892e-02    1.438504e-01    2.236237e-01    2.942155e-01    3.293022e-01    3.090188e-01    2.621066e-01    1.887089e-01    1.495267e-01    1.382000e-01    1.241681e-01    9.585222e-02
72        6.684412e-01    5.334682e+15    9.141732e-02    1.583200e-01    2.257306e-02    5.957791e-02    1.389722e-01    2.154215e-01    2.828880e-01    3.160518e-01    2.963498e-01    2.512522e-01    1.808557e-01    1.432981e-01    1.324423e-01    1.189940e-01    9.185697e-02
73        6.841289e-01    5.423846e+15    8.848770e-02    1.528613e-01    2.181935e-02    5.767260e-02    1.343019e-01    2.075681e-01    2.720418e-01    3.033634e-01    2.842178e-01    2.408577e-01    1.733353e-01    1.373333e-01    1.269284e-01    1.140389e-01    8.803096e-02
74        6.991308e-01    5.531674e+15    8.559487e-02    1.474696e-01    2.107531e-02    5.579156e-02    1.296891e-01    1.998110e-01    2.613285e-01    2.908301e-01    2.722339e-01    2.305899e-01    1.659064e-01    1.314412e-01    1.214817e-01    1.091443e-01    8.425154e-02
75        7.148173e-01    5.625677e+15    8.292789e-02    1.424977e-01    2.038954e-02    5.405766e-02    1.254356e-01    1.926580e-01    2.514493e-01    2.792722e-01    2.611825e-01    2.211211e-01    1.590555e-01    1.260075e-01    1.164588e-01    1.046304e-01    8.076615e-02
76        7.296348e-01    5.724518e+15    8.023184e-02    1.374722e-01    1.969773e-02    5.230625e-02    1.211350e-01    1.854345e-01    2.414806e-01    2.676159e-01    2.500394e-01    2.115744e-01    1.521486e-01    1.205294e-01    1.113948e-01    1.000797e-01    7.725231e-02
77        7.384454e-01    5.805389e+15    7.777117e-02    1.328848e-01    1.906647e-02    5.070797e-02    1.172093e-01    1.788409e-01    2.323814e-01    2.569764e-01    2.398682e-01    2.028605e-01    1.458441e-01    1.155291e-01    1.067726e-01    9.592588e-02    7.404496e-02
78        7.471127e-01    5.866214e+15    7.635329e-02    1.302412e-01    1.870281e-02    4.978711e-02    1.149470e-01    1.750414e-01    2.271382e-01    2.508457e-01    2.340074e-01    1.978394e-01    1.422114e-01    1.126479e-01    1.041091e-01    9.353238e-02    7.219682e-02
79        7.557563e-01    5.918746e+15    7.499222e-02    1.277033e-01    1.835374e-02    4.890320e-02    1.127753e-01    1.713939e-01    2.221048e-01    2.449602e-01    2.283810e-01    1.930190e-01    1.387239e-01    1.098818e-01    1.015522e-01    9.123459e-02    7.042258e-02
80        7.645501e-01    5.985101e+15    7.366113e-02    1.252212e-01    1.801237e-02    4.803877e-02    1.106513e-01    1.678263e-01    2.171815e-01    2.392033e-01    2.228775e-01    1.883039e-01    1.353126e-01    1.071762e-01    9.905110e-02    8.898697e-02    6.868707e-02
81        7.732437e-01    6.030720e+15    7.233457e-02    1.227472e-01    1.767208e-02    4.717723e-02    1.085343e-01    1.642699e-01    2.122731e-01    2.334632e-01    2.173898e-01    1.836023e-01    1.319109e-01    1.044782e-01    9.655711e-02    8.674574e-02    6.695651e-02
82        7.818658e-01    6.101914e+15    7.104903e-02    1.203493e-01    1.734211e-02    4.634217e-02    1.064827e-01    1.608216e-01    2.075124e-01    2.278946e-01    2.120656e-01    1.790406e-01    1.286104e-01    1.018605e-01    9.413724e-02    8.457112e-02    6.527738e-02
83        7.899225e-01    6.151680e+15    6.980157e-02    1.180215e-01    1.702149e-02    4.553149e-02    1.044917e-01    1.574718e-01    2.028849e-01    2.224794e-01    2.068871e-01    1.746033e-01    1.253998e-01    9.931402e-02    9.178329e-02    8.245574e-02    6.364398e-02
84        7.985691e-01    6.215270e+15    6.866373e-02    1.158971e-01    1.672834e-02    4.479145e-02    1.026754e-01    1.544106e-01    1.986515e-01    2.175214e-01    2.021444e-01    1.705388e-01    1.224588e-01    9.698133e-02    8.962694e-02    8.051792e-02    6.214768e-02
85        8.079366e-01    6.274022e+15    6.746911e-02    1.136660e-01    1.641979e-02    4.401376e-02    1.007688e-01    1.511922e-01    1.941963e-01    2.123000e-01    1.971483e-01    1.662566e-01    1.193601e-01    9.452356e-02    8.735496e-02    7.847619e-02    6.057115e-02
86        8.179097e-01    6.337613e+15    6.618259e-02    1.112772e-01    1.608719e-02    4.317469e-02    9.872424e-02    1.477539e-01    1.894464e-01    2.067446e-01    1.918371e-01    1.617068e-01    1.160685e-01    9.191293e-02    8.494169e-02    7.630751e-02    5.889661e-02
87        8.273126e-01    6.406733e+15    6.482271e-02    1.087650e-01    1.573534e-02    4.228633e-02    9.657142e-02    1.441456e-01    1.844708e-01    2.009359e-01    1.862881e-01    1.569553e-01    1.126318e-01    8.918734e-02    8.242217e-02    7.404337e-02    5.714839e-02
88        8.367806e-01    6.459264e+15    6.354948e-02    1.064264e-01    1.540559e-02    4.145305e-02    9.456444e-02    1.407945e-01    1.798594e-01    1.955637e-01    1.811607e-01    1.525671e-01    1.094588e-01    8.667096e-02    8.009606e-02    7.195307e-02    5.553442e-02
89        8.461851e-01    6.529766e+15    6.227153e-02    1.040942e-01    1.507428e-02    4.061498e-02    9.255973e-02    1.374615e-01    1.752838e-01    1.902461e-01    1.760906e-01    1.482305e-01    1.063239e-01    8.418505e-02    7.779814e-02    6.988811e-02    5.394004e-02
90        8.550618e-01    6.590592e+15    6.100224e-02    1.017956e-01    1.474481e-02    3.978059e-02    9.057997e-02    1.341870e-01    1.708011e-01    1.850517e-01    1.711440e-01    1.440027e-01    1.032689e-01    8.176258e-02    7.555889e-02    6.787592e-02    5.238644e-02
91        8.648939e-01    6.655565e+15    5.980167e-02    9.964060e-02    1.443275e-02    3.898922e-02    8.871975e-02    1.311285e-01    1.666284e-01    1.802331e-01    1.665622e-01    1.400900e-01    1.004428e-01    7.952184e-02    7.348766e-02    6.601474e-02    5.094946e-02
92        8.737440e-01    6.718464e+15    5.846332e-02    9.726235e-02    1.408432e-02    3.810432e-02    8.666145e-02    1.277676e-01    1.620608e-01    1.749797e-01    1.615755e-01    1.358360e-01    9.737167e-02    7.708713e-02    7.123716e-02    6.399252e-02    4.938820e-02
93        8.896015e-01    6.788966e+15    5.725592e-02    9.513463e-02    1.376958e-02    3.730400e-02    8.481598e-02    1.247715e-01    1.580024e-01    1.703281e-01    1.571666e-01    1.320781e-01    9.465999e-02    7.493754e-02    6.925025e-02    6.220719e-02    4.800985e-02
94        9.046597e-01    6.902323e+15    5.503881e-02    9.129303e-02    1.319014e-02    3.582703e-02    8.146922e-02    1.194021e-01    1.507788e-01    1.621084e-01    1.494004e-01    1.254711e-01    8.989688e-02    7.116248e-02    6.576098e-02    5.907203e-02    4.558952e-02
95        9.206303e-01    7.001856e+15    5.288856e-02    8.763304e-02    1.262669e-02    3.438720e-02    7.826560e-02    1.143275e-01    1.440031e-01    1.544602e-01    1.421999e-01    1.193583e-01    8.549476e-02    6.767429e-02    6.253698e-02    5.617536e-02    4.335344e-02
96        9.361180e-01    7.105536e+15    5.055628e-02    8.373828e-02    1.201382e-02    3.281703e-02    7.483894e-02    1.089749e-01    1.369161e-01    1.465339e-01    1.347680e-01    1.130645e-01    8.096797e-02    6.408822e-02    5.922264e-02    5.319769e-02    4.105498e-02
97        9.513030e-01    7.209216e+15    4.827239e-02    7.997538e-02    1.141252e-02    3.127370e-02    7.151614e-02    1.038365e-01    1.301546e-01    1.390231e-01    1.277474e-01    1.071302e-01    7.670377e-02    6.071081e-02    5.610126e-02    5.039349e-02    3.889054e-02
98        9.658515e-01    7.326720e+15    4.603897e-02    7.632875e-02    1.082374e-02    2.976074e-02    6.828802e-02    9.887857e-02    1.236583e-01    1.318414e-01    1.210489e-01    1.014755e-01    7.264327e-02    5.749519e-02    5.312946e-02    4.772375e-02    3.682997e-02
99        9.738664e-01    7.402752e+15    4.392658e-02    7.290024e-02    1.026641e-02    2.832747e-02    6.524798e-02    9.423070e-02    1.175857e-01    1.251496e-01    1.148166e-01    9.621916e-02    6.887054e-02    5.450774e-02    5.036858e-02    4.524353e-02    3.491572e-02
100       9.813692e-01    7.471872e+15    4.278602e-02    7.105293e-02    9.965396e-03    2.755315e-02    6.360904e-02    9.172897e-02    1.143205e-01    1.215556e-01    1.114712e-01    9.339848e-02    6.684634e-02    5.290492e-02    4.888733e-02    4.391288e-02    3.388871e-02
101       9.888321e-01    7.520256e+15    4.173481e-02    6.935264e-02    9.687914e-03    2.683924e-02    6.209997e-02    8.942788e-02    1.113190e-01    1.182545e-01    1.083994e-01    9.080906e-02    6.498830e-02    5.143370e-02    4.752770e-02    4.269148e-02    3.294605e-02
102       9.965635e-01    7.589376e+15    4.070349e-02    6.768560e-02    9.415655e-03    2.613871e-02    6.062015e-02    8.717250e-02    1.083782e-01    1.150211e-01    1.053911e-01    8.827348e-02    6.316898e-02    4.999316e-02    4.619642e-02    4.149556e-02    3.202304e-02
103       1.004756e+00    7.644672e+15    3.964991e-02    6.598349e-02    9.137499e-03    2.542296e-02    5.910896e-02    8.487028e-02    1.053770e-01    1.117224e-01    1.023226e-01    8.568727e-02    6.131342e-02    4.852394e-02    4.483864e-02    4.027582e-02    3.108166e-02
104       1.013115e+00    7.720704e+15    3.854982e-02    6.420725e-02    8.847043e-03    2.467549e-02    5.753172e-02    8.246848e-02    1.022470e-01    1.082831e-01    9.912364e-02    8.299142e-02    5.937928e-02    4.699251e-02    4.342337e-02    3.900445e-02    3.010043e-02
105       1.021507e+00    7.782912e+15    3.744503e-02    6.242417e-02    8.555328e-03    2.392476e-02    5.594822e-02    8.005792e-02    9.910609e-02    1.048327e-01    9.591479e-02    8.028739e-02    5.743933e-02    4.545649e-02    4.200387e-02    3.772928e-02    2.911627e-02
106       1.030064e+00    7.858944e+15    3.635406e-02    6.066414e-02    8.267244e-03    2.318332e-02    5.438500e-02    7.767904e-02    9.600716e-02    1.014293e-01    9.274989e-02    7.762058e-02    5.552616e-02    4.394169e-02    4.060397e-02    3.647172e-02    2.814570e-02
107       1.038422e+00    7.928064e+15    3.526009e-02    5.889997e-02    7.978356e-03    2.243978e-02    5.281794e-02    7.529501e-02    9.290211e-02    9.801981e-02    8.957974e-02    7.494949e-02    5.360998e-02    4.242451e-02    3.920188e-02    3.521219e-02    2.717361e-02
108       1.046840e+00    8.011008e+15    3.420949e-02    5.720651e-02    7.700899e-03    2.172561e-02    5.131349e-02    7.300707e-02    8.992291e-02    9.474941e-02    8.653925e-02    7.238786e-02    5.177238e-02    4.096957e-02    3.785730e-02    3.400433e-02    2.624141e-02
109       1.055287e+00    8.087040e+15    3.316935e-02    5.553107e-02    7.426181e-03    2.101844e-02    4.982476e-02    7.074423e-02    8.697737e-02    9.151717e-02    8.353478e-02    6.985684e-02    4.995685e-02    3.953211e-02    3.652888e-02    3.281099e-02    2.532041e-02
110       1.063788e+00    8.163072e+15    3.214283e-02    5.387929e-02    7.155027e-03    2.032034e-02    4.835664e-02    6.851452e-02    8.407647e-02    8.833583e-02    8.057842e-02    6.736676e-02    4.817084e-02    3.811805e-02    3.522209e-02    3.163708e-02    2.441442e-02
111       1.072765e+00    8.252928e+15    3.112641e-02    5.224493e-02    6.886580e-03    1.962903e-02    4.690365e-02    6.630942e-02    8.120898e-02    8.519273e-02    7.765829e-02    6.490753e-02    4.640708e-02    3.672162e-02    3.393160e-02    3.047782e-02    2.351973e-02
112       1.081702e+00    8.335872e+15    3.007298e-02    5.055103e-02    6.608587e-03    1.891279e-02    4.539756e-02    6.402498e-02    7.823954e-02    8.193895e-02    7.463577e-02    6.236226e-02    4.458166e-02    3.527639e-02    3.259601e-02    2.927805e-02    2.259377e-02
113       1.090993e+00    8.425728e+15    2.904029e-02    4.888763e-02    6.337814e-03    1.821267e-02    4.391799e-02    6.178715e-02    7.533725e-02    7.876377e-02    7.168821e-02    5.988075e-02    4.280217e-02    3.386754e-02    3.129405e-02    2.810849e-02    2.169114e-02
114       1.099793e+00    8.522496e+15    2.798507e-02    4.718616e-02    6.062212e-03    1.749852e-02    4.240418e-02    5.950146e-02    7.237695e-02    7.552822e-02    6.868582e-02    5.735349e-02    4.098998e-02    3.243283e-02    2.996819e-02    2.691746e-02    2.077194e-02
115       1.108856e+00    8.612352e+15    2.700410e-02    4.560273e-02    5.807013e-03    1.683578e-02    4.099506e-02    5.737750e-02    6.962991e-02    7.252866e-02    6.590355e-02    5.501189e-02    3.931104e-02    3.110362e-02    2.873983e-02    2.581402e-02    1.992034e-02
116       1.117776e+00    8.709120e+15    2.601002e-02    4.399537e-02    5.550082e-03    1.616613e-02    3.956407e-02    5.522666e-02    6.685441e-02    6.950286e-02    6.309883e-02    5.265201e-02    3.761917e-02    2.976420e-02    2.750204e-02    2.470212e-02    1.906222e-02
117       1.127102e+00    8.805888e+15    2.504646e-02    4.243434e-02    5.302868e-03    1.551916e-02    3.817370e-02    5.314349e-02    6.417313e-02    6.658503e-02    6.039626e-02    5.037878e-02    3.598961e-02    2.847415e-02    2.630988e-02    2.363121e-02    1.823572e-02
118       1.135905e+00    8.895744e+15    2.404923e-02    4.081297e-02    5.050516e-03    1.485362e-02    3.672842e-02    5.099067e-02    6.141536e-02    6.359410e-02    5.762996e-02    4.805325e-02    3.432296e-02    2.715478e-02    2.509064e-02    2.253598e-02    1.739047e-02
119       1.142626e+00    8.978688e+15    2.311517e-02    3.928832e-02    4.817768e-03    1.423442e-02    3.536814e-02    4.897746e-02    5.885009e-02    6.082247e-02    5.507064e-02    4.590311e-02    3.278241e-02    2.593529e-02    2.396371e-02    2.152368e-02    1.660923e-02
120       1.149251e+00    9.040896e+15    2.240368e-02    3.812123e-02    4.643949e-03    1.376678e-02    3.432570e-02    4.744706e-02    5.691312e-02    5.873987e-02    5.315160e-02    4.429220e-02    3.162861e-02    2.502201e-02    2.311975e-02    2.076558e-02    1.602417e-02
121       1.155793e+00    9.103104e+15    2.169697e-02    3.695426e-02    4.475970e-03    1.330768e-02    3.328182e-02    4.593114e-02    5.501217e-02    5.670980e-02    5.128645e-02    4.272837e-02    3.050906e-02    2.413591e-02    2.230094e-02    2.003007e-02    1.545656e-02
122       1.162289e+00    9.165312e+15    2.097704e-02    3.575108e-02    4.313539e-03    1.285003e-02    3.220267e-02    4.439463e-02    5.311837e-02    5.471339e-02    4.946264e-02    4.120269e-02    2.941785e-02    2.327238e-02    2.150301e-02    1.931335e-02    1.490346e-02
123       1.168905e+00    9.227520e+15    2.024677e-02    3.451967e-02    4.155398e-03    1.239347e-02    3.109604e-02    4.284198e-02    5.122995e-02    5.274291e-02    4.767074e-02    3.970645e-02    2.834851e-02    2.242628e-02    2.072121e-02    1.861114e-02    1.436157e-02
124       1.175488e+00    9.275904e+15    1.950801e-02    3.327193e-02    3.996645e-03    1.193302e-02    2.997434e-02    4.127240e-02    4.932562e-02    5.075964e-02    4.586878e-02    3.820234e-02    2.727370e-02    2.157587e-02    1.993543e-02    1.790535e-02    1.381693e-02
125       1.182080e+00    9.331200e+15    1.877883e-02    3.203911e-02    3.840699e-03    1.147940e-02    2.886580e-02    3.972382e-02    4.744965e-02    4.880825e-02    4.409674e-02    3.672353e-02    2.621706e-02    2.073986e-02    1.916295e-02    1.721152e-02    1.328151e-02
126       1.188603e+00    9.393408e+15    1.805476e-02    3.081408e-02    3.686364e-03    1.102956e-02    2.776410e-02    3.818656e-02    4.558938e-02    4.687482e-02    4.234167e-02    3.525911e-02    2.517078e-02    1.991204e-02    1.839805e-02    1.652449e-02    1.275134e-02
127       1.195201e+00    9.441792e+15    1.734602e-02    2.961450e-02    3.535597e-03    1.058959e-02    2.668520e-02    3.668213e-02    4.376998e-02    4.498480e-02    4.062639e-02    3.382802e-02    2.414834e-02    1.910310e-02    1.765059e-02    1.585314e-02    1.223326e-02
128       1.201248e+00    9.497088e+15    1.663657e-02    2.841336e-02    3.384894e-03    1.014943e-02    2.560482e-02    3.517638e-02    4.194981e-02    4.309465e-02    3.891129e-02    3.239717e-02    2.312610e-02    1.829432e-02    1.690329e-02    1.518191e-02    1.171529e-02
129       1.207538e+00    9.552384e+15    1.599279e-02    2.732308e-02    3.248325e-03    9.750227e-03    2.462409e-02    3.381016e-02    4.029902e-02    4.138098e-02    3.735655e-02    3.110019e-02    2.219953e-02    1.756124e-02    1.622592e-02    1.457351e-02    1.124580e-02
130       1.215021e+00    9.607680e+15    1.532995e-02    2.620016e-02    3.107938e-03    9.339463e-03    2.361394e-02    3.240370e-02    3.860046e-02    3.961843e-02    3.575776e-02    2.976655e-02    2.124680e-02    1.680746e-02    1.552943e-02    1.394793e-02    1.076306e-02
131       1.221374e+00    9.669888e+15    1.454982e-02    2.487826e-02    2.942878e-03    8.856211e-03    2.242473e-02    3.074852e-02    3.660218e-02    3.754540e-02    3.387754e-02    2.819825e-02    2.012645e-02    1.592106e-02    1.471041e-02    1.321230e-02    1.019538e-02
132       1.227920e+00    9.725184e+15    1.389537e-02    2.376926e-02    2.804450e-03    8.450858e-03    2.142703e-02    2.936003e-02    3.492603e-02    3.580667e-02    3.230059e-02    2.688291e-02    1.918682e-02    1.517765e-02    1.402351e-02    1.259533e-02    9.719279e-03
133       1.234360e+00    9.787392e+15    1.322872e-02    2.263938e-02    2.663561e-03    8.038088e-03    2.041052e-02    2.794577e-02    3.321922e-02    3.403651e-02    3.069529e-02    2.554398e-02    1.823034e-02    1.442092e-02    1.332429e-02    1.196730e-02    9.234645e-03
134       1.240786e+00    9.849600e+15    1.258022e-02    2.154004e-02    2.526638e-03    7.636703e-03    1.942144e-02    2.657012e-02    3.155951e-02    3.231561e-02    2.913483e-02    2.424251e-02    1.730065e-02    1.368537e-02    1.264465e-02    1.135686e-02    8.763580e-03
135       1.248512e+00    9.918720e+15    1.194055e-02    2.045539e-02    2.391765e-03    7.241002e-03    1.844551e-02    2.521338e-02    2.992333e-02    3.061969e-02    2.759726e-02    2.296021e-02    1.638467e-02    1.296068e-02    1.197504e-02    1.075543e-02    8.299469e-03
136       1.256142e+00    1.000166e+16    1.118021e-02    1.916553e-02    2.231793e-03    6.771049e-03    1.728484e-02    2.360099e-02    2.798017e-02    2.860667e-02    2.577265e-02    2.143867e-02    1.529784e-02    1.210082e-02    1.118055e-02    1.004183e-02    7.748799e-03
137       1.263949e+00    1.008461e+16    1.043930e-02    1.790801e-02    2.076289e-03    6.313545e-03    1.615314e-02    2.203015e-02    2.608854e-02    2.664822e-02    2.399799e-02    1.995896e-02    1.424094e-02    1.126466e-02    1.040794e-02    9.347886e-03    7.213301e-03
138       1.271926e+00    1.016064e+16    9.690887e-03    1.663661e-02    1.919901e-03    5.852206e-03    1.500873e-02    2.044402e-02    2.418115e-02    2.467563e-02    2.221142e-02    1.846962e-02    1.317726e-02    1.042313e-02    9.630387e-03    8.649501e-03    6.674376e-03
139       1.279715e+00    1.021594e+16    8.932955e-03    1.534697e-02    1.762774e-03    5.386444e-03    1.384750e-02    1.883884e-02    2.225565e-02    2.268827e-02    2.041310e-02    1.697104e-02    1.210713e-02    9.576533e-03    8.848151e-03    7.946917e-03    6.132212e-03
140       1.287286e+00    1.027123e+16    8.191946e-03    1.408189e-02    1.611724e-03    4.934051e-03    1.270755e-02    1.727179e-02    2.038576e-02    2.076645e-02    1.867746e-02    1.552584e-02    1.107546e-02    8.760407e-03    8.094080e-03    7.269636e-03    5.609581e-03
141       1.295097e+00    1.034035e+16    7.457822e-03    1.281993e-02    1.467288e-03    4.491883e-03    1.156876e-02    1.572398e-02    1.855888e-02    1.890545e-02    1.700367e-02    1.413448e-02    1.008293e-02    7.975337e-03    7.368723e-03    6.618163e-03    5.106874e-03
142       1.303236e+00    1.040947e+16    6.709528e-03    1.153362e-02    1.320065e-03    4.041182e-03    1.040799e-02    1.414628e-02    1.669674e-02    1.700854e-02    1.529758e-02    1.271627e-02    9.071238e-03    7.175117e-03    6.629369e-03    5.954117e-03    4.594467e-03
143       1.311025e+00    1.049242e+16    5.940118e-03    1.021101e-02    1.168688e-03    3.577763e-03    9.214461e-03    1.252407e-02    1.478206e-02    1.505810e-02    1.354334e-02    1.125804e-02    8.031001e-03    6.352316e-03    5.869151e-03    5.271334e-03    4.067600e-03
144       1.319609e+00    1.055462e+16    5.214522e-03    8.963720e-03    1.025930e-03    3.140732e-03    8.088898e-03    1.099423e-02    1.297640e-02    1.321872e-02    1.188900e-02    9.882850e-03    7.049999e-03    5.576369e-03    5.152223e-03    4.627430e-03    3.570735e-03
145       1.327825e+00    1.065139e+16    4.425809e-03    7.607928e-03    8.707550e-04    2.665686e-03    6.865426e-03    9.331318e-03    1.101368e-02    1.121935e-02    1.009075e-02    8.388037e-03    5.983664e-03    4.732925e-03    4.372933e-03    3.927517e-03    3.030650e-03
146       1.336138e+00    1.076198e+16    3.682243e-03    6.329744e-03    7.244622e-04    2.217833e-03    5.711988e-03    7.763593e-03    9.163307e-03    9.334421e-03    8.395433e-03    6.978790e-03    4.978368e-03    3.937761e-03    3.638251e-03    3.267667e-03    2.521480e-03
147       1.344126e+00    1.090714e+16    2.944387e-03    5.061377e-03    5.792929e-04    1.773419e-03    4.567407e-03    6.207907e-03    7.327144e-03    7.463970e-03    6.713138e-03    5.580365e-03    3.980792e-03    3.148704e-03    2.909210e-03    2.612885e-03    2.016220e-03
148       1.352329e+00    1.134950e+16    2.252025e-03    3.871213e-03    4.430743e-04    1.356406e-03    3.493399e-03    4.748141e-03    5.604193e-03    5.708845e-03    5.134568e-03    4.268163e-03    3.044723e-03    2.408298e-03    2.225120e-03    1.998475e-03    1.542114e-03
149       1.356488e+00    1.175040e+16    1.578144e-03    2.712816e-03    3.104916e-04    9.505238e-04    2.448057e-03    3.327338e-03    3.927231e-03    4.000567e-03    3.598134e-03    2.990986e-03    2.133640e-03    1.687655e-03    1.559290e-03    1.400464e-03    1.080662e-03
150       1.360493e+00    1.219968e+16    1.260944e-03    2.167552e-03    2.480842e-04    7.594728e-04    1.956008e-03    2.658558e-03    3.137875e-03    3.196471e-03    2.874925e-03    2.389811e-03    1.704788e-03    1.348444e-03    1.245879e-03    1.118977e-03    8.634534e-04
151       1.364838e+00    1.255219e+16    9.767628e-04    1.679047e-03    1.921730e-04    5.883090e-04    1.515179e-03    2.059394e-03    2.430686e-03    2.476077e-03    2.226998e-03    1.851215e-03    1.320577e-03    1.044542e-03    9.650933e-04    8.667912e-04    6.688554e-04
152       1.366924e+00    1.305677e+16    6.881993e-04    1.183009e-03    1.353997e-04    4.145058e-04    1.067552e-03    1.450990e-03    1.712593e-03    1.744573e-03    1.569079e-03    1.304313e-03    9.304409e-04    7.359549e-04    6.799773e-04    6.107165e-04    4.712565e-04
153       1.368937e+00    1.325722e+16    5.587025e-04    9.604050e-04    1.099218e-04    3.365093e-04    8.666735e-04    1.177961e-03    1.390338e-03    1.416301e-03    1.273830e-03    1.058884e-03    7.553622e-04    5.974721e-04    5.520277e-04    4.957995e-04    3.825813e-04
154       1.370395e+00    1.356826e+16    4.404069e-04    7.570559e-04    8.664779e-05    2.652593e-04    6.831704e-04    9.285483e-04    1.095958e-03    1.116424e-03    1.004118e-03    8.346836e-04    5.954273e-04    4.709677e-04    4.351454e-04    3.908225e-04    3.015763e-04
155       1.372036e+00    1.376179e+16    3.579363e-04    6.152895e-04    7.042211e-05    2.155868e-04    5.552398e-04    7.546682e-04    8.907289e-04    9.073622e-04    8.160869e-04    6.783806e-04    4.839275e-04    3.827742e-04    3.536600e-04    3.176370e-04    2.451031e-04
156       1.373266e+00    1.407283e+16    2.685267e-04    4.615951e-04    5.283123e-05    1.617349e-04    4.165454e-04    5.661581e-04    6.682320e-04    6.807105e-04    6.122349e-04    5.089266e-04    3.630463e-04    2.871603e-04    2.653186e-04    2.382939e-04    1.838783e-04
157       1.374388e+00    1.427328e+16    2.039447e-04    3.505793e-04    4.012507e-05    1.228369e-04    3.163642e-04    4.299944e-04    5.075190e-04    5.169963e-04    4.649895e-04    3.865273e-04    2.757319e-04    2.180969e-04    2.015082e-04    1.809830e-04    1.396547e-04
158       1.375159e+00    1.450138e+16    1.471009e-04    2.528652e-04    2.894134e-05    8.859960e-05    2.281866e-04    3.101456e-04    3.660625e-04    3.728983e-04    3.353869e-04    2.787938e-04    1.988795e-04    1.573086e-04    1.453435e-04    1.305391e-04    1.007299e-04
159       1.375758e+00    1.466035e+16    1.092049e-04    1.877223e-04    2.148549e-05    6.577463e-05    1.694014e-04    2.302461e-04    2.717577e-04    2.768325e-04    2.489847e-04    2.069711e-04    1.476443e-04    1.167828e-04    1.079002e-04    9.690974e-05    7.477994e-05
160       1.376174e+00    1.481242e+16    8.053224e-05    1.384342e-04    1.584430e-05    4.850496e-05    1.249236e-04    1.697931e-04    2.004055e-04    2.041478e-04    1.836117e-04    1.526292e-04    1.088791e-04    8.612054e-05    7.957011e-05    7.146529e-05    5.514586e-05
161       1.376652e+00    1.495757e+16    6.103993e-05    1.049271e-04    1.200929e-05    3.676465e-05    9.468668e-05    1.286958e-04    1.518986e-04    1.547352e-04    1.391697e-04    1.156863e-04    8.252559e-05    6.527562e-05    6.031068e-05    5.416758e-05    4.179816e-05
162       1.376886e+00    1.508198e+16    3.909661e-05    6.720675e-05    7.692056e-06    2.354808e-05    6.064765e-05    8.243078e-05    9.729240e-05    9.910923e-05    8.913941e-05    7.409806e-05    5.285836e-05    4.180961e-05    3.862952e-05    3.469481e-05    2.677209e-05
163       1.377103e+00    1.519949e+16    2.852010e-05    4.902582e-05    5.611183e-06    1.717780e-05    4.424111e-05    6.013142e-05    7.097264e-05    7.229797e-05    6.502522e-05    5.405288e-05    3.855899e-05    3.049918e-05    2.817937e-05    2.530909e-05    1.952964e-05
164       1.377229e+00    1.529626e+16    1.890290e-05    3.249393e-05    3.719048e-06    1.138531e-05    2.932266e-05    3.985463e-05    4.704011e-05    4.791853e-05    4.309820e-05    3.582583e-05    2.555660e-05    2.021462e-05    1.867707e-05    1.677467e-05    1.294409e-05
165       1.377326e+00    1.537920e+16    1.337501e-05    2.299152e-05    2.631463e-06    8.055832e-06    2.074765e-05    2.819969e-05    3.328387e-05    3.390541e-05    3.049472e-05    2.534905e-05    1.808292e-05    1.430313e-05    1.321521e-05    1.186914e-05    9.158769e-06
166       1.377400e+00    1.547597e+16    9.200344e-06    1.581531e-05    1.810120e-06    5.541412e-06    1.427181e-05    1.939789e-05    2.289517e-05    2.332271e-05    2.097658e-05    1.743700e-05    1.243880e-05    9.838776e-06    9.090427e-06    8.164498e-06    6.300096e-06
167       1.377428e+00    1.553818e+16    6.029180e-06    1.036411e-05    1.186210e-06    3.631405e-06    9.352617e-06    1.271185e-05    1.500369e-05    1.528387e-05    1.374640e-05    1.142684e-05    8.151412e-06    6.447558e-06    5.957149e-06    5.350369e-06    4.128587e-06
168       1.377463e+00    1.558656e+16    4.832319e-06    8.306717e-06    9.507338e-07    2.910530e-06    7.496016e-06    1.018840e-05    1.202529e-05    1.224985e-05    1.101758e-05    9.158479e-06    6.533264e-06    5.167644e-06    4.774587e-06    4.288259e-06    3.309015e-06
169       1.377489e+00    1.565568e+16    3.360813e-06    5.777210e-06    6.612227e-07    2.024235e-06    5.213379e-06    7.085896e-06    8.363426e-06    8.519604e-06    7.662581e-06    6.369600e-06    4.543798e-06    3.594028e-06    3.320662e-06    2.982427e-06    2.301376e-06
170       1.377507e+00    1.571098e+16    2.296400e-06    3.947492e-06    4.518047e-07    1.383133e-06    3.562233e-06    4.841699e-06    5.714619e-06    5.821333e-06    5.235741e-06    4.352264e-06    3.104717e-06    2.455752e-06    2.268964e-06    2.037853e-06    1.572500e-06
171       1.377519e+00    1.577318e+16    1.542710e-06    2.651905e-06    3.035202e-07    9.291817e-07    2.393090e-06    3.252629e-06    3.839053e-06    3.910743e-06    3.517345e-06    2.923829e-06    2.085733e-06    1.649762e-06    1.524279e-06    1.369020e-06    1.056397e-06
172       1.377529e+00    1.586995e+16    1.058715e-06    1.819923e-06    2.082968e-07    6.376695e-07    1.642306e-06    2.232182e-06    2.634627e-06    2.683825e-06    2.413848e-06    2.006536e-06    1.431376e-06    1.132182e-06    1.046067e-06    9.395171e-07    7.249739e-07
173       1.377535e+00    1.592525e+16    6.395299e-07    1.099347e-06    1.258242e-07    3.851920e-07    9.920549e-07    1.348376e-06    1.591478e-06    1.621197e-06    1.458114e-06    1.212072e-06    8.646402e-07    6.839082e-07    6.318894e-07    5.675266e-07    4.379293e-07
174       1.377539e+00    1.603584e+16    4.192364e-07    7.206638e-07    8.248259e-08    2.525081e-07    6.503300e-07    8.839125e-07    1.043275e-06    1.062757e-06    9.558498e-07    7.945600e-07    5.668048e-07    4.483281e-07    4.142277e-07    3.720355e-07    2.870794e-07
175       1.377542e+00    1.614643e+16    2.536149e-07    4.359620e-07    4.989743e-08    1.527535e-07    3.934139e-07    5.347184e-07    6.311239e-07    6.429095e-07    5.782365e-07    4.806651e-07    3.428857e-07    2.712138e-07    2.505850e-07    2.250610e-07    1.736673e-07
176       1.377545e+00    1.671322e+16    1.205485e-07    2.072219e-07    2.371730e-08    7.260697e-08    1.869979e-07    2.541629e-07    2.999865e-07    3.055884e-07    2.748480e-07    2.284702e-07    1.629808e-07    1.289136e-07    1.191083e-07    1.069762e-07    8.254771e-08
